0
1
4
5
14
15
16
25
33
36
37
38
39
40
41
43
44
46
47
51
53
55
56
59
60
66
68
70
71
79
82
83
84
86
91
94
97
99
5
7
10
16
21
26
27
28
29
30
31
38
44
57
58
59
65
66
74
85
86
87
96
99
2
8
19
21
26
31
33
37
38
42
46
47
48
49
56
58
61
66
67
78
79
82
84
86
88
89
95
0
1
2
4
6
8
9
14
18
19
21
23
24
26
27
29
30
32
35
43
47
49
57
59
60
63
64
72
77
82
84
87
90
95
96
3
5
14
15
18
26
28
31
33
34
37
38
39
40
41
42
43
50
53
55
60
61
62
66
72
85
88
90
93
95
98
3
7
8
9
15
17
19
22
30
33
41
42
45
56
57
58
60
63
71
72
76
77
79
89
90
93
94
95
3
4
5
9
10
12
16
20
22
28
30
32
46
50
54
57
62
66
75
78
79
82
83
85
86
88
98
5
7
10
16
18
19
29
39
42
45
47
49
50
52
55
58
59
60
66
70
71
74
77
78
80
95
0
5
6
13
14
23
24
25
29
30
35
37
43
44
47
48
50
55
56
59
62
69
70
72
76
77
84
87
89
94
0
4
5
6
13
15
21
22
25
26
30
39
40
41
43
46
49
53
55
60
62
63
65
70
72
75
84
89
91
93
97
99
0
1
4
5
11
12
13
15
16
22
24
25
27
31
34
36
44
46
50
56
60
62
63
67
79
85
86
87
96
99
8
12
13
14
16
24
25
28
34
35
36
38
39
41
44
47
50
53
56
57
58
59
60
62
70
72
76
82
85
97
99
0
4
6
8
9
15
16
17
18
24
25
32
33
34
44
46
51
54
62
66
67
68
76
78
3
7
8
9
11
18
19
20
22
23
24
26
30
31
32
34
41
45
46
47
50
52
53
57
58
59
62
66
71
74
76
77
78
81
88
89
90
91
92
93
96
97
99
2
8
9
11
18
24
25
30
31
37
40
49
54
60
61
63
68
71
78
80
83
86
87
88
89
93
95
96
2
4
6
11
12
16
25
29
34
36
37
42
44
46
49
50
52
56
61
65
67
69
77
78
86
88
89
90
93
97
98
4
9
11
14
19
20
26
28
34
44
48
49
53
55
62
63
65
72
73
80
82
96
97
3
9
12
17
26
27
29
39
40
44
46
47
49
53
54
56
58
59
62
68
71
75
80
85
86
90
93
99
2
7
13
14
19
26
27
31
35
37
47
49
58
60
62
64
66
69
71
79
92
95
97
3
5
9
13
14
16
23
25
26
27
28
31
32
34
37
39
41
46
51
52
62
66
69
71
78
80
85
92
99
2
4
6
8
10
11
12
20
26
28
30
32
34
35
39
40
41
42
48
54
56
57
58
59
61
66
67
69
72
73
83
89
90
96
97
99
5
11
16
17
18
21
22
23
28
29
36
37
39
40
41
44
45
46
51
52
53
55
56
59
63
70
78
84
87
91
94
95
97
2
5
10
16
18
19
26
33
35
36
37
40
43
45
47
51
54
58
59
61
62
65
70
75
77
80
81
82
83
88
92
93
96
97
3
5
8
11
12
13
16
18
19
22
25
34
38
44
49
56
58
59
61
63
65
66
69
72
73
75
80
81
84
87
90
91
92
96
99
0
1
3
6
8
12
17
19
22
25
26
27
28
32
33
37
40
41
46
48
50
52
53
58
63
64
65
66
67
71
73
77
80
84
88
92
97
3
4
5
7
13
15
21
23
25
26
33
38
44
46
51
59
68
70
72
80
85
86
88
90
98
10
11
18
23
29
30
37
39
43
47
49
51
52
57
60
61
62
64
65
68
70
71
74
76
77
83
87
93
1
5
9
10
12
13
16
18
29
30
32
34
36
37
39
41
51
53
54
55
56
57
59
60
62
71
80
84
85
88
90
93
8
16
18
31
32
36
38
46
50
54
56
58
70
75
78
80
81
86
87
88
90
95
97
99
0
7
17
20
22
23
27
28
31
33
34
39
45
48
50
53
55
61
62
72
73
75
79
81
82
84
85
88
90
95
98
99
0
6
8
9
15
29
31
33
35
36
37
38
43
44
45
51
55
58
61
63
75
78
79
82
85
90
91
92
95
96
97
98
4
6
7
14
15
27
29
30
35
37
38
39
43
47
51
52
54
61
62
68
69
76
78
82
90
92
93
95
96
99
1
6
18
20
22
23
27
28
29
32
34
36
39
41
46
47
55
59
64
67
68
70
73
75
77
81
82
83
91
92
94
99
0
3
5
6
7
9
10
14
15
18
19
22
27
32
33
35
41
44
55
56
61
64
65
71
75
76
79
80
85
87
90
93
99
4
9
12
18
24
25
27
28
29
31
36
37
38
40
45
46
48
49
51
52
56
57
61
68
70
75
84
86
89
93
96
99
1
5
7
9
12
14
15
18
19
23
34
37
39
40
41
42
48
49
50
51
56
58
59
64
67
71
72
73
74
75
77
80
86
87
91
92
2
4
5
6
7
10
18
24
25
26
29
31
34
37
38
48
55
56
66
67
71
73
74
78
84
97
98
4
6
7
9
10
13
20
33
34
40
47
57
59
62
64
66
68
69
72
76
78
81
82
83
86
91
0
3
4
6
11
13
14
15
18
22
30
34
39
43
52
54
55
87
88
90
91
1
5
7
11
15
16
22
29
32
35
36
37
40
41
48
49
54
56
60
62
70
71
73
75
80
84
91
96
98
0
1
4
9
15
19
20
22
23
26
33
38
46
50
51
53
55
58
60
62
68
71
73
75
77
81
82
86
90
92
93
95
96
97
98
2
3
15
20
29
32
33
34
36
42
44
47
50
54
56
60
61
62
64
68
69
71
76
79
84
85
88
99
0
1
3
4
7
12
13
14
17
19
22
24
25
32
34
42
43
46
55
57
58
63
66
67
68
69
73
74
83
84
85
89
92
93
95
2
4
5
12
14
18
21
24
29
33
41
45
46
51
53
54
55
59
61
63
66
68
73
78
80
82
84
86
87
92
97
1
6
15
21
22
23
24
25
29
38
45
49
50
51
52
54
61
62
63
69
70
73
75
79
81
82
88
89
91
97
1
3
6
10
14
17
19
20
27
29
31
42
43
48
53
55
58
65
69
72
74
77
79
83
99
7
10
12
13
15
16
19
20
24
31
32
37
39
40
44
47
52
58
61
64
69
72
73
74
76
80
82
83
86
87
88
92
93
4
9
10
11
15
16
21
22
23
24
28
30
41
45
54
56
58
61
64
68
72
76
83
90
91
93
95
98
1
2
3
5
6
7
9
11
12
13
16
20
28
30
32
49
50
55
57
61
68
71
72
75
76
77
78
79
88
90
95
97
2
7
8
14
15
20
21
23
28
29
32
34
38
39
40
42
44
45
48
49
51
52
60
63
64
70
74
77
83
86
90
92
94
95
2
6
15
17
20
21
23
27
28
31
32
33
51
55
57
62
63
66
67
68
70
71
72
81
86
90
91
99
0
7
8
10
29
31
32
33
34
41
46
51
60
61
63
68
74
77
81
83
88
99
3
4
6
8
11
12
13
14
16
24
28
30
33
36
46
49
50
57
59
66
67
72
74
75
76
91
96
3
7
9
11
12
16
19
21
23
29
31
32
35
39
42
43
47
48
51
55
58
59
60
62
64
65
66
71
74
76
80
84
85
87
88
92
93
3
8
10
14
16
20
21
27
31
39
40
42
44
47
48
49
51
52
60
62
63
68
70
71
72
73
78
79
81
82
87
90
93
9
12
13
18
22
25
29
31
32
33
36
37
40
42
43
49
52
55
57
58
59
61
62
65
70
73
75
77
82
86
90
93
94
4
6
8
13
23
25
34
38
44
45
46
47
48
51
53
61
62
63
67
70
77
80
81
89
93
96
2
4
6
7
10
11
17
18
19
20
21
22
23
28
32
33
37
38
40
41
46
50
52
56
57
58
61
64
67
72
73
75
79
84
87
92
95
97
1
2
5
8
10
12
14
21
23
24
25
32
36
39
41
45
46
51
53
54
55
59
61
66
67
70
72
79
81
82
88
89
93
1
11
13
18
19
20
29
30
32
33
41
42
45
57
58
63
64
70
78
80
88
91
92
94
4
11
13
16
32
34
35
37
38
43
44
48
54
57
63
64
67
77
79
81
88
91
96
1
3
11
12
20
21
23
24
25
26
28
33
38
39
40
45
47
49
51
53
54
58
62
63
64
72
83
84
87
89
91
95
97
98
1
4
6
10
11
12
17
19
25
27
29
33
36
37
43
45
48
49
50
55
63
76
77
84
87
90
98
1
6
8
10
12
19
23
30
31
33
38
50
57
58
64
66
67
73
78
86
89
90
95
98
99
1
3
7
12
13
15
17
18
20
22
23
25
27
29
32
38
40
42
47
48
50
67
68
70
73
79
82
83
97
99
12
15
22
27
30
32
33
36
39
44
51
56
59
60
65
67
68
70
75
77
79
82
83
87
92
93
0
5
6
8
12
14
15
17
18
22
24
28
34
38
41
42
48
49
50
51
55
58
61
65
66
67
73
76
77
78
85
88
91
92
94
98
99
4
7
9
10
14
17
20
21
31
33
38
39
43
45
46
48
49
52
53
59
60
67
73
74
78
79
80
81
83
87
92
94
95
97
99
4
17
24
29
31
32
37
43
46
49
54
55
60
62
65
67
68
70
75
76
78
81
85
86
90
92
93
95
98
99
1
3
9
10
13
20
21
22
24
35
38
41
43
47
50
51
53
54
55
60
61
62
68
69
72
80
86
87
90
95
99
2
3
5
10
12
19
25
26
30
33
47
50
54
55
56
59
65
69
73
82
87
93
94
97
98
10
11
18
20
22
24
26
27
30
31
32
38
49
50
60
64
65
66
67
68
69
70
73
74
81
85
88
95
96
3
4
9
17
21
23
25
29
30
31
32
33
49
52
54
55
58
61
62
68
71
73
75
77
78
84
91
93
94
0
8
11
14
17
18
19
29
32
33
38
40
42
46
49
50
55
57
59
60
65
67
73
86
90
96
97
0
3
5
13
18
19
20
21
23
28
30
35
46
48
51
52
55
56
58
59
62
64
65
67
70
76
79
82
83
84
85
91
93
95
97
98
2
6
7
26
30
35
37
39
42
45
46
47
49
59
60
69
71
74
78
79
80
86
90
99
0
4
11
12
21
26
29
32
45
46
49
58
61
71
72
75
78
83
84
92
94
5
12
21
26
31
32
39
40
41
45
46
53
54
56
61
67
68
72
75
81
82
88
91
94
98
99
1
8
12
14
15
21
22
23
25
27
32
33
36
40
49
50
54
57
58
61
62
69
79
80
81
86
89
99
4
7
8
15
16
23
29
32
33
35
39
45
51
61
62
68
76
78
82
86
96
0
2
7
12
15
19
22
23
34
35
36
45
46
49
50
51
53
54
55
57
60
66
69
70
73
79
82
83
84
92
94
97
99
2
7
18
20
24
26
28
29
32
37
38
44
45
50
52
56
57
58
62
63
68
75
80
82
84
87
88
89
91
92
94
4
9
11
12
13
14
15
23
27
29
39
40
43
45
49
51
54
56
58
62
63
64
71
75
82
87
89
91
92
93
97
2
4
5
7
8
11
12
13
15
17
20
22
27
29
31
33
35
40
44
48
55
57
67
72
74
77
87
90
92
93
96
98
99
2
9
11
13
18
19
20
25
26
28
32
33
34
35
38
39
40
44
45
48
50
53
54
56
60
61
69
70
73
74
81
83
90
93
94
95
96
99
3
9
17
21
22
23
26
30
35
39
49
55
56
61
62
66
73
74
86
91
92
97
5
12
13
16
18
41
42
43
47
49
52
54
62
63
64
66
67
68
72
76
82
84
97
99
8
11
20
22
33
35
37
38
39
41
45
51
56
60
65
66
73
81
88
90
91
92
94
96
97
98
1
2
15
22
25
29
30
32
39
41
46
47
53
55
68
75
76
81
87
90
93
94
0
3
6
8
11
12
13
16
23
25
30
35
40
49
55
62
63
66
71
78
79
81
83
84
86
93
96
98
1
4
5
8
15
16
17
19
20
22
23
27
28
29
31
33
38
47
48
53
54
59
60
61
63
64
71
84
90
92
97
1
2
6
13
16
17
30
31
33
34
35
36
38
40
41
47
49
50
53
56
59
60
61
62
68
71
72
75
76
77
78
81
85
86
87
94
95
3
4
6
7
10
11
13
21
27
29
30
31
32
35
36
39
41
44
49
53
58
60
65
68
73
81
85
87
89
92
94
95
0
6
8
21
24
27
29
31
33
34
35
41
45
46
62
63
67
70
75
77
78
80
86
87
88
89
90
94
0
1
3
4
16
17
18
24
28
37
40
46
49
52
55
58
64
68
78
82
85
87
89
90
91
96
97
1
2
5
7
10
12
15
17
18
20
22
24
30
37
40
42
45
47
49
50
53
57
58
59
66
67
68
69
72
73
80
89
90
93
96
1
10
12
13
16
19
28
29
33
36
42
46
47
48
55
56
57
59
60
61
62
73
74
82
88
92
2
4
7
9
13
20
21
23
24
30
31
32
34
35
37
38
39
40
41
42
48
51
65
71
74
77
79
81
97
99
1
3
4
13
16
18
24
26
36
37
41
42
49
50
51
55
58
59
61
65
66
69
70
75
76
77
79
80
87
89
90
91
92
94
97
98
1
10
11
12
13
17
35
39
42
43
46
58
60
71
74
75
78
80
81
82
86
87
89
90
93
97
99
