214
116
237
254
35
41
97
106
114
153
214
212
98
95
95
249
242
204
156
70
149
207
152
65
165
131
16
103
168
224
59
196
161
251
12
25
4
124
175
205
79
27
14
151
206
24
160
213
253
33
51
209
251
213
67
105
2
124
194
21
119
210
60
221
135
85
188
45
30
108
122
0
207
60
189
211
0
164
133
116
5
185
79
17
5
208
166
180
171
233
68
47
79
220
237
133
12
229
207
238
214
155
210
34
79
221
149
87
167
15
10
213
172
55
93
218
178
33
217
101
163
56
7
34
151
228
86
186
19
231
170
93
235
19
132
234
121
221
172
72
206
20
96
18
66
124
93
0
186
98
226
194
1
92
239
235
53
66
60
78
180
134
14
233
150
170
70
214
74
141
147
175
108
20
252
230
50
229
7
89
201
218
228
247
126
225
187
88
146
159
69
145
84
105
198
141
167
40
235
89
160
144
248
180
188
132
84
235
112
119
223
59
143
63
164
11
148
254
199
235
215
200
241
217
120
155
18
240
71
235
232
93
222
194
235
152
240
165
75
232
171
67
72
58
0
250
115
77
12
239
102
221
52
140
27
176
141
36
49
196
8
162
0
154
107
15
94
152
174
155
63
207
51
60
8
147
19
36
89
14
50
113
100
114
156
223
106
36
4
44
188
201
106
241
233
173
29
160
25
193
76
128
123
222
231
89
235
229
85
187
106
64
82
27
155
205
25
183
253
108
4
96
63
151
242
171
235
19
242
100
104
150
103
216
179
49
216
122
45
81
119
159
228
52
237
250
21
56
161
9
228
173
6
70
7
77
0
115
137
78
191
154
126
82
73
201
59
146
185
35
140
85
224
66
235
135
40
170
205
76
70
51
80
234
145
80
82
237
25
121
200
125
149
77
245
150
244
199
151
36
155
210
160
229
41
219
108
162
146
46
78
250
85
12
114
233
70
9
231
244
156
196
81
15
178
203
44
250
24
224
207
22
190
68
219
190
60
144
219
120
91
168
178
51
3
227
178
140
126
183
136
133
216
46
228
202
47
56
191
185
2
85
109
180
188
121
134
87
66
185
190
92
210
145
226
9
56
144
194
208
100
200
144
199
46
72
45
215
203
127
24
170
190
173
155
136
55
31
205
175
6
179
79
46
1
64
239
118
229
41
0
106
115
197
93
25
18
221
40
23
231
207
151
122
177
186
118
156
193
45
46
121
119
243
218
58
26
9
91
164
43
182
97
229
226
100
101
203
0
22
0
230
229
45
101
91
167
228
157
1
130
41
32
52
123
152
114
19
44
111
79
17
50
75
227
151
21
57
233
232
248
188
139
90
75
60
11
6
40
97
80
77
135
153
228
22
181
24
178
48
86
138
154
106
184
101
156
114
230
124
159
97
33
19
51
40
231
13
229
168
201
117
54
57
247
208
46
2
201
169
27
248
191
33
18
33
134
253
95
248
105
29
34
24
110
232
232
221
24
216
107
252
184
119
88
44
16
29
6
113
193
217
104
238
232
28
35
144
0
83
195
117
227
174
144
65
42
59
211
21
89
234
107
35
83
135
156
4
146
98
183
99
25
16
224
157
78
34
61
168
102
209
152
153
220
91
38
158
43
22
4
129
137
22
209
165
251
188
122
123
244
0
144
18
26
92
199
56
166
253
123
25
238
121
180
131
167
32
150
59
183
124
215
189
141
85
86
123
33
237
49
164
234
172
141
249
63
115
190
240
33
227
254
58
185
117
38
96
218
66
16
152
221
92
0
70
144
39
2
223
30
48
204
44
204
46
0
94
191
203
247
90
33
70
53
0
209
124
29
219
245
218
60
164
249
173
215
223
118
225
24
17
133
141
89
219
165
3
184
251
211
8
128
94
18
24
158
142
8
213
63
119
174
25
188
113
214
192
157
108
232
203
117
162
231
129
249
220
166
149
104
245
73
0
104
123
56
154
189
74
112
221
236
164
44
12
57
214
175
93
226
17
157
183
56
61
57
113
183
191
231
15
130
11
62
76
8
180
57
4
244
31
228
172
234
74
90
136
20
59
82
163
163
91
5
84
108
232
17
53
176
206
167
248
244
89
167
77
69
247
164
236
156
23
149
178
61
71
162
228
133
185
79
93
192
219
8
207
235
130
35
98
150
191
66
33
126
122
224
4
116
68
14
124
82
95
50
67
194
38
58
221
67
146
36
0
119
95
45
183
23
232
31
121
16
248
105
153
73
194
245
237
219
4
217
209
245
56
247
213
83
134
41
24
19
37
171
35
219
106
248
100
38
240
62
106
86
167
97
50
153
57
130
10
25
94
209
30
131
84
162
155
168
73
17
6
104
54
150
241
144
221
105
37
84
23
59
241
29
250
216
110
227
113
223
34
1
95
107
32
236
164
156
29
89
74
131
117
106
140
180
249
79
98
217
249
242
74
213
28
194
127
14
172
81
57
238
106
206
157
47
41
171
157
111
72
207
247
73
1
179
111
223
75
196
70
202
21
222
247
138
53
202
216
166
227
51
137
121
30
251
217
83
19
112
128
116
161
230
72
222
26
250
2
122
203
10
184
110
236
156
201
195
191
133
160
69
71
205
163
176
101
48
60
47
211
9
187
64
2
56
119
4
133
124
174
176
111
89
251
45
221
154
0
85
172
59
97
49
193
56
75
47
47
66
74
100
153
29
121
197
247
113
107
234
191
146
69
76
110
105
81
33
213
28
130
52
217
106
85
102
205
241
72
244
80
40
192
1
114
107
111
73
116
153
69
227
77
78
79
166
76
249
173
3
30
54
228
142
14
112
30
7
137
92
250
172
95
122
67
162
7
158
209
120
155
56
216
90
240
254
201
140
102
210
92
84
103
183
6
253
38
69
128
18
16
92
249
28
155
151
234
249
115
208
203
165
226
215
132
250
152
173
52
83
171
77
30
184
239
197
122
249
98
121
162
171
107
51
245
118
126
81
39
30
89
172
79
91
238
181
15
247
209
2
92
168
97
127
196
69
24
24
65
168
205
77
130
152
169
146
90
28
195
65
93
195
230
44
157
57
246
70
116
101
72
179
126
233
241
123
119
240
88
53
130
83
135
0
80
160
178
132
30
95
236
162
109
131
177
213
84
162
62
162
145
8
132
3
105
21
234
215
231
205
46
205
212
11
169
102
252
244
146
33
123
59
128
230
235
125
18
136
210
45
170
188
35
242
251
194
58
230
66
179
1
103
129
240
69
13
98
42
142
185
74
16
142
39
165
229
175
78
155
245
145
12
140
193
249
194
203
207
180
51
65
181
224
132
136
94
90
57
31
108
45
40
71
92
33
241
192
91
16
85
114
30
212
76
3
52
62
105
30
58
52
32
9
124
61
122
2
215
61
140
159
165
27
109
45
30
249
192
9
117
76
27
240
6
39
109
43
74
16
72
244
234
83
84
199
105
38
214
58
55
47
1
123
232
171
79
43
37
247
89
63
174
86
21
216
103
202
188
250
58
3
200
105
120
28
142
176
198
137
205
235
34
59
91
144
114
67
74
78
230
160
26
82
157
161
5
116
193
157
239
23
97
83
131
10
23
164
169
177
197
65
37
124
18
169
89
133
132
17
203
226
189
215
6
70
34
210
46
65
168
14
140
165
90
80
65
55
200
108
59
59
220
40
32
91
124
200
198
167
221
9
114
244
148
99
173
111
140
199
17
234
155
72
39
46
9
176
111
250
7
35
12
219
192
11
156
67
70
155
82
253
253
164
223
100
94
168
181
101
32
190
222
207
18
129
186
110
11
10
233
115
230
182
79
82
151
116
60
94
56
46
240
236
109
142
121
41
201
208
62
51
9
124
170
7
248
142
225
45
149
132
69
3
165
254
90
227
32
123
228
3
216
198
199
211
5
123
161
112
0
250
221
27
100
38
232
244
21
152
166
19
195
224
88
164
94
28
151
149
1
88
208
179
96
247
78
222
173
110
160
141
22
124
101
151
59
117
100
155
220
131
218
164
193
218
117
91
102
54
15
94
178
79
122
29
40
5
62
21
139
79
234
73
249
234
157
157
177
92
165
131
126
174
111
157
74
8
212
58
131
183
215
196
192
33
128
163
232
12
247
153
152
25
67
253
206
69
204
194
113
182
253
87
173
0
116
112
143
242
87
120
172
194
137
53
136
25
166
98
160
179
31
53
184
69
251
45
170
250
101
118
127
150
37
42
229
154
52
161
169
171
243
195
79
238
150
215
143
45
208
182
100
153
93
108
14
44
210
18
97
118
49
124
213
176
133
10
135
128
118
174
190
240
157
235
227
0
196
136
141
181
89
22
21
214
232
127
99
90
151
223
157
194
205
149
156
15
104
68
221
205
115
222
205
124
214
60
135
62
153
159
76
153
124
254
242
221
134
209
73
207
42
117
119
202
246
250
155
111
151
163
41
153
214
184
169
162
240
183
197
200
235
90
45
172
45
115
141
85
194
226
22
35
67
249
245
39
160
179
55
82
24
88
100
216
233
224
38
47
185
163
70
63
37
74
33
165
54
24
165
65
53
233
115
201
123
135
237
210
185
224
70
212
33
79
94
112
249
76
223
206
100
178
186
60
208
70
92
39
0
27
94
72
211
183
124
185
253
137
80
195
54
28
98
217
112
86
187
73
131
118
204
56
118
111
144
179
124
219
110
93
71
241
15
102
60
87
20
55
73
226
111
4
220
40
224
12
113
63
51
191
102
94
222
34
51
112
140
144
18
57
58
216
193
133
167
178
111
141
79
35
206
197
129
72
25
188
15
108
201
186
129
246
33
132
159
52
115
122
130
137
245
62
209
79
12
118
231
100
44
3
59
210
183
5
247
46
93
109
56
224
165
71
154
89
243
147
144
104
128
205
171
166
5
139
127
173
152
80
46
190
254
57
219
196
124
71
214
74
100
19
24
92
76
241
148
52
67
233
121
135
128
207
151
85
122
74
70
53
188
175
82
185
98
161
197
156
231
21
146
234
61
99
105
55
98
63
121
201
250
230
186
97
147
17
186
0
138
219
190
168
88
182
137
61
0
57
114
144
154
86
77
92
210
94
61
143
71
143
181
36
149
84
151
38
168
206
74
139
233
116
148
20
184
40
104
11
95
132
89
23
73
65
144
136
225
83
193
195
224
127
224
252
57
58
188
135
254
116
137
239
241
64
249
112
166
212
50
89
10
166
99
21
125
108
132
17
81
142
208
210
0
132
237
0
41
125
146
233
170
115
50
108
221
235
232
209
93
152
222
156
155
100
137
242
13
95
224
223
214
243
87
174
239
126
152
146
93
144
198
139
206
86
9
52
42
233
191
117
120
233
47
126
39
138
124
240
235
233
231
149
233
22
1
153
164
203
12
114
64
39
169
190
25
110
34
28
150
198
85
204
139
176
193
32
0
71
45
78
57
81
1
204
114
211
210
226
203
48
129
237
44
203
168
88
215
15
18
75
182
187
173
164
210
231
246
150
23
38
32
205
26
173
254
107
185
236
244
27
129
51
91
51
32
149
175
174
248
47
251
50
162
121
82
159
88
42
26
214
111
121
232
6
214
253
114
188
114
63
108
113
87
145
52
50
91
45
107
116
78
115
13
198
213
167
187
91
211
45
91
36
164
44
1
64
187
189
44
89
218
40
207
88
227
171
252
247
124
232
203
74
215
236
143
103
77
172
222
125
221
138
79
57
247
81
75
71
115
39
173
231
32
242
175
26
33
185
148
177
219
18
199
107
106
120
51
120
98
29
157
60
175
176
216
53
118
9
6
242
240
227
204
150
70
124
181
94
23
239
165
34
145
74
245
43
204
43
77
167
28
209
160
0
74
73
248
36
143
136
239
197
146
198
231
187
76
208
7
126
118
236
107
110
170
234
104
91
10
181
175
65
10
91
209
77
24
33
19
241
188
221
51
102
0
77
81
116
3
14
13
123
94
49
151
133
207
138
43
168
117
2
56
199
229
98
6
108
70
237
147
230
215
169
182
43
25
226
144
205
136
148
214
19
158
176
0
206
58
132
83
144
30
150
161
254
199
216
17
140
163
4
236
149
122
206
16
98
0
11
240
100
54
105
148
156
53
174
213
82
246
1
236
83
75
60
219
246
7
170
207
62
10
150
142
234
223
171
117
224
217
168
74
215
130
227
84
162
17
27
157
21
190
58
108
248
208
234
111
21
67
68
217
88
142
34
187
182
52
88
183
39
169
7
238
126
10
99
124
214
193
61
118
0
36
61
56
62
152
9
187
221
225
216
10
56
60
184
220
48
138
65
197
147
51
247
202
41
240
63
48
203
54
3
8
210
205
80
236
228
24
63
42
50
63
87
214
195
57
118
25
42
0
198
244
202
195
37
65
15
0
230
56
17
241
200
21
204
230
223
246
205
64
77
149
225
62
4
13
209
96
102
167
54
75
120
218
189
53
221
252
88
251
195
47
47
13
56
68
206
246
45
222
222
214
9
111
63
71
103
30
220
185
154
174
175
210
82
155
22
57
217
159
128
125
98
14
146
175
134
152
189
203
53
9
11
201
82
166
111
189
150
161
70
196
145
88
176
22
105
86
156
193
247
62
194
101
132
250
148
160
136
56
1
224
148
33
29
196
222
78
250
138
204
206
132
122
4
48
89
169
226
59
203
170
130
84
246
77
62
52
48
232
38
168
29
13
41
107
39
164
225
176
144
41
75
233
209
10
158
41
227
220
219
94
106
32
6
94
74
83
185
239
129
126
91
0
149
138
161
147
53
204
169
150
105
225
254
65
185
149
100
171
207
45
110
136
236
184
121
150
0
117
210
176
172
176
29
241
117
197
105
59
207
226
33
164
28
46
167
179
205
40
97
179
93
222
205
14
117
2
177
233
171
97
94
81
62
176
238
144
244
36
38
174
231
167
172
187
123
198
37
85
112
42
222
121
57
65
58
180
55
252
253
247
93
246
164
193
50
144
60
141
50
78
172
35
115
220
187
9
38
44
139
155
233
49
81
144
108
139
55
156
166
197
27
188
130
79
176
49
198
43
129
4
151
114
90
153
161
229
207
14
131
104
213
31
171
83
96
127
113
102
210
71
220
219
76
131
23
85
183
248
194
125
8
74
57
149
150
212
249
56
170
171
227
167
244
140
91
1
215
184
241
87
47
163
174
218
149
153
62
96
171
192
149
113
88
140
250
1
92
229
68
78
15
166
15
122
20
54
17
61
145
152
96
206
166
16
210
48
4
239
200
195
110
164
125
142
119
79
114
28
208
107
106
98
155
70
175
221
232
219
15
253
128
120
72
90
187
173
181
27
153
20
86
113
144
175
143
147
26
33
91
67
1
81
112
124
100
160
184
233
203
143
209
55
218
45
94
190
68
24
217
82
236
232
49
184
242
30
189
101
194
238
161
227
105
109
110
238
137
207
0
213
170
96
19
240
41
144
207
73
8
225
213
140
118
114
120
32
69
61
43
42
157
5
109
194
238
83
80
111
112
115
178
206
111
193
101
220
49
171
67
14
62
184
227
127
159
82
143
173
162
215
45
168
5
158
177
93
106
215
83
179
126
3
229
97
169
193
213
41
119
57
209
204
15
230
186
215
151
223
137
11
13
225
10
68
159
41
212
8
232
27
5
235
232
150
170
85
58
63
164
34
247
153
60
236
150
171
98
181
201
53
203
248
40
161
129
98
251
4
115
89
227
221
12
88
190
253
52
216
76
160
193
49
2
107
57
169
195
38
214
243
238
95
199
242
251
21
145
133
111
195
107
32
156
193
102
237
250
223
201
115
126
242
45
52
94
246
122
155
171
51
138
234
116
163
65
115
65
228
76
208
133
96
232
111
101
186
9
109
160
223
148
83
62
8
174
228
159
224
152
10
74
52
2
238
243
140
198
154
78
30
74
43
91
219
101
220
5
236
243
94
0
137
46
90
210
228
9
113
57
251
110
19
173
77
64
111
161
62
116
159
117
72
41
243
241
139
222
183
233
68
25
191
142
70
151
75
205
200
21
36
196
222
138
115
253
80
37
80
238
60
140
114
122
15
233
52
246
143
200
47
142
19
10
204
46
170
117
142
211
65
227
15
192
154
230
153
104
75
216
209
55
3
8
198
243
146
139
181
48
45
112
208
116
36
88
210
207
129
37
93
56
189
198
123
29
62
199
6
26
102
101
4
176
94
118
163
243
88
191
163
145
176
48
163
55
189
202
144
29
219
138
209
6
97
144
232
19
161
101
239
95
175
115
61
67
49
72
253
17
5
41
202
139
206
24
108
22
111
253
61
8
95
80
92
161
135
9
65
140
104
251
162
38
0
31
183
167
151
101
71
144
75
215
144
50
216
167
56
92
244
126
87
11
196
195
200
206
150
20
7
9
87
12
164
150
244
0
27
10
3
184
246
170
193
95
234
119
65
107
217
0
70
196
244
71
180
187
132
92
60
227
92
6
170
26
55
30
156
127
193
243
45
16
211
18
63
127
56
78
118
226
123
185
21
67
195
109
40
228
103
106
221
170
247
186
24
41
142
50
3
70
35
65
82
185
72
57
138
68
4
191
216
35
153
3
222
36
213
3
187
60
165
3
223
90
21
91
39
91
209
140
215
86
179
184
226
155
199
146
153
9
5
197
25
15
113
111
221
227
176
179
212
188
65
221
46
34
223
215
53
22
224
208
162
243
94
70
38
227
97
15
54
109
68
220
203
218
76
143
254
140
39
247
144
140
97
109
57
199
9
222
164
223
179
77
177
139
202
240
97
103
146
170
212
20
94
106
17
182
195
176
91
71
135
185
97
127
230
110
14
151
174
166
175
52
108
79
18
7
189
221
187
158
140
65
244
227
40
209
85
46
42
206
37
155
151
214
121
192
44
20
122
53
174
50
225
109
166
23
181
203
200
208
217
4
77
213
98
139
197
30
219
195
230
224
102
134
142
228
108
33
30
57
205
220
28
85
176
168
104
51
72
98
79
81
3
171
63
223
51
246
45
37
216
217
226
119
200
31
222
237
234
153
6
8
254
1
234
234
27
134
162
28
201
57
243
177
152
253
80
178
110
247
118
170
224
13
10
157
172
103
227
225
89
120
121
218
111
241
43
219
65
74
74
152
76
135
186
142
133
47
43
0
93
167
90
194
140
113
36
24
154
40
65
32
186
109
136
213
45
203
2
234
47
10
130
137
62
127
8
176
204
111
212
31
106
121
133
51
64
29
215
99
211
122
74
132
41
218
193
152
36
96
26
193
169
99
242
8
104
24
7
64
250
140
152
30
171
155
71
156
178
104
99
121
10
25
95
156
113
125
137
138
184
70
85
183
112
8
56
51
226
63
211
180
227
111
34
206
174
88
226
241
17
75
102
235
90
203
197
177
30
184
189
0
9
143
90
184
37
167
70
144
29
87
91
249
212
96
159
71
136
158
110
91
178
134
27
206
179
34
97
243
143
245
20
50
233
114
22
117
77
204
37
203
138
110
234
117
224
196
13
138
144
149
197
87
146
170
52
112
232
240
89
116
109
203
101
241
228
180
2
159
12
146
227
36
134
28
41
8
90
23
211
136
159
16
105
147
7
112
131
135
120
212
163
53
229
208
56
247
102
205
34
87
164
125
91
237
203
29
159
135
100
147
8
80
125
56
222
250
196
234
141
68
43
42
80
175
34
129
86
214
210
1
207
113
147
122
157
118
200
159
218
54
238
81
60
6
15
66
204
144
69
222
29
68
123
155
226
83
201
51
66
150
1
80
61
243
136
60
239
133
69
140
92
155
200
227
130
239
46
59
124
180
205
124
241
62
149
152
119
224
233
102
163
99
7
56
194
77
215
163
79
226
154
21
208
0
66
115
25
137
128
139
8
0
38
133
214
219
143
17
35
251
154
54
82
68
227
87
3
150
113
78
164
189
39
53
189
187
224
30
63
117
28
9
207
141
65
2
19
198
182
80
40
103
178
197
58
244
166
114
172
79
145
81
7
203
107
1
147
105
5
83
157
126
196
85
0
82
126
38
65
180
90
132
135
170
204
150
217
27
195
109
108
161
242
160
46
75
217
74
22
150
141
18
50
117
11
68
13
221
230
191
132
226
233
77
52
86
101
220
167
197
156
24
222
3
249
110
238
46
25
135
146
21
172
233
245
128
193
161
18
253
107
170
84
14
101
227
233
209
224
209
123
184
211
116
164
132
90
63
195
104
60
214
66
244
209
181
56
222
157
242
136
160
156
3
132
98
219
28
0
207
148
87
93
101
131
107
184
132
207
64
52
49
191
238
48
206
0
19
114
170
189
180
107
210
119
27
92
60
134
63
204
215
144
11
37
21
243
79
14
32
64
140
244
20
20
61
6
204
215
212
123
201
3
53
141
105
240
224
153
54
53
4
164
33
115
235
123
227
180
76
185
248
0
116
6
142
134
12
51
55
31
8
244
3
105
198
210
0
175
8
86
227
111
174
122
129
217
24
184
72
116
178
151
246
241
241
5
122
242
58
34
251
70
220
244
160
23
8
32
20
167
40
36
243
252
207
187
27
63
204
217
199
217
114
41
136
13
54
214
236
82
130
79
0
186
100
191
212
160
85
201
53
6
48
51
243
32
230
79
149
224
47
120
24
17
79
193
71
206
55
205
247
164
128
246
80
127
219
187
199
173
75
248
200
5
63
22
251
87
78
189
81
138
56
236
123
250
242
150
182
18
53
35
63
192
32
200
102
71
43
154
240
131
157
123
77
100
131
109
42
12
41
57
149
155
106
124
53
120
219
159
194
28
114
125
35
144
91
195
182
38
235
121
96
247
225
168
83
79
201
105
22
56
194
147
74
125
198
136
217
20
174
138
215
200
249
108
70
162
142
24
126
18
103
250
8
222
160
132
98
178
14
139
87
43
213
189
137
205
42
180
63
135
112
110
136
214
123
135
0
86
54
248
149
168
66
212
95
158
76
60
168
59
153
219
15
198
173
164
103
202
243
168
97
179
139
0
68
242
85
189
202
113
119
56
228
163
66
30
189
229
240
220
203
209
93
107
254
55
17
29
100
169
196
157
108
53
185
130
33
94
215
211
24
181
66
76
21
40
102
241
8
13
78
157
192
33
254
150
186
116
18
190
211
39
82
212
227
182
82
28
206
50
56
32
155
233
81
111
2
242
94
241
218
109
242
247
109
208
241
50
4
164
187
85
40
204
152
152
206
251
206
135
71
239
17
51
94
184
57
90
114
35
219
62
246
110
135
97
74
157
36
116
224
82
197
121
203
216
39
165
148
253
185
18
123
36
151
116
88
84
99
42
150
59
178
62
241
195
252
167
0
61
0
92
112
7
62
122
193
43
80
197
156
244
177
45
17
71
176
231
221
177
66
31
72
231
221
198
229
131
121
103
146
110
13
3
37
229
157
148
35
248
68
43
213
192
116
103
161
8
133
44
156
149
80
133
184
183
247
54
0
19
4
160
57
157
210
246
236
222
157
4
23
107
135
1
22
196
171
69
141
123
194
120
139
204
95
233
1
110
232
109
54
203
218
113
13
18
233
68
237
212
3
62
30
89
223
178
123
175
210
51
41
33
244
0
212
194
189
11
39
0
42
71
146
120
168
177
53
155
103
111
75
185
121
45
194
57
102
211
39
249
229
53
140
155
131
216
169
52
42
42
62
166
153
237
60
138
26
180
133
129
247
87
147
210
115
40
16
103
159
138
85
136
171
152
231
30
13
0
5
187
215
245
91
110
123
8
120
87
24
29
139
201
57
131
197
232
85
223
117
50
233
14
156
13
48
248
136
147
7
114
52
198
86
66
50
202
201
239
227
1
82
61
25
195
170
2
143
29
244
109
175
141
88
35
101
252
107
136
128
213
112
26
58
189
121
23
9
239
194
144
185
251
9
90
24
168
177
181
21
132
40
235
146
124
21
175
235
252
34
158
232
121
172
216
17
228
164
35
41
43
146
157
83
199
225
183
46
213
114
65
77
111
46
229
75
18
59
126
252
134
191
141
115
68
48
217
174
244
239
28
212
236
200
134
185
162
161
111
69
148
118
106
69
154
120
144
128
106
232
208
62
160
226
243
52
242
201
171
177
65
73
238
120
167
184
152
148
148
39
95
238
212
147
125
146
91
197
158
246
216
160
75
21
12
226
231
104
42
68
83
17
221
116
224
175
106
209
245
64
203
193
133
178
201
0
5
133
11
79
220
250
161
115
45
46
110
107
235
139
50
190
217
130
98
123
250
74
68
148
200
66
186
128
44
15
34
77
218
207
36
7
136
132
63
143
129
46
236
222
168
153
10
79
7
16
156
14
120
90
226
82
19
190
24
52
31
50
18
160
72
21
173
233
88
201
16
124
82
44
86
141
220
254
47
180
113
106
84
124
108
14
155
98
113
13
149
174
29
232
242
9
147
54
45
185
26
39
66
120
167
252
223
51
163
167
184
77
87
31
135
78
163
58
35
11
40
94
26
169
144
34
0
74
100
165
194
79
3
165
101
157
191
72
252
145
12
95
111
253
121
42
74
206
58
240
74
107
203
66
105
127
217
161
113
181
5
136
197
17
220
55
209
74
2
113
156
69
96
66
206
200
161
152
10
101
72
172
75
210
172
121
53
144
213
232
52
166
230
61
132
212
187
97
40
138
98
85
228
127
67
56
59
53
158
108
30
135
50
249
4
226
46
38
159
99
202
226
102
181
161
207
179
102
183
47
139
153
155
217
67
203
117
245
201
249
53
210
5
181
118
249
57
35
156
156
15
137
214
95
121
163
206
216
104
190
75
203
7
6
95
74
14
173
173
152
50
61
206
31
16
151
141
184
108
61
248
179
158
238
189
28
134
111
128
165
248
210
60
1
238
64
88
205
217
76
248
110
160
3
38
126
138
11
111
23
11
138
39
3
97
244
173
162
27
16
201
165
251
220
140
39
21
189
92
33
111
24
243
50
34
179
173
42
223
10
143
139
8
79
112
164
91
110
217
161
178
164
25
95
197
204
107
192
226
212
184
232
221
12
80
244
16
31
91
86
58
219
186
221
152
159
57
70
152
199
119
198
55
239
154
247
210
115
141
215
178
201
194
130
240
12
248
200
245
39
224
225
50
201
175
172
85
76
206
38
221
59
168
117
176
44
141
0
102
73
38
133
189
66
182
227
87
105
184
183
137
195
172
140
198
9
210
223
107
155
106
131
38
18
146
39
43
55
183
88
94
3
75
204
31
196
54
182
33
106
61
82
192
39
179
56
248
73
209
155
244
85
229
120
9
165
82
245
110
133
23
154
172
107
215
120
29
85
3
149
73
23
186
189
26
232
166
149
144
1
45
57
250
231
178
50
51
55
104
87
226
86
131
17
43
35
102
167
143
232
155
97
32
67
217
58
253
83
2
191
21
216
61
140
86
250
189
216
138
66
176
47
63
14
103
116
102
158
85
51
146
124
33
0
108
124
121
118
226
40
193
193
129
133
210
107
148
178
14
68
88
2
120
81
82
52
31
247
247
192
109
158
81
68
207
29
203
22
160
17
250
118
146
48
88
29
136
172
226
131
182
68
233
41
222
106
169
135
215
54
15
3
130
67
0
250
65
117
125
5
104
104
221
206
21
108
249
208
29
139
219
238
230
122
24
205
83
174
99
103
174
123
83
84
215
137
113
109
195
103
188
129
219
44
18
54
209
200
217
144
7
159
167
140
75
92
150
77
193
126
173
131
100
134
221
58
245
129
193
122
37
122
91
62
75
5
61
154
130
169
244
163
196
10
116
212
4
14
3
160
225
0
132
138
40
149
172
103
97
175
85
208
144
237
199
124
42
207
165
213
229
215
22
197
208
212
252
185
124
190
126
149
34
49
27
49
228
99
91
153
119
107
158
196
181
214
129
26
120
21
175
42
136
254
154
9
46
216
174
137
80
219
226
224
162
69
72
182
236
165
201
77
169
214
90
67
42
117
157
230
89
0
149
223
211
121
62
32
86
156
78
107
8
239
253
4
225
167
228
104
182
180
231
209
25
201
113
152
207
149
72
249
112
97
79
179
53
16
189
231
244
249
86
28
136
101
226
38
117
207
180
10
66
173
118
231
23
94
239
183
33
159
22
187
170
82
46
196
242
45
229
119
207
189
244
178
115
7
200
113
208
69
53
26
22
23
167
31
96
209
26
145
36
110
239
213
102
182
144
84
13
93
182
172
20
113
139
39
95
15
10
45
42
191
247
235
83
172
94
180
246
76
74
211
135
205
178
217
248
192
89
18
85
142
222
171
175
11
75
185
111
62
43
104
241
226
191
200
102
248
209
136
195
73
93
209
24
153
112
200
64
59
87
238
153
159
175
87
63
34
81
53
191
7
32
29
128
3
66
115
153
39
76
243
205
140
48
174
129
221
226
106
40
15
206
28
110
0
155
188
226
43
205
90
47
254
84
191
153
212
107
67
237
234
233
222
147
46
196
231
111
96
253
170
202
191
54
216
204
47
113
220
145
156
181
166
111
237
13
123
152
63
38
146
223
178
126
51
170
115
129
246
57
92
2
36
115
116
65
191
8
209
6
115
0
8
224
107
121
116
78
170
197
21
123
219
254
152
54
41
242
6
35
141
1
71
41
163
96
193
65
36
106
145
20
193
229
36
245
242
15
234
93
178
17
88
195
64
65
94
26
241
91
57
228
120
171
243
235
173
186
11
127
43
136
54
160
76
231
105
106
115
179
82
173
135
211
86
142
12
11
185
66
218
133
104
86
60
175
240
63
98
81
77
185
143
12
241
210
187
198
101
240
170
19
8
64
187
107
88
164
208
18
92
210
96
18
93
211
2
194
128
114
252
113
31
33
157
54
89
232
30
144
158
197
194
230
135
113
26
171
119
170
153
128
245
27
246
56
124
106
102
65
106
8
141
112
243
132
209
180
180
59
71
227
61
50
144
81
167
134
133
104
79
165
7
139
127
120
254
140
139
65
84
249
110
142
44
128
179
100
238
17
135
25
159
101
69
14
147
15
1
68
215
134
77
60
36
225
98
115
228
84
157
10
93
136
193
28
245
200
36
78
224
21
71
198
178
165
31
156
143
5
65
242
173
92
139
221
198
160
183
50
102
140
6
141
55
65
140
153
125
251
157
17
10
80
100
60
115
126
5
108
14
67
118
146
5
247
153
119
190
69
241
210
208
90
175
18
28
166
133
73
100
139
35
205
116
38
42
189
59
64
17
10
173
210
58
139
65
116
29
30
163
84
0
199
27
218
218
100
147
233
69
60
54
192
175
170
20
218
220
47
246
133
7
26
28
41
88
230
252
74
125
219
137
214
217
187
231
38
18
189
27
216
93
159
134
238
184
9
79
55
170
160
43
215
80
140
115
184
0
114
172
127
51
83
47
220
94
31
90
216
84
214
228
200
207
42
143
65
68
51
44
117
61
129
137
9
57
189
90
95
34
182
237
162
232
67
1
248
213
15
83
85
228
32
51
239
167
183
158
221
128
164
62
140
225
150
107
133
89
182
41
199
242
192
183
203
218
130
172
220
250
98
59
168
82
160
219
244
48
249
13
106
243
36
84
86
70
73
221
152
123
0
11
33
94
27
96
131
27
65
228
59
16
124
30
97
44
103
29
115
19
150
29
45
155
156
64
63
18
135
179
0
30
181
0
209
0
53
41
21
25
105
208
215
31
148
154
99
0
234
143
24
90
73
234
57
119
208
129
242
211
142
236
96
38
35
201
4
155
85
26
227
132
86
133
132
154
165
178
161
30
181
6
160
213
148
121
147
112
203
49
37
119
41
100
249
109
245
170
23
240
45
160
170
81
243
114
190
201
4
51
27
45
83
212
18
180
20
56
241
156
147
191
63
235
171
57
83
198
221
132
85
104
0
245
214
7
176
126
159
75
125
222
48
251
73
48
8
204
123
153
111
239
235
159
209
49
127
89
178
252
216
5
112
106
25
3
114
230
95
237
150
169
146
250
100
83
32
100
107
229
72
159
240
34
98
193
141
230
110
52
124
57
211
66
6
29
75
9
83
209
240
7
24
230
25
233
34
61
225
180
245
48
183
134
247
246
119
104
114
224
152
251
15
46
210
127
87
142
209
171
234
111
21
238
72
99
66
76
80
222
214
122
238
180
98
117
72
151
212
143
133
183
199
107
185
89
26
150
52
197
227
13
135
232
187
196
193
9
215
0
210
29
67
165
149
152
181
207
46
42
173
94
174
74
28
107
2
209
222
84
119
188
7
84
165
231
130
197
228
251
0
177
57
5
89
207
66
172
115
158
96
224
4
243
139
189
52
164
171
12
127
88
251
137
56
114
106
200
239
178
243
254
153
25
35
13
208
162
19
154
233
76
193
177
188
192
50
168
125
121
120
76
104
196
5
173
161
81
14
178
33
188
102
26
131
155
53
52
239
29
64
56
124
54
118
131
119
35
240
76
22
59
136
4
146
153
192
88
45
176
226
104
250
210
210
153
67
217
154
119
86
152
46
29
215
37
9
206
173
14
172
34
241
0
30
17
188
237
204
138
87
86
169
218
162
239
224
200
113
77
165
56
26
91
164
25
207
134
144
17
107
85
36
224
187
244
211
51
171
81
171
30
180
208
104
101
73
172
141
157
80
251
19
109
197
202
8
15
220
88
82
9
77
41
44
71
98
156
204
170
21
210
50
2
13
83
236
127
74
193
166
215
167
242
129
93
11
55
128
0
156
26
69
128
186
133
194
48
183
87
153
59
117
252
122
135
24
164
164
78
67
137
209
202
110
101
24
146
10
238
127
102
118
184
103
177
219
176
208
47
101
219
117
0
94
85
236
147
225
154
144
108
155
142
224
130
220
179
85
47
70
142
15
25
143
55
116
167
232
124
6
0
10
63
147
159
22
165
162
48
121
103
81
122
241
74
158
10
58
121
56
253
43
234
73
8
160
233
248
211
215
177
144
172
34
238
138
185
119
183
209
124
112
242
51
114
72
111
237
177
86
204
94
217
147
125
144
114
38
123
126
229
170
130
144
115
109
187
33
70
40
148
99
159
252
71
243
93
117
124
33
40
128
235
238
45
141
179
165
108
209
122
181
202
28
237
68
216
16
48
25
172
1
133
181
153
78
68
246
82
52
42
94
247
67
62
221
94
60
66
2
30
27
188
26
144
185
153
5
66
183
173
15
191
171
222
101
188
37
79
14
57
229
157
57
189
132
213
238
226
79
168
220
122
168
190
88
134
53
160
246
110
175
78
180
106
73
211
107
140
99
82
188
95
128
84
221
160
23
157
146
130
115
121
24
80
13
171
197
77
27
187
151
18
149
79
233
207
215
174
96
117
70
118
174
153
116
221
101
222
242
165
185
32
224
225
221
7
153
3
160
122
126
112
236
122
21
44
137
57
233
186
117
98
214
173
135
29
80
36
234
25
42
238
253
168
111
199
133
16
158
245
44
90
112
158
23
232
185
202
62
111
134
100
36
48
24
51
78
34
132
76
59
144
215
10
191
199
145
88
130
217
205
145
185
44
107
88
221
86
226
27
196
123
246
56
133
116
1
201
128
159
41
179
45
216
198
243
105
192
77
9
94
0
114
138
100
16
246
252
8
51
55
75
236
10
216
114
26
224
14
34
174
248
70
108
136
204
186
73
195
208
122
116
107
54
89
184
49
12
130
27
27
82
86
3
135
86
49
245
96
63
11
15
118
180
252
253
233
211
0
210
164
247
161
122
243
179
120
34
241
40
67
130
131
175
203
170
79
119
137
21
72
178
162
87
64
55
169
198
177
87
195
174
74
109
194
235
196
127
197
186
127
190
166
253
86
76
176
25
86
60
100
153
65
149
82
122
53
118
71
135
101
215
206
80
24
204
126
211
195
62
234
253
198
56
155
245
144
227
177
17
178
232
97
244
104
217
222
21
118
117
115
248
118
100
144
233
90
37
188
103
207
238
203
169
230
174
62
13
0
233
177
101
213
16
203
214
117
146
232
230
185
213
227
16
70
179
99
197
243
29
218
26
42
121
177
36
235
207
130
100
89
110
1
236
16
17
197
224
227
87
180
2
64
87
167
111
152
25
134
185
92
61
92
93
134
94
238
208
68
216
170
50
230
74
95
83
149
166
214
222
9
14
118
66
85
45
74
239
244
232
220
254
144
227
94
75
151
19
98
230
178
148
87
254
159
139
153
105
49
235
238
26
34
92
18
68
119
23
168
27
72
47
61
66
155
131
155
19
200
177
60
9
211
65
207
170
194
193
95
235
174
234
12
98
142
113
152
106
90
119
220
135
67
179
198
61
195
125
26
84
196
219
233
106
230
197
118
120
21
72
148
116
11
35
91
198
236
39
76
33
106
56
158
98
53
182
230
34
6
83
65
57
4
35
139
38
105
201
122
129
160
0
143
94
78
27
174
104
222
162
248
90
20
86
151
247
144
45
197
227
94
139
26
168
206
132
48
54
102
149
249
133
8
152
200
48
228
201
100
152
240
107
4
182
108
15
193
198
233
74
55
63
192
129
62
111
124
181
184
176
117
17
120
24
139
143
228
53
189
186
101
58
200
57
138
106
11
7
110
157
175
214
22
60
193
161
3
109
31
188
142
148
35
217
165
73
28
195
188
146
96
117
248
250
199
248
199
110
201
175
31
128
80
183
19
19
0
81
91
14
133
161
130
234
102
206
221
107
116
64
226
42
33
162
15
174
88
15
120
81
146
100
50
16
123
122
15
31
146
28
188
43
213
172
135
190
68
8
115
212
125
50
220
82
129
100
92
214
116
95
48
249
35
219
248
218
93
249
102
77
248
50
14
126
19
97
232
184
121
70
216
137
231
50
83
76
158
70
52
239
139
65
17
100
143
214
43
130
111
55
194
98
170
48
120
46
197
149
68
91
215
197
7
207
87
240
211
244
192
234
181
59
53
148
61
156
226
72
218
245
231
18
68
21
13
247
186
163
143
174
38
25
187
158
142
77
35
244
26
133
201
77
100
107
153
8
97
191
51
103
70
187
102
87
64
181
217
26
107
231
11
139
246
116
54
134
78
212
82
227
189
128
125
190
136
68
115
149
95
253
45
165
51
141
15
12
82
202
96
226
133
167
44
29
35
49
10
140
145
174
216
4
110
136
72
186
75
69
246
57
55
48
226
228
213
181
252
36
228
137
241
39
128
85
222
104
26
85
35
195
16
116
208
192
179
89
178
105
96
178
190
213
71
233
211
226
43
68
132
28
146
235
83
202
142
183
36
163
135
129
19
190
22
66
29
185
222
77
182
165
171
229
172
197
235
114
199
6
236
8
157
111
180
127
44
97
114
70
97
30
96
161
42
119
164
48
227
201
213
44
37
85
253
116
246
112
94
154
241
187
58
244
67
235
139
247
227
30
40
30
2
158
19
166
74
230
218
1
212
68
39
107
68
184
74
104
60
225
158
204
121
212
143
197
162
225
209
113
2
24
225
142
228
175
212
232
152
222
6
141
78
11
162
94
209
214
136
173
179
184
166
43
228
164
228
193
145
87
122
172
111
137
74
234
73
88
6
88
81
7
116
10
217
223
21
247
38
78
239
170
149
52
164
249
140
44
1
169
100
47
158
90
163
89
40
228
10
245
57
86
129
31
222
20
192
119
225
188
59
246
188
199
235
239
12
156
19
18
130
14
201
131
124
20
0
156
210
67
6
103
121
217
122
158
27
149
0
15
125
201
0
112
144
19
193
36
206
158
116
200
183
226
61
22
141
123
98
241
131
169
126
75
55
198
253
137
242
83
0
4
143
58
223
4
184
101
250
59
217
178
140
37
179
114
87
113
59
62
57
183
172
144
31
254
38
105
22
227
197
227
195
27
99
9
120
190
126
35
194
151
37
86
165
62
61
106
141
0
233
248
144
125
121
218
237
136
195
123
54
17
123
11
110
67
252
94
156
31
134
92
81
102
105
93
30
75
11
165
51
105
117
83
172
88
18
199
214
130
50
140
36
205
233
227
213
21
97
61
190
86
17
136
57
69
16
51
246
76
83
238
30
93
157
241
127
107
177
181
208
29
135
124
242
52
208
21
17
43
26
119
32
178
77
30
192
139
111
130
163
81
20
110
209
132
14
212
155
155
102
35
147
71
74
138
14
2
221
221
234
177
22
89
69
100
119
0
121
223
178
169
53
42
129
47
231
29
68
193
71
12
209
0
206
96
129
74
44
67
5
228
134
79
234
108
242
53
157
234
24
238
47
38
231
1
165
158
19
18
125
160
112
143
69
121
127
125
220
199
100
7
78
19
78
225
27
157
207
100
183
19
180
220
33
188
155
251
154
119
82
34
210
158
23
78
32
248
212
73
4
122
179
64
124
144
20
39
48
245
202
43
69
104
63
127
228
218
97
39
26
26
64
142
234
34
187
113
70
241
148
102
218
56
195
38
68
18
246
138
98
72
98
85
11
173
9
157
203
89
178
202
159
76
181
11
225
178
187
116
94
103
162
207
252
17
1
0
56
151
55
123
254
49
87
200
225
216
49
123
224
105
156
181
171
11
63
58
203
176
69
225
226
124
113
230
63
38
58
193
210
205
190
181
39
95
30
0
127
246
164
76
242
1
13
216
193
118
219
222
176
116
117
237
7
113
43
178
39
47
169
195
69
54
155
24
246
145
130
129
226
77
93
38
97
53
169
61
176
92
200
122
54
154
11
241
206
7
26
139
239
0
32
56
217
25
117
240
199
214
135
97
28
31
217
89
229
74
236
11
234
133
130
162
13
13
3
33
192
235
17
25
65
35
250
212
215
163
12
235
193
242
146
84
88
127
42
155
63
248
19
161
203
69
223
51
240
144
161
139
240
152
35
210
94
48
231
105
185
81
3
10
4
117
41
35
68
190
209
61
190
12
154
3
162
138
155
194
39
75
68
74
83
42
99
230
125
191
223
110
176
81
143
136
11
231
2
8
215
138
215
157
63
17
212
248
237
158
173
111
94
206
232
156
152
154
194
45
17
76
63
3
22
187
136
180
45
200
200
104
203
5
6
36
172
17
242
0
111
227
246
91
118
137
60
0
71
114
53
216
196
78
19
109
220
58
203
113
14
232
174
61
200
142
161
191
181
181
30
43
33
214
153
250
174
120
248
113
27
101
113
75
141
58
119
43
30
140
100
100
120
245
73
79
32
235
139
217
61
83
176
147
89
12
64
61
81
249
39
132
158
228
10
65
106
202
33
71
161
117
215
21
173
218
169
91
101
152
245
24
36
19
239
61
116
180
151
8
128
181
99
207
37
14
97
4
30
114
62
242
199
26
210
41
182
5
197
118
194
161
128
152
65
24
244
58
71
98
135
127
28
165
116
251
46
153
218
239
169
4
153
145
104
152
241
165
95
225
133
41
186
252
169
139
159
1
89
100
109
185
139
180
210
218
159
168
175
161
144
124
202
75
172
78
107
76
167
193
102
4
24
8
40
151
33
203
42
195
7
246
219
186
128
222
80
107
238
142
92
198
1
196
209
222
63
219
66
87
98
37
201
153
174
12
183
104
76
105
5
235
191
250
5
53
52
31
186
52
45
122
137
12
64
186
8
250
233
238
250
225
38
98
136
229
166
123
254
75
243
22
240
220
59
249
207
202
223
42
221
250
34
48
10
152
123
222
201
124
15
172
191
143
35
121
141
20
33
210
129
24
143
166
136
61
15
14
100
82
5
176
85
250
94
199
103
66
127
204
135
46
28
77
237
39
222
230
23
233
129
41
191
61
82
180
88
164
171
214
178
149
179
52
55
157
206
47
59
76
102
136
217
192
207
226
76
105
64
164
189
60
243
34
187
7
76
227
182
7
253
103
38
187
25
161
202
84
155
127
91
235
91
153
92
233
85
149
74
222
55
228
0
142
182
172
165
188
137
234
184
20
88
114
72
165
140
35
186
98
180
63
136
185
240
252
254
30
52
64
203
132
204
234
93
52
194
241
186
76
130
163
219
6
54
210
37
167
35
226
125
129
202
116
188
128
114
164
237
77
178
12
73
49
140
200
96
159
118
247
170
91
152
135
55
197
122
32
106
153
76
175
30
87
222
195
0
151
107
234
35
22
197
89
8
73
250
141
200
211
239
144
48
253
35
234
25
163
221
70
62
141
70
47
176
236
129
208
146
38
21
196
23
35
15
201
246
101
135
5
202
250
170
63
142
228
200
203
226
211
217
148
187
104
73
5
103
13
1
112
175
80
175
144
13
200
210
111
7
252
199
92
0
88
166
227
80
201
61
154
96
75
62
64
254
45
30
45
161
21
211
132
248
61
187
27
238
212
38
26
57
146
21
79
232
90
177
96
144
254
10
191
82
186
159
137
137
89
98
114
39
119
207
229
91
185
245
171
214
29
184
107
170
140
204
61
212
254
60
219
244
166
221
15
6
19
24
158
52
109
249
207
112
151
205
108
184
94
229
174
121
142
36
109
121
109
124
48
50
29
134
104
15
61
54
104
143
157
54
58
201
120
183
34
146
85
160
38
136
41
174
133
142
72
61
83
49
131
90
109
103
61
126
247
70
199
75
248
35
127
102
104
7
69
114
211
131
185
23
125
55
249
202
182
89
70
98
175
173
96
212
240
159
208
43
236
157
228
198
156
56
210
177
164
239
6
70
6
130
88
213
98
121
8
220
195
174
6
36
244
253
245
219
95
194
133
