169
16
23
44
214
48
64
103
34
68
70
89
197
47
199
212
122
195
81
51
219
208
50
137
179
137
146
249
251
191
44
33
27
137
61
230
199
57
62
250
98
44
219
246
56
124
150
44
222
18
236
169
187
246
51
202
239
223
111
96
235
212
52
112
208
146
209
20
146
10
150
233
91
37
41
103
50
116
80
211
102
121
63
104
154
37
214
19
88
242
83
222
238
149
209
7
172
86
106
234
105
212
55
253
123
205
208
40
165
93
244
131
58
167
214
205
170
116
77
190
106
32
129
9
105
36
96
50
183
48
238
253
160
36
91
139
220
171
44
164
43
12
82
194
239
242
237
215
229
240
197
14
135
22
146
127
249
163
23
69
180
176
209
116
209
192
65
125
175
248
60
217
3
96
5
155
203
114
202
9
119
205
92
77
98
82
189
215
248
16
101
201
13
126
218
155
225
126
224
149
156
104
134
10
118
170
247
240
235
103
235
195
123
86
139
59
166
135
146
134
70
118
153
235
181
102
174
59
172
65
132
8
226
131
30
66
135
191
131
212
145
198
211
195
250
204
137
145
51
229
228
7
190
17
45
59
177
219
141
41
71
150
98
136
215
112
222
111
139
217
91
85
91
182
235
98
209
17
3
73
225
234
131
179
89
112
130
239
25
27
220
249
128
27
128
24
36
220
137
4
176
214
99
158
249
157
199
31
125
99
90
86
109
208
83
236
27
88
9
63
43
241
30
13
201
248
141
113
20
245
129
173
33
110
185
135
188
74
36
157
212
226
196
237
206
12
253
63
187
75
35
205
181
76
12
220
201
163
96
193
87
98
180
181
98
114
218
103
179
206
234
41
249
90
215
168
209
154
242
103
64
135
121
156
220
244
94
186
165
87
48
157
44
115
182
11
145
190
231
142
47
74
5
201
168
188
7
129
12
40
199
178
2
50
21
41
129
97
43
223
235
45
141
67
225
22
42
178
125
63
203
246
134
86
109
115
93
110
135
79
24
160
137
38
2
105
136
165
33
140
92
203
165
196
159
241
29
24
34
10
219
141
120
24
214
197
229
232
58
118
174
28
163
136
54
44
41
140
180
90
73
100
127
136
60
159
83
231
89
93
100
69
44
122
42
33
120
106
133
188
136
216
93
63
195
24
68
132
139
177
86
126
175
114
198
147
26
114
188
236
76
157
149
106
254
167
71
148
82
86
236
211
163
213
42
167
198
10
29
19
156
14
65
110
88
152
28
172
31
170
214
152
116
13
34
249
129
170
229
104
176
9
78
174
105
189
101
71
94
179
245
3
110
162
216
122
75
116
213
92
135
214
66
169
189
176
53
129
86
236
135
87
68
218
131
111
132
59
148
104
168
32
231
182
34
108
43
79
154
54
222
231
204
52
29
76
47
131
122
198
32
194
183
105
193
72
151
12
40
122
206
44
245
17
145
63
220
189
232
85
19
96
185
147
127
143
46
164
167
138
234
216
187
59
205
145
228
39
79
9
80
189
159
83
76
41
157
102
26
30
98
106
164
205
106
99
198
213
161
156
221
142
154
75
118
20
109
166
184
249
208
104
87
182
235
171
150
10
195
106
79
166
248
2
8
33
248
163
216
77
19
52
246
23
223
24
217
88
16
235
126
70
114
51
61
127
145
204
39
241
67
4
36
36
166
229
187
3
180
86
85
185
56
243
94
176
3
142
87
85
63
218
244
77
48
61
41
211
99
155
1
136
195
115
75
176
22
153
173
133
235
205
66
108
193
162
82
209
13
106
201
130
237
134
35
164
22
143
163
182
23
121
50
235
91
220
26
154
31
163
41
169
218
76
51
250
6
45
162
140
84
109
211
141
226
13
42
254
78
11
13
72
173
46
161
159
244
231
12
210
36
65
137
11
87
60
149
5
56
209
20
213
131
48
87
87
220
123
118
151
224
221
112
189
48
146
211
104
20
71
207
78
238
119
240
227
127
175
29
80
56
163
19
119
128
23
169
62
54
119
5
247
239
229
25
140
190
242
217
112
118
29
114
254
37
86
67
153
124
204
165
32
126
79
177
142
8
198
183
17
244
241
83
179
35
220
65
103
236
143
186
182
57
37
110
167
229
154
166
232
121
96
54
212
213
53
115
100
118
147
55
109
244
95
36
146
34
239
81
184
45
88
11
27
204
171
249
15
61
123
223
199
177
126
76
219
4
155
181
90
201
247
229
25
27
33
145
77
53
162
171
142
87
214
122
131
254
208
124
223
227
194
198
216
126
216
136
233
194
251
181
139
227
68
185
88
249
250
29
126
88
101
184
157
248
89
56
104
70
248
50
1
211
124
86
232
105
67
52
200
30
238
244
236
151
233
204
41
215
44
47
182
84
96
169
254
152
45
102
246
54
136
238
123
102
59
29
66
240
70
59
194
237
212
105
204
7
127
38
120
231
94
99
14
198
118
109
35
20
94
39
91
68
120
110
100
34
85
201
143
67
62
195
29
224
200
189
179
1
53
78
193
94
165
68
142
184
224
12
249
90
55
254
135
250
30
203
162
214
227
93
245
174
236
110
109
1
224
47
249
165
74
248
150
109
171
149
145
238
84
21
136
244
56
112
95
250
23
149
248
117
99
237
98
221
162
145
18
103
131
116
92
21
66
181
28
99
229
115
149
237
62
14
244
238
94
235
249
185
196
190
234
102
210
254
210
49
132
110
74
95
120
134
171
60
131
98
185
222
185
185
116
184
143
206
224
173
241
229
4
252
2
160
174
138
94
75
114
110
170
170
139
77
93
133
220
17
7
79
61
159
136
194
21
68
205
183
52
51
211
4
47
246
50
107
82
49
44
245
17
191
14
83
220
234
32
7
254
126
105
212
207
27
17
12
149
23
236
251
123
126
46
89
224
246
226
58
213
47
251
30
44
185
178
194
246
16
99
197
243
91
3
164
110
44
252
64
247
43
140
230
254
185
55
35
19
232
5
129
62
107
206
37
80
174
12
161
147
86
243
175
88
8
121
253
135
161
218
73
201
52
235
242
193
194
184
169
37
4
190
135
133
118
136
153
66
37
248
173
167
19
24
34
156
61
147
128
42
12
185
28
218
98
165
228
176
32
147
33
131
58
231
16
169
71
113
236
53
59
104
226
119
213
161
84
32
222
20
99
193
93
194
119
104
250
85
42
39
56
109
55
22
22
190
3
225
6
142
131
207
132
220
59
50
215
240
27
234
44
173
248
81
134
2
99
192
206
91
113
92
113
200
75
124
100
148
220
252
118
204
29
61
158
178
78
151
230
231
133
78
254
213
145
114
222
97
90
72
21
246
128
74
245
132
16
225
156
124
79
217
76
248
145
217
9
184
117
202
124
219
217
67
67
3
60
120
170
56
212
214
189
56
249
234
58
210
241
248
57
160
68
60
217
249
152
154
175
239
107
168
173
109
79
1
87
128
53
97
238
254
8
23
183
14
225
232
40
74
146
213
155
108
241
212
115
103
29
63
148
91
71
197
234
251
216
194
94
50
230
72
168
138
64
190
44
1
248
247
241
139
210
169
202
191
90
246
183
210
249
29
236
13
191
8
210
92
12
195
36
251
19
68
113
235
57
190
243
190
203
105
241
91
205
63
37
45
121
126
253
238
17
38
204
184
254
250
184
14
187
11
237
37
198
200
113
114
176
134
203
94
237
51
214
229
170
104
63
156
68
179
21
14
198
44
91
6
137
8
208
190
18
50
116
41
23
254
121
145
98
184
233
18
132
37
175
234
9
168
188
53
38
241
159
236
113
144
194
212
139
136
222
80
23
246
13
181
35
230
18
82
191
83
95
58
212
86
236
188
182
118
13
125
87
49
185
134
250
54
15
172
232
52
93
103
172
156
166
144
178
230
217
169
146
68
171
135
148
184
37
105
69
203
68
1
220
202
7
140
41
62
61
85
203
73
39
202
141
145
174
84
79
82
182
10
222
168
6
90
168
195
65
44
55
245
247
12
85
137
131
144
220
162
147
44
194
140
5
189
192
48
97
160
243
156
163
239
50
18
55
107
226
226
229
120
18
50
117
32
212
114
39
33
249
125
126
253
65
81
71
246
212
101
5
33
30
1
165
54
237
191
174
251
31
32
107
8
206
113
189
205
19
195
40
39
205
147
31
97
4
204
182
90
69
62
113
3
136
236
247
70
219
51
224
151
129
55
63
241
75
139
244
5
223
127
17
108
34
231
118
227
37
73
9
235
98
253
30
57
135
179
241
107
61
11
40
139
180
66
158
1
37
254
20
107
90
128
239
94
241
169
97
198
158
128
221
177
71
202
138
144
27
238
12
204
213
179
215
103
178
22
8
206
156
76
107
189
85
68
97
40
73
94
177
198
76
221
189
88
37
47
178
213
77
222
247
63
109
198
96
132
232
160
181
11
244
6
161
35
180
191
132
179
189
229
157
85
66
150
253
207
129
75
219
240
117
107
72
199
253
127
150
64
47
135
231
114
20
1
48
44
2
155
174
161
161
172
81
226
220
238
54
197
165
236
65
153
133
148
186
94
166
27
188
227
162
17
112
151
234
77
69
244
20
153
124
101
68
76
93
212
246
72
77
31
177
189
193
213
174
175
106
217
93
71
216
5
110
11
88
43
197
180
246
244
6
192
197
192
198
128
228
191
127
31
106
148
226
77
208
139
237
247
217
164
94
26
13
60
4
198
188
75
79
22
68
155
124
119
231
47
15
132
110
82
242
110
197
103
158
41
41
42
175
115
200
184
242
68
24
2
223
19
52
84
87
123
237
16
3
4
96
250
197
35
163
72
200
245
252
37
92
209
96
14
145
23
165
109
182
131
67
77
252
64
62
3
179
164
2
169
66
220
106
147
155
7
14
209
167
241
56
11
146
170
147
125
146
234
168
112
25
196
19
54
51
178
159
25
192
49
167
151
186
162
37
147
48
125
92
212
131
59
178
70
28
68
31
227
119
38
90
33
245
29
14
107
128
195
68
168
36
41
126
120
206
41
231
166
35
2
107
27
63
44
227
8
57
254
185
103
108
191
151
240
44
199
215
169
29
152
231
226
79
102
43
27
241
194
57
220
171
238
87
134
43
223
56
196
158
95
173
119
23
64
99
163
168
37
159
190
5
145
52
252
41
123
104
49
61
70
159
154
84
162
142
121
212
39
120
226
145
194
119
177
210
16
250
154
167
55
185
30
50
129
178
204
53
238
19
253
141
13
239
192
99
19
105
97
37
23
10
67
35
146
214
219
177
207
217
146
20
250
26
194
37
179
152
161
251
69
13
85
36
181
10
182
170
218
95
238
174
96
79
125
95
242
12
99
50
159
39
74
203
254
217
58
155
81
6
172
190
175
29
56
7
38
186
4
252
12
138
147
48
169
197
204
204
211
222
36
163
173
149
179
75
90
14
118
186
210
50
44
41
124
219
145
68
56
185
108
148
101
23
217
73
241
245
122
31
12
115
180
175
21
234
253
97
119
109
137
239
193
167
190
111
14
110
34
133
247
189
253
20
248
82
252
183
213
211
197
199
30
184
97
243
141
57
1
118
55
154
143
224
154
139
129
137
40
80
226
36
15
52
254
91
220
19
44
189
100
13
37
223
39
142
113
142
67
125
163
81
235
189
219
222
204
59
253
233
238
56
159
54
154
105
78
191
35
49
47
103
46
154
190
77
110
217
81
77
64
157
196
185
191
219
109
96
244
19
173
168
120
149
83
91
186
134
67
98
64
117
239
212
38
157
4
194
29
109
22
82
128
196
58
19
121
95
43
51
87
23
144
140
79
166
73
140
187
219
44
192
14
230
105
40
248
134
242
139
147
126
213
111
218
108
69
111
24
86
69
26
251
32
87
10
13
142
158
154
84
108
250
236
47
252
219
7
78
66
221
64
8
153
22
77
2
102
216
145
105
135
11
178
138
26
72
197
106
180
90
219
145
222
120
174
156
195
21
7
53
14
250
230
230
211
29
23
63
189
100
57
251
253
41
140
245
210
21
149
134
202
176
134
205
2
79
166
129
48
91
95
55
218
198
184
143
197
227
76
17
42
155
23
117
127
55
50
80
156
182
201
2
236
196
114
6
252
10
180
229
225
85
160
236
207
64
201
135
231
42
57
241
99
173
19
87
198
116
96
29
221
244
46
38
206
119
171
101
183
18
202
164
20
4
44
69
138
138
62
121
18
148
66
248
203
205
9
108
96
27
207
190
28
179
32
199
133
68
68
177
65
140
97
130
252
193
105
56
219
102
39
116
16
121
16
111
182
77
201
2
140
192
65
247
41
168
222
52
44
157
28
20
170
89
102
172
142
218
170
222
120
119
42
240
204
29
55
170
73
91
183
184
163
71
233
211
126
91
254
197
83
122
201
132
1
190
88
134
101
101
186
140
234
79
16
50
100
171
45
222
128
220
171
107
236
236
114
61
162
86
213
244
222
48
142
7
110
82
174
107
179
144
193
214
240
191
4
181
220
247
7
220
217
88
186
154
127
126
49
144
185
159
55
208
142
12
120
111
155
179
13
186
151
15
30
177
36
62
138
236
186
180
203
192
1
140
27
89
1
231
188
66
42
71
81
25
242
253
223
33
121
5
171
140
42
162
107
237
85
113
21
127
99
188
132
252
108
156
246
69
158
131
206
168
215
116
165
53
160
64
86
202
105
158
132
119
186
20
252
154
145
84
33
53
156
240
169
2
112
102
115
25
182
143
250
56
184
247
179
178
178
236
120
12
188
