118
133
45
193
101
103
247
236
85
137
224
229
222
147
15
253
46
217
251
94
168
35
170
128
9
169
134
112
28
85
163
30
211
82
39
122
148
20
195
220
8
156
104
24
239
235
24
106
140
223
142
53
204
117
104
48
254
114
130
176
216
84
59
250
61
49
94
188
222
66
94
150
109
54
138
250
85
146
53
132
116
101
140
158
253
97
211
236
196
135
80
189
157
161
232
90
182
81
214
89
207
18
190
137
153
148
235
63
107
226
6
199
110
6
71
58
191
243
70
215
1
230
63
178
210
147
218
106
97
64
180
214
200
215
34
205
169
213
249
250
185
144
22
214
198
5
69
84
193
0
137
235
117
17
34
22
199
121
35
0
166
231
43
71
155
248
184
205
101
94
213
192
127
12
188
105
226
227
143
36
167
65
20
10
196
176
59
71
250
23
245
221
233
40
130
20
220
168
18
242
119
67
126
45
25
93
11
54
139
65
73
64
2
220
103
172
154
1
36
237
171
246
250
209
32
104
195
253
75
254
7
26
215
142
153
167
220
166
212
228
211
243
235
88
106
17
253
39
9
39
105
119
208
215
77
123
93
224
108
71
38
126
22
94
142
122
188
173
180
55
227
128
88
171
232
176
222
140
4
227
243
46
61
188
19
138
169
177
75
110
112
150
73
56
40
152
104
211
82
92
63
215
31
202
113
10
1
145
213
195
230
213
76
126
247
25
63
118
110
50
26
0
34
86
214
206
96
173
202
188
191
221
10
198
146
104
50
113
3
68
220
100
111
79
142
82
230
101
177
137
98
71
50
151
38
111
150
236
180
46
254
160
190
218
135
248
88
21
137
191
240
212
214
242
60
187
111
20
52
40
15
21
212
161
62
135
125
28
252
76
61
187
198
161
1
202
31
28
237
52
231
126
44
75
19
189
201
143
183
129
65
221
110
172
25
169
94
51
26
109
75
146
111
151
80
239
224
20
70
127
70
157
54
182
170
226
154
136
132
234
160
132
212
127
85
210
15
114
19
69
181
143
232
239
38
125
0
166
162
37
37
232
48
16
83
228
196
196
137
118
63
233
61
20
161
184
219
177
243
66
81
13
245
148
1
202
165
42
116
2
70
125
49
83
196
33
238
218
105
58
5
196
209
44
176
242
119
115
99
80
183
51
51
54
219
166
253
211
170
34
62
223
136
143
55
181
91
193
113
224
26
246
242
137
244
206
242
107
10
175
88
190
58
86
87
51
227
84
193
154
122
108
185
10
144
11
119
170
130
95
39
58
48
7
27
127
94
193
153
61
122
240
161
163
130
158
150
239
141
234
97
226
24
217
247
220
70
156
67
158
91
161
192
127
66
40
100
33
207
93
165
175
30
215
45
43
80
61
183
183
150
196
239
166
174
234
72
15
46
20
143
232
184
94
197
19
172
183
14
228
61
59
73
25
241
45
238
229
213
116
190
107
190
38
153
252
27
19
46
70
203
12
74
92
107
196
252
7
189
19
13
16
39
105
215
82
91
140
226
120
241
9
169
206
160
106
27
136
68
4
7
111
61
99
150
53
108
75
180
106
156
36
118
6
30
241
235
57
148
149
117
45
142
104
192
94
119
59
132
19
93
206
5
73
5
130
77
50
140
238
123
191
1
108
185
74
84
150
155
30
113
132
26
115
187
96
42
46
171
30
4
205
25
174
238
28
97
58
126
138
41
99
18
45
234
40
75
55
24
197
61
164
245
225
156
102
183
222
71
213
91
115
91
245
72
89
216
0
47
33
117
113
139
241
250
200
110
165
89
65
5
237
212
127
107
101
91
200
0
24
48
76
3
246
130
181
46
172
54
176
140
246
69
164
194
163
106
225
58
171
48
217
134
173
141
231
161
254
191
201
144
182
112
8
33
35
233
187
80
28
124
229
117
174
11
0
69
85
7
238
189
95
225
212
122
184
252
43
44
80
170
141
130
248
154
63
5
201
171
61
200
198
234
97
178
201
219
204
40
24
176
45
112
117
194
190
0
119
244
242
56
80
179
199
24
189
151
31
113
210
73
119
212
189
179
169
98
250
214
116
38
237
92
64
153
77
40
0
173
66
89
26
209
36
25
95
232
134
15
121
162
253
123
105
103
219
74
140
250
10
182
145
9
21
29
102
114
130
28
22
107
252
34
247
74
206
165
42
61
15
63
153
5
122
184
114
1
227
172
168
183
158
119
130
0
212
71
195
164
161
18
175
162
35
77
201
233
234
100
250
155
9
40
216
62
75
132
28
171
236
115
3
117
63
120
247
171
219
146
31
41
51
182
193
190
77
112
0
229
154
87
208
182
14
127
200
253
61
228
173
228
44
81
54
15
164
144
112
190
33
132
66
11
197
132
93
8
188
179
231
69
81
56
38
62
167
201
254
237
175
16
64
138
80
191
253
210
232
207
58
185
88
75
33
181
51
28
184
52
8
223
23
41
46
50
96
244
68
12
115
42
174
39
148
31
150
27
127
157
117
102
105
76
167
139
234
174
148
233
206
224
45
79
34
25
181
161
216
77
133
200
244
124
34
228
153
74
198
216
160
0
214
14
239
100
16
35
44
70
174
110
138
82
102
22
65
169
154
213
114
102
173
216
32
32
73
204
129
35
217
192
0
176
67
127
58
242
71
155
13
0
14
122
188
213
152
30
140
177
175
109
147
236
145
243
219
107
173
227
236
164
60
157
178
98
23
45
103
222
183
97
132
133
157
51
140
128
67
186
110
229
203
159
18
167
151
153
116
12
218
222
226
55
116
7
176
55
141
61
182
78
245
176
216
7
27
229
80
19
229
42
0
115
144
59
27
152
69
226
50
190
40
89
62
158
204
80
30
181
198
244
90
210
40
11
0
175
74
85
162
41
27
112
191
252
21
246
37
150
190
214
122
161
212
145
65
148
167
9
90
59
173
197
107
88
192
147
85
108
193
133
201
75
90
141
0
144
2
155
102
180
45
78
211
99
199
182
60
246
195
37
57
104
244
63
180
177
209
167
228
37
158
151
77
74
117
248
235
24
144
100
173
245
159
72
157
1
56
164
29
18
53
147
230
46
100
211
96
78
214
239
140
136
224
1
254
85
187
212
193
158
250
35
248
125
211
5
18
234
54
1
154
5
11
224
44
53
160
232
21
29
198
181
2
106
230
243
71
239
99
27
122
221
5
165
61
173
151
212
95
204
112
164
146
2
241
32
122
122
205
19
40
181
80
87
139
168
50
183
108
16
116
160
111
68
237
179
133
241
119
108
70
216
4
66
222
74
68
183
120
237
8
109
96
196
86
101
254
176
108
242
35
109
89
0
71
63
95
179
225
210
101
238
65
243
38
81
135
169
111
132
197
236
228
132
140
106
100
33
68
52
2
176
0
99
161
129
247
104
145
108
106
219
118
158
10
130
178
189
161
181
195
48
145
213
213
41
241
133
150
28
215
123
119
42
172
155
8
108
36
51
36
207
207
95
154
55
67
216
187
21
113
73
210
241
81
131
54
234
187
99
209
103
245
106
225
76
49
125
88
52
187
46
148
57
157
213
213
26
238
62
202
118
202
115
60
63
202
245
75
57
85
168
16
129
85
253
153
19
215
214
137
128
185
142
94
154
15
144
5
100
188
91
231
199
32
100
161
78
50
211
9
103
6
3
80
227
249
163
88
82
97
214
100
181
160
23
84
226
132
232
198
193
62
27
163
153
75
50
78
86
26
140
50
19
192
88
85
139
221
204
216
155
241
241
221
111
96
203
223
96
36
124
130
66
73
32
90
48
50
94
241
136
212
65
190
80
122
225
67
1
217
47
128
142
247
23
233
66
145
249
193
197
110
88
62
226
48
37
174
99
123
84
138
243
176
222
34
49
161
159
200
2
227
21
99
133
203
217
139
194
90
0
58
146
77
82
104
92
0
122
75
151
163
181
114
60
199
14
197
169
128
248
112
195
127
17
14
134
193
42
243
225
87
102
63
95
112
27
237
35
149
188
107
27
236
45
103
163
125
254
89
106
126
227
15
197
147
69
92
41
132
221
241
161
114
92
179
68
18
230
18
160
172
229
225
95
83
81
185
124
151
191
130
76
165
205
183
216
38
131
214
159
34
120
35
6
243
88
60
89
17
82
228
27
228
36
101
31
243
205
150
201
166
54
250
133
186
0
181
13
102
122
194
26
213
193
126
42
150
128
17
45
92
243
47
97
58
182
165
63
28
101
41
119
164
190
51
172
47
70
51
130
151
97
237
216
213
169
97
83
183
53
196
52
56
206
207
254
179
223
44
48
170
163
116
102
242
101
12
73
92
204
18
221
82
239
119
139
0
21
62
233
187
32
109
46
108
94
72
166
220
45
47
35
129
95
38
162
122
206
29
244
143
125
129
52
24
191
127
77
203
71
5
246
100
178
240
0
214
137
40
59
6
81
208
179
165
22
29
240
236
186
189
243
106
248
153
5
165
71
78
42
214
198
19
155
140
217
99
193
90
75
164
202
219
8
172
56
72
120
181
23
239
19
6
231
165
59
42
251
90
249
159
74
210
118
70
90
48
217
9
150
82
7
143
251
205
76
38
68
135
225
243
105
54
136
16
241
83
86
17
226
152
188
14
50
75
79
153
232
87
105
38
113
139
172
153
232
243
39
94
178
4
181
235
116
125
69
112
248
136
178
201
60
32
82
18
142
207
29
91
238
179
72
117
52
177
140
106
62
247
55
110
211
161
172
178
240
130
153
156
94
185
46
74
125
172
40
63
139
166
51
166
163
219
241
194
150
207
125
12
148
96
235
117
65
253
56
235
11
100
144
157
108
30
136
131
168
80
136
16
29
2
238
173
238
18
215
252
237
37
150
10
122
56
85
76
175
254
223
181
44
173
45
19
89
92
63
194
225
22
5
80
38
136
78
225
207
238
245
35
134
95
98
49
63
137
80
179
78
141
162
98
118
81
213
154
83
9
12
148
127
7
49
4
127
180
199
206
161
161
166
1
100
254
121
72
71
194
45
245
123
113
105
247
80
182
232
163
146
127
209
89
35
190
219
48
202
7
208
28
224
71
133
93
214
209
88
229
3
72
23
112
161
228
65
242
66
108
111
8
32
51
60
212
36
82
203
117
43
98
5
216
113
81
33
244
200
215
240
137
136
144
80
131
136
128
110
128
107
50
59
165
71
4
38
66
97
198
4
119
221
57
241
242
166
251
140
128
74
78
93
103
40
75
168
182
56
187
18
53
103
153
135
6
133
72
28
242
74
141
126
146
249
217
190
201
205
224
63
60
8
113
229
14
68
214
18
184
148
103
127
55
191
238
53
166
31
199
203
178
136
177
99
72
146
19
48
250
191
54
51
49
250
64
198
173
110
63
215
13
164
16
251
234
24
52
101
215
129
34
129
167
56
112
183
70
175
41
156
16
125
100
193
34
184
237
231
195
182
244
113
55
233
121
25
162
19
67
85
226
95
198
223
240
84
148
42
238
132
150
84
126
22
66
7
81
123
219
217
0
154
171
113
42
4
31
153
28
116
248
95
204
247
44
227
124
89
47
140
216
17
163
199
13
52
216
21
173
202
235
36
154
209
234
72
97
225
25
90
235
225
13
190
233
6
98
14
230
115
121
233
76
50
86
193
45
209
112
66
48
177
168
101
61
225
210
56
110
68
104
187
195
163
49
46
131
249
59
149
202
48
212
7
72
132
70
21
83
236
0
123
190
143
112
193
191
179
206
161
228
153
247
159
17
76
239
0
234
230
171
242
72
135
0
86
78
34
241
209
139
235
115
118
86
46
82
69
235
13
208
0
111
130
80
74
69
35
101
32
34
207
195
151
226
74
160
33
44
209
66
67
183
228
204
17
240
18
47
65
73
9
89
221
138
97
81
165
193
140
35
192
103
187
203
8
167
74
16
194
211
84
154
129
17
59
43
124
85
69
167
253
92
93
31
180
137
73
50
83
192
61
137
111
210
40
148
154
235
74
168
192
254
222
101
89
63
198
156
114
134
136
179
172
241
201
144
157
165
149
156
3
243
192
8
185
204
209
114
128
158
85
54
95
213
7
233
109
196
124
115
121
27
217
111
156
91
68
1
150
188
60
54
208
126
150
148
12
229
97
9
66
209
97
54
121
245
157
20
132
41
248
63
230
141
227
44
124
169
253
154
192
228
13
247
93
22
115
129
99
179
34
132
230
65
148
234
166
136
103
153
0
162
134
25
167
191
144
172
122
102
87
50
52
172
125
95
85
183
103
78
140
117
115
22
169
117
28
16
165
43
194
145
240
46
48
8
201
25
147
6
128
61
156
244
253
184
100
61
51
166
61
246
168
191
29
74
15
205
254
132
176
209
18
232
127
44
170
194
105
249
68
163
65
143
49
23
106
80
226
221
126
210
227
15
165
119
178
139
186
192
130
55
213
170
7
93
236
179
172
63
159
215
4
3
237
129
53
199
158
149
97
165
39
251
25
92
44
224
113
152
78
224
16
18
110
101
132
8
136
72
45
95
126
85
176
41
60
58
73
82
38
10
132
174
18
186
111
151
251
53
66
240
243
52
251
18
174
153
119
248
4
7
35
150
154
165
102
129
175
0
34
253
166
140
61
218
241
96
107
128
228
216
83
173
119
65
226
248
230
172
195
77
195
184
159
17
182
128
124
169
66
197
10
225
131
51
173
224
11
161
78
65
203
221
234
212
236
101
140
19
125
184
133
157
56
193
151
243
73
151
132
159
200
80
132
228
8
126
158
187
22
210
130
97
171
237
28
185
202
167
162
167
163
43
247
37
207
77
75
15
198
16
145
128
204
65
94
219
138
239
81
246
165
228
121
184
242
171
239
253
12
103
201
52
55
194
54
141
72
151
173
185
30
51
160
52
181
21
171
203
136
229
81
250
13
59
44
8
203
71
225
202
180
182
71
155
81
85
30
178
242
93
0
117
141
4
193
52
228
182
132
91
24
100
160
243
121
66
4
145
126
84
160
188
10
64
19
144
222
145
148
157
16
53
246
220
9
52
11
101
251
35
83
165
249
196
86
59
254
76
177
127
38
184
44
252
66
133
157
54
143
222
151
60
75
153
202
10
73
103
118
4
14
176
88
19
80
4
235
69
111
156
19
0
158
118
32
51
50
245
151
121
157
191
224
152
234
59
197
46
211
79
221
182
115
5
145
180
240
99
102
104
249
153
206
247
82
48
91
122
61
13
158
217
156
214
235
251
87
19
199
89
28
118
48
31
103
154
79
113
233
104
196
175
5
148
122
171
122
185
16
79
83
178
187
117
130
144
131
82
106
189
115
180
124
202
19
109
148
227
127
42
11
216
223
91
41
154
84
85
132
109
171
155
150
134
228
76
30
229
93
12
108
12
112
236
225
193
79
145
180
85
127
133
17
68
9
3
54
112
224
96
39
248
16
101
252
24
140
189
226
0
199
186
21
156
59
234
89
36
129
9
186
4
231
56
51
65
47
139
196
50
46
46
157
132
38
223
45
132
223
0
218
21
147
211
2
241
102
59
211
140
26
204
209
116
251
33
182
80
254
20
225
226
227
157
252
129
130
101
234
79
68
66
253
171
25
8
223
191
209
45
220
11
17
0
28
170
245
135
122
253
81
16
228
196
189
168
4
103
251
172
48
0
210
232
21
47
197
37
91
90
29
50
124
189
142
147
13
16
12
172
121
153
28
76
125
213
110
42
121
209
47
195
222
66
222
119
247
102
52
164
9
136
82
141
183
64
148
247
19
8
190
144
17
124
236
168
233
182
195
151
83
127
91
59
240
67
166
237
245
121
9
159
111
236
224
101
114
84
138
114
97
194
178
240
73
47
20
152
239
85
60
228
15
146
54
17
80
172
214
34
58
210
31
204
230
57
52
54
9
176
96
241
87
186
139
73
112
110
250
4
116
191
244
179
75
37
82
57
97
43
219
149
174
103
68
41
155
98
234
129
108
141
66
200
101
154
100
102
186
51
115
135
43
53
129
25
111
10
245
116
86
192
29
70
107
198
231
143
208
207
35
81
92
219
237
156
42
239
187
173
136
177
201
42
180
226
14
173
238
49
66
55
92
51
94
38
206
66
186
110
12
247
170
228
119
147
67
165
185
44
53
196
153
44
188
191
250
80
175
127
187
75
79
69
126
95
98
148
7
70
119
230
240
115
56
69
65
86
216
224
182
42
245
222
224
132
121
39
76
200
78
47
0
107
0
74
223
172
44
195
58
80
236
193
144
164
122
129
177
198
16
214
68
18
15
78
125
240
63
4
109
75
236
165
241
160
137
36
143
80
106
17
241
92
128
171
235
202
40
181
250
108
137
195
197
77
217
177
220
144
16
223
2
183
64
137
225
249
51
168
152
209
233
250
185
21
79
4
100
245
57
241
130
205
178
77
88
213
145
111
220
168
238
230
223
242
6
115
87
10
0
132
183
137
38
99
194
148
208
8
179
56
192
101
138
106
66
149
21
48
143
96
128
98
24
199
158
20
26
51
56
209
132
17
101
206
219
232
101
190
170
107
219
66
166
148
232
124
135
112
69
25
121
173
95
241
153
92
144
16
33
242
96
251
147
229
87
220
235
215
123
169
108
238
15
13
11
230
55
30
124
115
8
84
3
14
229
124
166
55
23
31
252
72
150
119
18
134
238
73
175
172
181
70
140
22
15
126
158
179
221
246
99
206
164
250
31
165
14
60
193
52
206
238
156
121
143
0
80
58
15
12
23
191
104
27
3
106
41
169
242
86
253
25
160
79
123
0
43
112
247
236
82
79
70
81
238
243
104
76
180
158
231
30
153
42
143
143
188
104
37
191
113
140
253
221
30
75
122
9
240
105
46
2
237
244
139
212
167
185
80
152
245
61
206
230
65
142
234
81
34
173
241
137
127
87
172
176
159
246
18
31
139
162
61
51
85
201
185
40
73
45
89
183
57
155
30
159
57
153
253
230
147
110
201
159
8
232
19
238
13
189
246
244
147
191
241
254
130
213
211
97
204
237
246
72
231
102
95
242
37
83
18
120
29
127
28
28
248
146
140
203
231
182
126
237
75
189
28
237
34
175
223
62
210
24
35
196
236
44
181
89
72
135
5
193
236
237
174
83
38
26
52
75
0
7
233
38
18
188
236
193
138
129
51
175
2
193
128
159
239
202
14
184
13
234
210
64
240
77
251
50
168
131
130
252
59
198
79
143
217
186
59
146
37
42
219
206
76
167
122
61
65
185
131
41
8
0
94
185
173
0
125
17
146
40
240
146
109
129
129
83
75
173
111
150
134
181
155
149
70
113
102
119
29
120
239
167
227
48
168
191
48
16
108
149
28
117
179
111
192
90
98
211
111
157
143
151
145
241
208
207
124
145
154
163
45
193
114
164
92
48
15
77
166
111
52
204
17
174
173
172
52
240
30
80
156
39
32
84
225
161
9
92
154
0
214
239
113
35
38
73
221
166
178
39
3
36
55
40
6
15
153
190
95
105
173
220
86
90
62
113
176
59
87
130
174
209
150
28
157
243
4
3
253
58
54
193
173
155
249
253
57
73
46
207
23
150
82
197
0
90
223
133
119
69
149
49
235
181
227
244
86
85
2
125
76
119
40
91
109
30
231
2
20
177
162
125
162
129
9
106
188
73
200
61
203
47
174
140
148
157
180
231
166
58
245
251
244
14
214
209
49
9
101
79
62
181
230
186
143
52
54
184
82
252
137
126
200
68
40
40
28
90
115
36
89
214
44
123
144
62
184
110
162
182
65
127
133
179
126
228
97
37
175
81
36
100
17
98
17
220
205
116
23
227
68
11
137
158
41
100
29
118
181
22
249
85
250
84
217
25
162
143
148
86
130
105
70
33
216
47
40
174
169
228
254
59
81
70
33
26
40
93
29
213
41
37
55
103
34
78
0
137
48
106
172
16
138
186
196
216
24
106
176
246
112
85
111
105
75
180
164
167
114
246
153
156
19
141
180
62
73
244
116
203
194
202
217
76
83
194
176
182
48
104
52
38
219
140
90
126
127
23
199
46
158
181
105
56
97
213
34
163
124
236
84
14
0
25
22
115
228
77
195
123
162
219
140
53
213
91
54
61
175
22
136
152
138
132
48
66
9
8
73
241
198
195
195
34
34
188
110
136
236
133
144
135
79
190
117
105
48
249
44
91
156
15
195
26
250
76
228
212
243
178
70
99
63
70
74
5
123
52
197
32
214
65
100
122
119
118
73
246
23
216
100
159
144
190
243
29
198
42
50
112
145
196
10
96
39
91
7
127
33
238
72
46
124
113
228
158
228
14
196
104
26
208
24
230
216
207
11
129
69
147
122
199
121
88
210
55
220
78
156
240
221
35
27
92
173
90
236
118
21
16
0
141
104
69
20
162
250
211
84
233
73
47
6
217
174
70
170
4
192
218
215
242
32
250
83
253
47
211
175
130
254
121
55
200
10
90
32
142
171
13
218
208
246
253
21
221
29
100
210
13
41
224
5
204
35
130
62
191
114
3
144
0
167
45
209
14
18
43
128
165
189
76
219
68
134
146
207
115
83
249
0
209
103
123
34
131
36
109
169
37
6
213
155
27
89
111
234
204
61
194
202
213
236
139
162
53
116
163
212
146
0
55
40
37
74
145
208
77
53
228
247
182
221
111
141
58
153
234
110
97
0
39
185
148
241
113
17
64
13
43
49
233
117
130
71
88
225
243
33
123
58
156
8
128
221
252
139
246
12
154
7
250
23
42
174
177
200
37
236
85
158
116
97
4
111
47
200
168
7
201
124
141
209
97
117
173
238
13
208
166
92
195
95
110
196
93
214
145
238
1
131
109
45
151
52
92
162
35
9
253
7
122
94
225
133
49
128
184
100
161
191
152
150
226
221
237
59
71
131
16
21
57
228
8
184
33
138
93
229
213
208
30
158
75
70
203
98
8
102
219
177
87
60
131
115
126
244
31
241
70
247
82
126
145
151
107
34
185
214
199
207
234
189
75
92
6
236
199
176
101
35
246
102
63
186
94
4
208
69
28
211
183
50
173
140
44
219
136
45
124
186
59
212
230
144
140
134
121
55
8
49
161
181
90
130
107
143
230
67
179
244
72
92
187
236
78
165
195
139
113
132
117
251
213
10
61
64
158
5
74
234
160
9
217
178
70
77
188
220
123
78
172
92
252
55
164
170
155
17
222
128
71
253
142
26
123
167
227
29
51
56
108
29
122
19
253
134
104
245
108
215
13
23
211
131
163
24
70
244
156
4
108
146
121
70
115
9
226
186
130
206
252
202
26
26
16
64
66
52
186
7
3
212
175
101
67
162
183
188
134
70
85
204
105
212
203
246
160
72
163
122
12
1
169
188
26
62
2
211
112
137
52
131
49
26
126
242
88
167
47
133
190
226
119
49
158
79
29
182
160
161
87
13
102
224
123
8
229
153
161
75
104
124
104
240
66
142
157
213
199
193
97
153
199
143
246
99
80
185
35
231
161
129
202
94
189
151
202
0
65
116
251
42
22
118
182
240
252
191
7
10
190
55
141
0
17
137
68
80
53
7
127
95
167
35
57
127
230
125
225
201
216
178
165
85
1
243
225
105
34
80
140
210
73
167
24
177
183
162
65
111
133
7
25
120
101
21
92
239
161
37
224
130
148
96
26
129
133
187
144
31
176
22
105
86
123
253
27
239
77
15
141
145
8
226
191
122
154
250
164
129
71
236
90
191
16
180
104
18
138
226
47
234
6
223
123
221
21
109
205
125
230
218
225
140
7
175
231
204
41
47
81
76
148
74
192
130
112
37
56
122
126
81
214
95
137
123
106
145
35
82
180
144
245
181
190
148
164
128
190
129
252
128
4
83
138
234
51
89
78
162
245
9
54
39
154
46
125
214
123
121
247
100
119
104
18
86
228
213
221
193
5
246
25
198
249
224
159
185
174
94
64
145
118
125
41
250
133
185
77
91
92
41
9
132
158
136
110
145
85
194
6
64
79
116
40
203
112
237
93
235
114
157
49
126
7
205
92
40
46
110
29
220
101
241
121
20
154
195
13
55
90
86
137
49
28
226
131
5
160
141
20
99
171
73
142
204
98
41
229
45
42
143
10
156
122
59
159
231
13
29
117
93
14
219
142
223
215
177
96
76
170
37
140
250
228
120
122
111
163
63
230
113
27
120
143
24
24
232
214
115
8
43
207
201
172
134
159
72
48
72
114
14
75
151
220
52
99
10
116
169
177
196
163
152
213
164
123
218
33
86
225
41
8
147
238
117
134
137
199
111
212
26
142
67
186
32
116
62
188
112
15
98
32
85
237
212
155
208
76
109
173
109
145
237
34
201
134
53
2
227
142
154
34
187
233
97
222
147
171
27
21
192
153
157
205
217
218
150
238
21
103
203
214
100
185
17
1
185
236
112
213
155
144
74
145
100
111
215
138
80
146
227
84
187
39
40
0
123
146
233
161
173
17
16
80
4
104
168
248
33
194
215
249
208
199
12
4
170
194
56
50
150
123
112
175
234
186
194
0
30
31
36
69
133
91
37
241
161
82
80
206
221
82
61
236
20
135
127
87
59
73
211
211
15
158
178
206
97
51
76
3
43
103
28
166
243
112
154
245
89
101
44
123
133
119
41
84
20
99
149
130
46
116
82
158
211
125
105
239
181
88
115
151
147
127
62
233
153
0
248
27
154
50
222
96
120
148
61
142
42
73
206
34
113
224
75
197
40
121
23
122
242
113
206
135
61
234
75
169
45
13
174
20
204
231
132
168
228
164
194
85
179
39
163
154
205
221
112
77
228
141
112
31
56
244
169
91
76
202
137
243
103
186
163
200
253
180
152
161
150
31
169
208
242
254
112
127
215
21
122
175
54
66
151
59
136
115
144
39
109
77
102
29
160
205
177
248
200
153
200
32
141
65
77
168
55
209
145
90
141
52
22
61
250
62
102
76
129
215
14
174
71
22
36
149
19
8
205
226
217
176
149
0
74
5
200
155
128
67
199
253
208
58
212
234
240
182
13
140
131
30
89
65
221
126
117
3
115
22
44
218
56
128
5
66
68
99
191
15
34
224
62
58
168
193
191
82
169
45
218
169
60
132
141
6
207
74
77
35
247
142
179
70
142
221
241
216
106
23
183
13
93
33
185
55
193
119
13
138
241
73
161
247
17
110
239
242
63
159
0
84
197
13
194
75
11
247
134
157
220
81
27
233
45
36
245
154
44
167
96
135
191
53
101
130
216
99
166
36
10
177
168
97
240
207
112
67
242
83
195
18
238
59
58
66
83
164
190
80
0
217
91
2
22
76
122
191
152
183
85
110
189
135
27
134
50
70
190
132
116
244
58
250
35
72
131
185
97
12
231
200
152
221
35
102
217
23
124
108
5
149
234
18
2
146
245
72
245
202
120
186
254
113
138
228
80
89
13
85
153
66
118
169
3
176
162
112
119
0
0
105
139
110
228
155
174
162
85
182
58
248
200
26
41
142
0
7
214
192
45
159
55
139
79
181
189
101
219
109
48
70
109
48
32
58
152
217
114
132
168
24
233
165
180
123
16
251
251
238
172
248
168
228
114
26
76
181
160
148
7
239
202
251
36
5
130
13
24
201
138
71
4
156
180
106
131
188
101
233
53
241
4
19
159
236
183
173
125
235
140
143
117
195
129
226
48
220
48
168
54
207
169
166
73
76
101
53
238
130
188
150
63
151
153
66
1
149
206
118
127
118
108
142
145
82
248
135
169
191
73
61
199
71
177
170
179
133
110
180
131
77
92
122
67
225
187
64
120
136
123
177
98
57
229
126
54
149
9
153
217
121
219
16
200
18
172
71
254
174
109
214
10
45
204
72
250
212
123
78
44
76
67
41
134
243
63
66
248
62
33
161
25
149
2
38
82
237
14
106
4
40
44
23
40
94
116
179
100
200
132
250
188
155
148
75
12
5
222
122
86
21
250
64
55
166
43
39
151
139
224
56
101
96
102
9
162
8
34
56
99
119
68
108
47
133
81
169
239
34
99
50
198
76
141
195
22
236
129
93
185
225
65
190
139
17
114
156
130
162
39
177
51
90
23
65
207
123
182
108
183
162
25
238
2
194
109
176
152
98
83
55
157
118
8
60
80
112
236
243
173
68
182
143
221
150
237
44
129
251
21
142
24
197
88
137
103
66
136
26
241
92
121
83
162
199
222
208
186
123
132
97
244
90
99
151
84
64
216
156
80
205
203
175
247
60
220
188
182
3
203
130
14
105
218
235
3
113
106
125
248
188
239
196
167
139
44
185
241
157
36
253
98
122
179
6
114
231
252
200
200
249
71
198
6
100
129
40
69
196
214
187
115
142
173
138
36
34
182
105
16
211
24
108
90
37
89
8
220
67
146
102
168
234
228
99
216
157
85
214
133
17
184
87
9
192
219
179
16
69
0
182
155
155
58
8
35
249
97
130
119
156
172
229
121
251
123
48
251
158
168
170
242
165
164
7
178
221
91
226
171
47
19
201
66
5
230
226
168
202
47
224
46
14
200
128
249
34
215
46
184
62
33
158
32
35
241
14
241
213
198
72
11
55
149
63
88
66
14
229
31
79
50
45
16
232
46
51
192
100
204
48
24
228
5
83
12
97
79
212
106
36
121
90
173
188
63
202
19
228
111
127
77
221
217
213
83
176
172
125
211
12
218
201
244
38
0
52
224
90
175
161
47
192
113
128
147
18
124
59
229
152
3
152
139
8
65
224
160
59
8
137
207
38
66
190
12
23
12
43
147
186
58
249
71
59
105
237
134
225
158
76
197
180
195
69
39
147
33
127
47
183
102
115
172
219
194
196
162
123
242
50
197
219
131
206
90
165
246
53
74
203
5
198
188
223
236
86
129
171
189
185
246
237
224
225
201
170
23
95
60
231
166
138
248
216
200
246
237
23
186
64
68
168
140
80
166
176
47
157
179
165
164
17
85
110
10
141
39
21
147
17
242
230
140
64
40
187
30
243
92
185
232
47
199
186
229
94
178
184
227
235
82
148
23
212
7
89
190
22
162
115
29
0
23
203
167
120
60
97
240
86
95
125
229
103
192
195
99
213
133
100
89
152
164
107
147
157
164
0
23
128
111
32
100
14
248
7
91
78
215
198
167
45
13
31
61
195
163
60
183
140
114
70
212
92
159
162
217
99
31
110
246
35
238
105
206
184
20
70
115
246
2
86
200
135
187
72
190
213
239
146
115
196
33
33
74
186
217
180
194
189
161
24
177
0
123
172
239
192
189
34
23
94
249
77
160
244
205
151
107
41
128
143
31
253
39
78
120
125
218
40
72
59
95
67
253
33
83
252
34
33
104
110
206
96
100
181
169
155
56
140
153
252
189
88
224
178
130
118
0
238
56
236
139
245
149
16
123
209
211
106
135
150
131
80
127
175
43
54
146
24
197
87
12
209
85
221
158
18
1
22
171
17
189
52
61
163
33
99
163
216
172
112
54
216
217
170
252
51
250
24
151
243
223
42
107
125
204
104
169
208
191
24
113
204
27
203
71
102
59
99
152
233
224
206
104
140
88
244
115
187
217
24
173
129
203
63
55
237
52
177
174
161
228
208
210
236
231
157
186
153
194
167
15
167
231
47
216
197
14
4
201
58
219
202
197
26
3
110
94
18
19
85
13
152
116
91
58
79
86
52
3
120
35
193
98
46
250
236
162
65
239
96
83
10
24
125
217
6
228
150
240
61
214
53
100
152
115
74
11
131
158
222
13
7
251
47
104
14
153
56
197
224
201
209
165
90
0
223
4
78
204
0
139
167
133
225
128
26
145
161
70
26
100
89
15
103
51
57
123
50
75
32
41
84
223
102
243
8
172
82
162
47
221
76
106
29
169
38
7
141
85
126
70
186
170
237
233
146
43
41
87
60
121
170
167
83
143
40
243
202
211
191
100
7
77
0
160
4
242
165
15
221
220
26
55
78
230
28
137
12
249
82
203
116
203
85
117
250
202
14
26
210
29
65
180
248
170
98
189
48
69
221
199
175
189
28
225
105
212
148
184
1
245
9
219
30
243
39
48
228
179
82
148
197
203
16
151
211
174
82
23
101
213
35
128
203
242
202
14
87
2
35
22
14
70
16
169
190
90
52
136
45
88
173
86
27
109
1
249
245
44
172
140
183
46
213
7
160
172
14
180
192
110
181
100
199
248
110
78
73
11
180
49
94
5
144
69
250
109
94
155
197
162
242
127
226
105
183
109
67
191
203
155
21
245
228
226
71
233
124
98
96
104
35
249
74
94
98
109
225
8
56
163
15
153
34
5
125
162
125
59
47
155
165
243
90
45
7
15
175
88
130
116
92
88
253
177
57
163
159
38
226
58
119
80
66
5
30
6
107
134
124
201
27
146
165
168
43
130
32
90
209
57
252
49
43
85
254
147
136
193
128
106
159
100
46
103
151
240
245
245
51
52
32
15
247
132
182
170
180
221
219
151
8
127
66
134
216
148
100
200
195
229
68
110
139
145
109
157
189
13
38
154
101
207
5
122
61
202
227
95
186
51
69
85
249
254
25
1
50
74
166
79
196
210
240
113
174
176
212
131
59
184
68
126
65
26
12
182
49
254
126
51
245
135
156
38
115
21
120
113
244
169
52
39
101
120
238
112
69
19
14
133
76
19
143
193
24
230
132
155
62
72
254
56
215
213
61
36
71
57
178
197
4
155
215
184
78
114
219
92
162
174
27
58
197
179
113
250
104
79
58
253
25
160
176
72
124
52
47
94
3
5
97
138
152
98
70
143
87
211
213
3
77
33
153
231
14
232
202
109
74
31
40
146
76
62
65
1
228
216
251
56
102
109
136
11
109
249
124
76
25
102
70
58
157
28
105
16
201
44
251
48
185
150
212
115
29
155
169
100
20
162
194
34
187
29
109
100
145
224
199
88
184
251
20
136
138
215
228
53
22
160
40
69
24
144
153
225
201
228
1
39
113
191
97
114
155
145
160
225
29
30
66
233
126
250
47
10
212
188
104
167
250
188
139
34
190
154
92
38
184
0
113
54
64
159
237
86
79
212
114
252
78
74
204
152
5
22
108
175
199
246
186
51
102
102
80
42
61
81
142
123
165
22
45
236
117
212
33
232
248
7
49
105
113
201
32
170
167
5
5
93
196
42
153
138
204
92
113
82
43
247
194
143
19
229
138
135
37
253
183
132
222
231
127
250
20
77
3
82
139
223
136
237
244
69
109
105
159
241
234
138
138
242
37
198
49
60
92
106
168
235
244
14
142
160
72
155
200
244
162
103
205
242
81
40
70
205
79
24
234
142
253
53
108
21
150
24
48
181
127
175
90
136
157
47
67
204
16
89
110
111
139
153
4
226
4
90
252
177
226
156
228
69
243
194
72
214
113
102
178
81
174
76
34
173
248
187
221
248
171
125
166
234
146
204
106
74
190
61
38
151
231
18
2
247
23
90
46
123
122
104
104
43
64
162
181
166
149
248
142
243
22
218
241
94
75
19
126
153
102
176
0
4
214
160
58
244
180
6
169
4
200
243
69
238
151
124
211
217
250
26
138
241
248
204
45
167
174
44
51
47
24
160
84
94
62
9
26
122
138
113
208
175
126
176
170
99
154
59
189
221
236
218
60
73
193
71
150
28
5
247
28
11
70
93
123
158
39
165
197
183
204
191
21
41
94
64
192
230
99
0
116
246
29
24
28
208
191
137
178
1
243
225
209
136
149
139
46
24
231
219
206
4
208
217
103
99
199
224
218
219
34
202
54
33
119
184
189
80
112
223
53
202
100
6
12
14
38
66
243
129
195
121
135
144
144
121
183
20
24
241
167
174
195
171
9
41
81
56
11
79
25
132
118
201
135
219
164
67
103
181
91
164
62
193
243
51
215
74
216
100
83
35
68
106
134
169
124
7
135
215
76
14
25
181
60
45
34
111
144
224
110
136
99
202
12
236
175
240
56
176
192
90
204
253
43
41
0
205
43
165
233
59
97
167
212
129
120
157
51
86
119
59
210
169
176
13
198
212
46
103
126
238
157
38
196
48
148
133
174
2
221
249
28
172
60
84
217
35
223
102
38
62
249
169
128
247
192
48
226
0
56
122
109
77
123
153
87
184
23
118
58
203
243
108
124
237
163
206
20
111
155
183
185
135
181
142
119
194
119
116
236
196
166
226
10
172
236
24
136
111
227
211
23
156
239
183
202
215
230
218
226
116
102
7
188
114
232
248
163
201
102
112
3
153
200
173
131
190
119
233
183
34
242
113
180
67
125
189
148
207
167
250
150
240
114
49
68
74
33
51
192
73
210
166
93
98
126
0
49
55
47
121
36
38
148
58
157
11
202
28
74
1
59
59
88
125
91
0
153
152
122
136
160
134
113
34
179
4
164
244
9
131
124
55
244
39
141
215
2
207
62
28
118
42
142
83
70
21
254
145
84
230
235
203
23
228
49
243
136
254
41
9
243
248
88
253
140
207
180
205
194
234
203
219
157
198
97
240
180
180
64
155
159
100
57
200
212
65
0
49
208
246
119
139
118
85
127
39
120
98
21
118
252
179
14
16
88
196
213
238
230
0
2
138
138
185
93
97
184
139
133
68
185
52
119
55
126
109
198
87
134
143
234
213
205
107
108
205
52
185
27
72
220
38
112
219
46
172
33
225
99
12
17
205
131
66
40
29
45
167
52
12
181
217
154
221
178
72
1
109
239
150
205
191
42
61
253
246
11
189
1
183
58
67
136
220
180
185
119
0
14
214
131
57
249
254
235
89
91
176
197
8
77
17
28
191
16
243
206
239
134
178
252
143
232
86
21
31
105
156
75
55
168
37
168
12
248
21
37
117
180
87
29
72
173
106
183
8
193
189
207
14
175
59
13
220
84
109
232
238
57
38
205
8
110
206
119
206
47
236
117
140
45
51
168
182
118
75
196
153
57
227
205
221
178
70
118
108
40
191
142
38
30
208
17
170
214
8
231
45
49
58
40
99
139
229
33
138
96
24
253
100
37
91
20
48
229
233
125
67
146
188
63
82
122
73
29
23
187
143
207
243
115
48
215
112
80
217
109
107
158
169
27
228
94
246
173
213
226
187
245
124
185
145
211
97
83
32
0
223
249
196
128
119
232
172
117
115
253
247
0
224
185
96
100
212
252
128
155
196
246
254
195
44
214
246
223
61
147
72
239
211
120
58
91
235
142
137
21
27
179
23
16
86
58
211
66
116
19
55
12
100
108
33
189
38
4
192
23
108
226
90
237
223
67
251
29
173
142
120
5
104
152
223
139
145
98
137
39
86
249
124
94
104
71
11
107
26
207
227
69
32
113
15
232
212
211
146
34
15
201
57
171
57
170
49
240
240
96
84
129
242
8
27
154
67
61
159
141
234
187
112
125
30
14
11
220
179
190
125
92
150
139
112
62
187
106
127
133
45
211
128
157
178
23
71
22
182
223
92
177
82
233
169
84
159
8
22
114
236
92
246
216
181
87
151
7
93
236
94
206
79
246
216
114
228
163
171
211
171
202
223
154
215
253
8
19
229
201
63
68
111
234
103
81
159
158
254
76
197
172
189
1
143
25
46
187
58
228
67
130
127
232
15
139
165
224
154
69
74
251
77
89
0
109
114
40
55
131
206
120
72
86
160
65
183
135
48
201
51
61
186
44
165
124
226
105
189
81
57
129
135
250
139
163
158
164
47
160
40
59
202
60
199
231
175
4
56
109
64
144
2
85
93
120
251
159
201
37
155
228
253
245
233
207
12
51
213
201
157
4
80
217
232
103
115
107
39
2
214
174
242
77
164
122
18
192
150
141
21
8
25
236
182
172
84
245
103
165
217
160
238
243
34
187
189
23
148
244
9
150
206
114
222
128
173
205
225
33
133
87
117
167
94
199
156
47
196
125
37
92
225
229
9
239
189
162
70
121
1
31
17
77
34
41
185
225
65
173
151
22
83
11
12
19
97
47
78
217
233
236
175
167
85
93
222
138
48
241
171
191
224
170
94
64
88
36
75
87
25
152
154
204
202
138
225
0
218
160
169
225
77
61
182
159
222
39
33
251
249
74
13
111
233
122
86
119
193
90
136
213
10
233
225
224
242
29
13
112
65
220
84
176
254
15
139
144
184
132
17
183
149
123
67
159
39
113
43
253
145
177
241
107
73
185
32
170
153
247
38
54
203
115
108
3
230
67
134
23
56
130
139
124
189
178
23
162
25
73
20
185
49
161
90
28
36
41
252
102
192
27
88
113
116
112
153
88
211
226
92
151
223
84
196
182
209
195
90
32
233
211
77
210
220
212
189
148
45
247
18
182
189
9
33
23
74
20
62
164
200
90
175
165
182
93
118
157
215
252
23
68
120
199
248
105
226
245
57
252
12
107
164
210
243
191
125
117
107
233
45
251
158
51
160
121
137
20
125
86
248
22
243
87
193
76
160
199
93
60
212
211
156
57
157
247
114
180
253
76
5
46
201
152
191
101
240
7
103
168
175
89
36
98
11
160
195
62
159
249
7
127
96
108
54
250
145
224
0
174
29
206
162
166
240
62
198
153
243
231
19
21
105
188
120
35
103
157
122
83
139
198
136
225
6
59
167
25
25
65
0
132
93
240
200
125
14
192
215
250
131
0
47
212
195
28
14
35
155
171
101
191
147
100
128
129
120
236
52
24
242
169
28
170
53
197
178
220
103
95
192
226
153
196
20
109
198
68
99
102
119
37
122
173
109
105
82
181
131
222
132
66
102
108
207
34
70
188
102
151
99
199
233
56
52
46
111
143
143
65
76
49
38
44
42
234
95
211
141
10
113
121
214
171
74
254
193
56
214
100
172
28
199
37
45
153
23
162
89
165
154
1
140
18
42
202
77
236
43
231
136
91
147
100
233
52
199
44
31
38
71
60
150
216
249
134
132
30
38
150
120
237
173
49
84
148
59
94
81
149
49
139
94
203
227
59
100
18
93
60
235
56
148
175
249
4
53
51
71
15
208
168
238
50
241
92
138
226
132
149
52
150
110
205
241
225
55
172
63
215
36
53
6
135
101
229
128
103
247
170
44
95
161
140
118
94
121
148
102
72
36
145
134
128
125
163
229
3
59
69
194
22
6
218
144
129
254
179
66
177
161
180
103
34
178
250
165
50
128
157
188
68
55
10
17
84
167
143
203
177
158
126
225
2
201
52
80
3
210
181
160
220
9
171
105
200
19
105
166
104
57
21
210
211
147
52
239
143
219
202
209
137
127
223
145
176
233
48
36
166
119
126
132
45
225
115
193
203
110
159
238
136
101
2
143
174
54
246
189
70
197
164
59
154
48
112
0
23
160
7
74
93
70
39
115
92
8
168
136
15
155
65
119
121
148
124
124
54
115
125
214
159
221
54
40
223
214
134
204
169
128
153
215
28
217
91
78
22
165
161
43
164
204
78
175
111
254
219
171
250
62
104
251
136
243
191
23
21
52
125
102
106
157
253
238
199
0
143
123
120
73
123
230
231
6
196
30
216
197
190
152
216
62
8
165
245
204
112
16
205
144
88
31
104
201
35
131
144
75
37
121
132
229
37
0
87
231
3
13
200
69
15
80
200
216
25
117
41
243
52
21
15
16
184
41
150
8
27
191
14
55
107
61
182
226
54
13
165
201
151
234
142
78
30
108
205
167
143
3
28
199
237
238
90
84
162
32
40
193
138
134
221
35
187
221
195
25
67
253
54
228
154
56
0
80
77
113
73
81
65
99
91
174
50
57
221
17
108
200
52
226
152
143
162
104
135
121
190
205
125
0
115
177
222
152
41
40
57
47
5
152
93
22
225
235
175
229
87
174
252
69
97
59
79
156
67
173
77
51
133
45
43
176
179
67
34
58
168
128
143
211
215
72
79
132
254
7
93
143
21
73
10
185
252
121
155
193
124
13
204
4
230
135
9
128
65
229
149
16
128
17
239
253
60
237
62
60
215
41
137
81
161
22
201
197
219
192
187
19
105
21
156
163
131
74
203
99
26
106
200
202
11
175
124
225
176
33
61
208
103
107
166
51
179
120
182
164
68
20
224
138
140
35
124
128
196
68
253
47
38
177
63
179
221
216
179
175
62
130
137
182
23
193
140
53
81
49
135
233
21
72
161
173
250
122
175
141
254
62
110
185
33
4
163
24
98
131
189
30
156
173
102
163
250
131
81
32
122
225
59
87
31
6
79
79
147
194
64
216
221
54
172
181
85
238
153
190
1
161
207
32
19
189
224
250
166
211
1
124
81
110
102
28
34
8
149
65
188
230
109
207
106
154
75
33
98
60
177
188
13
21
29
152
49
130
167
185
226
143
228
145
75
175
43
242
148
194
169
54
121
247
192
174
77
0
211
145
220
117
104
176
78
21
247
28
147
98
172
66
219
163
96
52
136
41
221
1
134
57
244
92
8
18
15
4
208
70
57
1
35
170
185
203
85
201
27
43
30
125
247
214
215
187
117
245
203
199
150
205
219
0
208
154
214
207
33
108
81
96
153
158
170
133
249
217
145
125
198
45
91
49
48
93
208
0
113
175
20
168
171
26
161
198
163
60
181
34
38
47
211
106
169
230
100
110
248
50
130
17
250
79
0
101
189
74
183
95
64
130
228
197
150
103
153
204
56
