0
149
300
455
604
763
912
1072
1229
1373
1519
1669
1822
1961
2110
2253
2409
2551
2701
2849
3013
3155
3303
3463
3609
3750
3890
4031
4180
4329
4468
4615
4767
4919
5068
5206
5364
5508
5675
5814
5967
6123
6280
6423
6575
6729
6886
7040
7186
7332
7477
7620
7780
7944
8094
8234
8388
8539
8684
8833
8992
9138
9293
9430
9577
9725
9876
10020
10160
10312
10463
10620
10771
10917
11068
11208
11358
11501
11645
11794
11951
12100
12248
12403
12551
12686
12842
12981
13132
13280
13424
13565
13715
13879
14020
14171
14339
14488
14635
14785
14957
15117
15250
15405
15552
15703
15865
16002
16153
16293
16454
16599
16737
16876
17027
17173
17320
17466
17620
17764
17909
18059
18227
18377
18528
18698
18863
19006
19146
19290
19429
19587
19747
19884
20041
20195
20349
20503
20662
20808
20957
21105
21277
21419
21572
21723
21887
22034
22186
22336
22482
22638
22790
22947
23101
23260
23399
23548
23700
23856
23992
24155
24303
24456
24596
24736
24887
25046
25203
25357
25494
25647
25809
25948
26105
26243
26392
26560
26700
26858
27008
27169
27326
27476
27639
27799
27943
28083
28238
28391
28539
28694
28839
28992
29153
29318
29488
29632
29782
29918
30070
30213
30354
30496
30635
30794
30944
31097
31244
31391
31539
31693
31862
32000
32157
32299
32445
32593
32754
32898
33031
33180
33334
33468
33620
33760
33921
34067
34232
34381
34534
34686
34817
34970
35115
35262
35401
35544
35691
35856
36006
36163
36321
36475
36631
36788
36934
37083
37222
37369
37533
37686
37831
37993
38146
38301
38456
38597
38737
38871
39023
39186
39338
39474
39627
39766
39913
40065
40241
40402
40563
40727
40872
41029
41178
41343
41504
41650
41814
41948
42113
42275
42421
42576
42738
42881
43026
43184
43347
43480
43622
43770
43925
44060
44201
44339
44483
44626
44782
44932
45094
