214
237
35
106
98
95
242
207
152
165
16
224
59
196
161
251
12
4
124
205
213
33
51
251
213
67
105
2
21
210
60
85
188
45
30
108
207
60
189
211
180
171
68
47
237
133
12
229
207
214
155
221
87
213
172
33
217
163
56
228
186
19
93
19
132
20
96
18
93
98
1
66
60
78
180
233
150
170
141
147
108
20
50
229
7
89
218
247
225
88
146
84
105
198
235
89
144
180
84
112
119
223
59
63
148
254
199
241
217
120
18
235
93
235
152
171
72
250
115
77
12
239
102
221
27
176
141
36
196
162
107
15
94
174
51
100
114
106
36
4
188
201
233
25
193
222
85
106
64
82
155
25
183
63
151
242
19
100
103
179
122
45
81
119
250
56
161
9
173
70
115
78
154
126
82
59
85
40
170
205
70
80
234
145
237
25
121
125
245
150
151
155
160
219
108
46
250
85
12
114
233
70
196
81
15
44
207
60
144
120
91
168
178
51
3
227
178
140
126
136
133
216
46
202
56
2
85
180
188
121
185
190
92
145
226
208
100
199
203
127
170
173
155
136
55
205
175
6
179
41
106
93
25
18
23
231
177
156
193
45
46
218
43
182
97
226
203
229
45
91
130
52
123
19
111
50
21
57
75
40
77
228
181
24
178
86
138
106
184
114
230
19
51
13
168
201
57
247
208
46
2
27
248
18
33
95
29
34
24
232
232
221
252
184
88
16
6
113
193
217
104
238
28
83
117
227
174
65
234
35
83
135
156
98
183
25
16
224
78
152
153
220
38
158
43
22
4
137
22
209
165
123
244
18
26
92
253
131
59
183
215
189
141
86
123
33
237
49
190
33
227
58
117
96
218
152
221
30
48
204
46
94
191
247
33
53
209
29
218
173
118
225
133
141
89
165
251
128
18
24
142
8
63
174
188
113
192
203
162
231
129
220
166
73
104
123
56
12
93
226
157
183
113
191
231
15
130
62
76
8
180
4
244
172
90
136
20
59
82
163
163
91
17
206
167
89
77
69
23
149
178
61
71
162
228
79
8
207
98
150
4
68
124
82
95
50
67
38
58
146
119
95
45
23
232
105
245
237
219
245
247
83
134
35
248
100
106
86
167
50
25
94
209
131
17
6
104
150
241
144
221
105
37
23
59
29
250
110
227
34
1
107
32
236
156
29
89
131
140
180
79
98
213
127
14
57
238
106
206
47
41
157
72
207
73
1
196
202
21
222
138
53
227
30
251
112
128
161
72
222
26
2
122
110
156
191
160
69
71
205
60
47
211
9
187
64
2
119
4
133
124
174
176
111
251
45
221
154
59
49
47
74
29
197
191
146
69
76
33
130
217
106
205
241
72
244
40
1
114
107
116
153
69
77
79
166
30
54
14
112
95
122
162
90
254
201
102
92
183
6
69
18
16
249
151
249
115
165
226
215
173
77
184
249
162
171
107
245
118
126
39
89
172
79
91
238
15
247
209
2
168
127
69
24
65
130
169
146
90
28
65
93
44
157
246
70
116
101
126
241
130
83
80
160
132
30
95
109
213
84
62
145
132
3
215
205
205
169
146
128
230
235
125
18
170
35
242
251
194
58
66
1
129
74
142
39
229
78
245
145
12
193
203
207
51
224
132
31
108
45
71
92
85
114
76
3
52
105
58
32
124
61
122
61
159
165
27
109
30
249
192
9
117
6
43
74
234
83
105
214
55
1
43
37
247
89
63
174
21
216
188
250
58
3
105
28
142
137
34
59
144
67
230
160
82
161
5
193
157
23
131
10
23
177
65
124
169
89
17
189
215
70
34
46
65
65
55
59
220
91
200
198
221
9
99
173
111
234
46
176
250
7
35
219
11
223
168
181
101
190
222
207
186
11
79
151
116
60
56
46
240
236
109
121
41
201
208
62
9
124
170
7
248
149
165
254
227
32
228
3
216
199
211
123
161
27
100
38
19
195
28
151
149
1
208
179
222
173
110
160
141
22
124
59
100
220
131
164
117
91
54
40
5
21
234
73
234
157
92
165
131
126
174
74
8
212
58
131
183
196
163
12
247
153
152
67
253
194
113
87
116
242
87
120
194
137
136
25
98
31
184
69
251
170
250
101
127
161
169
79
238
215
143
208
100
153
108
14
210
49
124
213
176
133
10
118
174
240
157
141
181
89
214
127
223
157
194
205
15
104
205
214
62
153
76
254
242
209
42
119
202
111
41
153
162
183
200
90
45
45
115
85
67
39
179
82
24
88
100
216
233
185
163
70
165
24
65
53
123
210
70
33
79
249
100
186
70
94
137
80
195
54
28
112
131
56
118
111
124
219
110
71
15
102
60
20
55
73
4
40
224
12
113
222
34
140
144
18
58
216
167
141
79
35
197
25
188
15
246
33
122
130
137
245
79
118
3
59
46
93
109
165
147
144
166
5
139
152
46
254
57
124
214
74
19
92
76
148
52
135
128
207
151
70
53
185
98
146
234
61
55
63
121
201
250
230
186
147
17
186
138
190
168
88
182
114
154
86
92
143
71
143
181
36
84
151
38
206
74
139
233
116
148
20
184
132
23
73
136
224
224
58
188
254
137
64
112
89
10
166
17
81
142
125
233
170
50
232
209
93
152
156
100
137
242
224
223
243
87
239
126
152
206
233
191
117
233
138
240
235
231
149
233
1
153
164
203
64
39
190
34
198
85
176
45
78
1
204
211
48
129
237
44
203
168
75
182
164
150
23
38
32
205
26
254
107
185
236
27
51
51
32
149
175
251
50
159
111
232
6
214
253
114
188
63
108
113
145
52
116
78
13
198
187
91
211
36
164
44
1
187
189
44
88
171
252
232
74
215
143
103
172
247
115
39
173
242
26
33
185
148
177
219
18
199
120
98
29
60
175
216
53
9
6
70
124
34
145
74
77
160
74
36
143
239
197
146
198
208
126
236
110
234
181
175
10
91
209
19
241
188
221
116
13
123
94
49
151
133
138
56
98
70
237
147
230
43
226
144
19
176
206
58
144
150
161
216
236
149
16
11
240
148
156
53
174
213
1
75
234
171
117
224
217
74
215
227
84
162
27
190
58
108
248
208
234
111
21
142
187
182
88
183
39
238
124
214
193
118
36
61
56
62
152
187
221
56
138
197
147
51
202
48
203
54
3
210
205
80
236
228
24
63
63
42
198
202
37
15
56
241
21
223
246
77
13
54
75
120
218
221
252
88
251
47
47
13
206
222
222
103
220
174
175
210
82
57
217
98
146
175
152
189
82
150
196
145
88
86
247
62
194
250
136
224
148
33
196
78
250
204
206
59
203
84
246
77
232
38
168
29
13
225
75
10
227
220
219
106
83
185
239
91
138
161
147
169
150
105
136
236
121
117
210
176
172
176
29
105
207
28
46
167
179
205
93
222
14
117
2
233
171
94
176
244
36
38
174
231
167
172
198
37
112
42
121
65
93
246
144
50
172
220
187
9
38
139
233
49
144
156
166
198
43
114
153
207
14
213
83
113
220
23
85
183
248
149
150
171
227
167
244
1
241
47
163
153
62
96
171
192
149
88
1
92
15
166
15
122
17
48
4
239
200
110
142
79
114
208
106
155
232
219
128
187
173
27
86
175
143
147
33
91
67
1
112
184
203
143
209
45
94
190
68
49
242
189
101
238
161
105
109
110
207
170
240
144
207
73
8
213
114
120
32
69
43
42
109
83
80
206
111
101
220
49
171
14
184
159
173
168
5
177
93
106
215
83
3
229
97
193
15
186
13
225
68
41
212
170
85
58
63
164
34
153
171
181
40
98
251
4
115
227
221
12
52
160
49
107
169
38
95
199
242
251
21
133
32
156
102
250
126
52
94
246
155
51
116
65
115
228
133
96
101
9
160
8
174
159
10
74
52
2
238
140
198
154
74
43
219
220
5
236
243
137
90
113
251
173
64
111
62
116
159
41
183
233
25
191
142
151
75
205
21
196
222
138
253
37
80
238
60
114
15
233
52
246
143
47
142
10
46
170
117
65
153
104
55
8
198
243
146
139
48
45
112
116
36
210
207
129
198
123
29
199
6
26
4
176
163
243
163
145
48
163
189
202
219
144
232
19
115
61
67
72
253
5
202
206
24
80
161
9
65
140
183
151
101
71
144
75
215
144
216
167
244
87
11
150
20
7
87
244
10
170
119
65
217
244
71
180
132
92
170
26
55
243
16
211
18
63
127
195
228
103
106
170
247
186
24
142
35
65
82
72
57
138
68
222
36
213
187
60
165
21
39
91
209
140
184
226
153
5
197
25
113
221
227
176
188
221
34
215
53
22
208
94
38
227
97
54
109
68
203
76
143
140
140
57
164
177
139
202
240
146
17
91
135
97
127
230
110
14
166
175
79
18
187
140
65
244
227
40
209
85
46
206
37
155
121
192
44
20
122
50
225
203
200
208
4
77
98
197
30
219
195
134
228
30
205
176
104
51
72
98
223
246
119
200
31
254
1
134
201
57
243
177
178
110
224
10
157
172
103
225
89
121
218
111
219
74
152
76
142
133
43
167
90
113
154
65
32
109
136
2
234
47
10
130
62
111
31
106
133
64
29
99
132
41
218
193
152
36
96
26
193
169
8
104
64
30
178
99
10
25
95
113
125
138
85
183
112
63
34
88
241
17
75
90
177
30
184
189
9
90
37
70
144
249
212
96
159
71
136
158
91
178
134
27
206
179
34
143
20
233
114
117
77
204
37
203
138
234
224
196
13
149
146
52
240
89
116
109
2
159
146
227
36
28
41
90
23
211
136
159
105
7
131
135
212
53
208
102
87
125
29
159
135
147
8
80
56
222
141
68
42
175
34
86
210
159
238
81
60
144
29
68
155
51
66
1
80
133
140
130
46
180
124
149
152
233
102
99
56
77
163
79
21
208
115
25
139
8
133
143
17
35
154
82
68
113
78
189
39
224
63
117
207
2
80
197
244
166
114
79
145
7
107
5
157
196
85
38
65
180
135
204
150
217
195
109
108
46
74
117
11
68
13
230
191
132
233
220
197
24
222
249
110
135
172
193
161
18
170
84
14
227
209
224
116
164
63
195
104
60
214
244
181
157
219
28
87
132
64
52
49
191
238
48
206
19
114
180
210
119
27
204
11
243
64
140
20
215
212
123
201
141
224
54
115
180
142
134
12
51
31
244
3
105
86
111
174
122
24
184
116
178
151
246
242
251
70
244
160
8
32
20
36
252
207
63
217
199
41
13
79
186
160
53
48
243
32
79
149
224
193
55
246
219
173
200
5
22
251
87
78
189
81
138
56
236
123
182
35
192
32
71
154
100
42
12
41
57
149
219
159
28
125
144
91
121
96
247
225
79
201
105
22
56
147
74
217
20
138
215
142
18
103
250
8
160
132
14
139
42
63
135
112
110
214
135
86
54
248
168
66
60
153
219
198
164
202
243
97
179
139
68
85
189
119
56
66
30
189
229
220
209
254
55
17
29
100
53
94
211
181
66
40
102
13
78
157
254
116
18
190
211
39
206
155
233
81
111
242
94
242
247
208
241
164
40
152
135
71
239
51
94
184
90
35
219
62
135
74
116
121
203
216
39
165
148
18
123
36
151
116
88
84
99
42
178
62
252
61
92
7
122
80
244
45
17
176
177
66
229
131
121
103
146
110
229
68
213
161
156
149
80
133
183
247
54
210
236
222
157
4
107
1
22
171
69
123
120
139
204
110
232
18
237
212
3
223
178
123
210
51
189
11
39
146
168
177
53
103
111
185
121
194
39
249
53
216
169
52
42
62
138
180
247
87
115
40
85
136
171
152
231
30
13
91
110
123
87
139
57
197
232
85
223
117
50
13
248
136
7
114
86
66
50
202
201
239
61
170
143
29
244
175
141
35
252
128
213
112
58
189
23
239
185
251
90
168
21
40
235
146
124
175
158
232
172
228
41
199
225
183
114
77
229
75
252
134
191
68
48
217
174
244
212
236
134
162
111
69
148
106
128
232
160
226
52
177
238
148
39
238
125
146
91
197
158
160
21
12
42
221
209
203
193
201
133
11
115
45
110
107
235
139
50
217
98
123
74
148
200
66
128
15
34
77
207
36
136
132
143
46
153
16
14
82
19
190
52
31
50
18
160
21
233
201
16
44
86
141
220
254
47
113
106
113
29
232
242
147
54
45
66
120
167
223
51
184
77
58
169
34
100
3
165
101
157
191
252
145
111
253
66
105
217
113
197
17
220
209
74
113
69
66
200
152
10
101
75
210
172
121
53
144
213
232
52
212
187
98
85
228
127
249
4
159
99
202
226
181
102
155
217
117
201
210
5
118
249
57
15
137
95
163
216
104
190
6
173
31
16
151
158
238
165
210
60
238
64
88
205
248
3
38
138
11
11
97
244
173
27
16
201
220
92
111
24
243
179
223
10
8
112
164
91
217
178
164
95
107
184
232
221
12
244
86
219
57
70
55
154
247
210
115
141
215
201
194
240
245
225
50
201
172
85
76
168
117
176
141
73
133
189
66
87
183
137
172
140
198
210
223
107
155
146
43
183
31
82
73
209
85
165
245
110
133
154
172
107
215
29
85
3
73
232
166
1
45
57
231
178
55
87
226
86
131
17
35
143
232
67
253
83
191
21
86
189
138
66
47
63
102
158
146
33
108
124
118
40
193
129
133
107
14
120
81
247
247
192
158
81
29
22
17
88
29
226
131
233
222
169
135
215
3
130
67
65
125
221
206
208
238
230
122
205
83
215
137
109
188
129
18
209
144
7
159
140
77
126
131
134
58
245
122
122
62
75
130
244
163
196
4
14
3
160
138
103
85
144
237
124
42
213
229
215
22
197
208
212
185
190
149
34
49
27
228
99
91
153
119
158
196
129
26
254
154
9
174
226
224
72
236
214
90
157
230
211
62
156
78
107
253
4
167
228
104
182
180
25
249
97
79
53
231
244
249
226
38
117
180
66
231
183
170
46
242
45
119
189
115
69
53
26
22
23
167
31
110
239
93
172
139
95
10
191
247
235
83
211
135
178
248
18
142
171
175
185
62
43
104
241
226
102
248
195
24
153
59
87
153
159
175
87
81
53
32
128
3
66
153
243
205
140
174
221
226
106
40
110
155
188
226
47
254
84
191
233
147
196
96
253
170
191
216
220
181
166
237
152
63
146
178
170
115
92
36
65
8
209
6
8
107
121
116
254
54
41
6
1
163
193
65
36
20
36
242
15
234
93
17
88
195
26
241
57
228
171
173
11
127
136
76
231
105
106
115
179
173
86
11
185
218
133
86
175
240
63
98
81
77
12
187
198
170
19
107
88
208
18
92
210
2
194
128
113
232
30
158
135
113
171
170
153
128
245
27
246
124
102
65
8
132
209
180
180
71
50
144
167
133
104
165
7
127
140
139
84
110
44
128
100
238
135
159
69
14
15
98
115
228
136
28
78
224
71
198
178
165
31
65
173
92
198
160
102
141
55
140
153
251
17
10
80
118
146
5
247
119
69
210
208
28
166
133
139
116
38
42
189
59
64
10
210
58
139
116
29
163
84
218
218
147
69
60
54
192
175
170
20
220
47
246
41
88
219
137
214
18
27
93
238
184
9
79
170
43
215
80
172
83
47
31
84
214
228
200
207
42
143
68
51
44
9
95
34
232
67
1
213
228
32
51
239
167
183
164
107
89
182
183
203
218
250
98
168
82
160
219
244
249
13
36
84
221
152
11
27
96
65
16
124
97
44
103
29
19
150
156
63
135
209
53
105
208
215
148
154
99
234
143
24
90
73
234
57
119
208
129
242
142
236
96
38
85
227
86
133
132
178
161
30
6
160
213
148
121
203
49
37
100
249
109
160
170
114
190
201
51
27
45
83
18
56
235
57
83
221
132
85
104
214
176
126
125
222
48
251
48
8
123
153
235
209
49
89
252
216
3
114
95
237
169
146
250
100
100
72
159
34
193
230
110
124
57
211
9
83
209
240
233
34
61
245
48
134
246
119
104
114
224
152
251
46
210
142
209
234
111
21
238
72
99
66
80
98
143
199
150
197
232
187
29
149
181
46
42
173
94
28
107
2
209
222
119
7
231
207
115
158
96
224
139
171
251
137
114
106
178
254
25
13
208
154
193
188
192
120
76
104
5
173
161
81
14
102
131
155
53
239
29
56
124
54
131
119
240
76
22
59
136
153
192
88
45
210
119
46
37
9
206
173
14
241
237
204
169
218
200
77
165
56
207
107
81
171
208
104
101
73
141
157
109
197
15
88
82
9
44
71
98
204
21
50
2
13
236
74
193
166
167
55
156
186
133
48
87
117
122
135
24
164
78
209
202
146
10
127
184
103
177
219
176
208
47
219
144
130
179
70
142
15
55
232
63
22
48
122
58
121
56
253
43
234
73
160
248
215
144
172
34
185
51
177
204
94
144
123
170
144
115
109
187
148
99
159
252
117
33
235
238
45
179
108
209
122
181
28
16
133
52
42
94
221
60
2
30
27
183
15
171
222
101
188
37
79
229
157
189
132
213
238
226
168
220
168
88
134
53
160
246
110
211
140
128
160
121
24
80
13
27
151
149
79
215
174
96
70
174
221
222
185
32
224
153
3
160
126
236
21
57
98
29
234
25
253
133
16
245
44
158
23
111
134
100
24
51
78
144
215
10
191
199
88
205
145
185
107
88
226
196
123
246
1
128
216
105
94
114
138
252
8
75
236
10
114
26
70
108
204
186
73
195
122
116
184
12
130
27
82
86
245
63
11
15
252
253
233
164
247
161
122
241
40
67
130
131
175
170
178
162
169
198
87
195
74
109
235
196
127
166
253
86
76
176
65
149
82
122
71
101
215
206
204
62
253
56
155
227
177
97
104
115
100
233
188
230
62
13
233
101
213
214
117
232
230
213
70
179
121
177
36
235
207
130
89
236
224
180
167
111
152
25
185
93
134
94
208
216
50
95
83
149
214
222
14
45
74
239
151
19
98
148
87
139
153
105
235
26
92
68
23
72
61
66
19
65
207
170
193
174
234
113
152
125
84
196
233
197
118
120
21
72
148
116
91
236
76
98
53
230
34
65
4
139
105
201
129
143
94
78
27
174
104
162
90
86
144
94
139
168
54
249
152
48
228
100
152
107
4
182
15
233
63
62
111
181
176
117
17
24
139
53
189
186
101
58
138
106
7
175
60
193
31
188
142
148
35
217
73
195
188
248
110
175
31
128
80
183
19
19
133
130
234
102
206
221
116
42
162
15
88
15
120
146
100
16
123
122
15
146
188
43
172
68
82
249
248
218
102
50
126
19
232
121
70
231
50
158
52
239
65
143
214
43
194
98
170
48
120
197
149
68
91
7
207
87
240
211
234
181
59
148
61
72
218
245
68
21
163
143
187
142
77
35
26
201
77
153
8
97
191
51
103
70
187
102
87
181
139
246
78
82
189
125
136
115
149
141
202
133
167
35
10
145
72
186
57
55
48
228
252
36
39
128
85
222
104
85
35
195
116
208
192
179
178
96
178
190
213
71
211
68
132
83
142
36
19
190
22
66
222
77
182
165
229
197
235
236
111
127
97
96
161
164
48
201
37
85
116
187
58
244
67
227
30
2
166
74
218
1
104
225
204
212
197
209
113
2
225
232
222
78
162
94
214
228
193
145
172
137
74
73
7
116
217
21
247
170
164
249
1
100
163
89
228
86
31
222
192
225
188
59
246
188
199
239
12
18
130
124
20
156
67
149
201
19
193
36
206
158
116
200
183
226
61
123
98
131
198
253
137
242
4
223
250
59
140
87
57
183
31
38
197
27
9
120
126
194
86
165
61
141
125
218
237
195
54
123
11
110
252
156
31
92
102
30
105
172
88
18
199
214
130
50
205
233
227
213
21
97
86
136
69
16
76
83
238
30
127
177
29
135
242
52
21
32
77
139
111
163
81
20
14
212
102
221
177
89
100
121
53
47
231
68
209
206
96
67
228
134
79
234
242
234
47
1
158
18
160
112
143
69
125
220
199
100
7
225
207
100
183
19
220
33
154
119
34
158
78
32
248
4
179
64
124
144
48
245
69
104
127
228
97
39
26
64
234
34
113
70
241
102
218
56
195
38
18
98
72
98
85
11
173
89
178
202
181
11
178
116
94
207
1
56
55
123
254
49
225
216
105
156
63
58
225
226
124
113
38
193
190
39
30
127
246
164
242
193
176
117
113
178
47
169
69
77
169
176
122
54
206
32
199
214
97
31
229
74
236
234
133
33
25
65
35
250
215
42
155
63
203
69
51
240
161
139
35
231
105
81
3
10
117
190
209
61
190
12
154
162
138
155
194
42
99
11
231
8
63
212
248
158
173
206
232
154
17
76
136
45
200
104
6
242
246
118
60
71
114
53
196
58
203
14
232
174
61
191
181
30
214
250
75
119
120
245
73
79
32
217
61
176
64
249
39
132
158
228
10
65
106
33
71
161
215
173
91
101
245
19
239
8
207
14
30
114
199
26
210
41
5
161
128
152
244
58
98
127
28
165
153
218
153
145
95
133
186
1
89
139
168
144
75
78
76
24
8
40
151
203
195
7
219
186
80
142
92
1
196
63
87
98
201
153
104
105
5
235
186
52
122
137
12
64
186
8
233
238
250
225
229
75
243
22
240
59
249
223
42
221
250
34
10
201
172
191
121
141
33
210
129
166
61
14
100
5
176
85
94
199
66
127
135
46
230
41
61
82
180
88
214
179
76
136
217
192
226
105
164
189
187
7
76
182
7
253
38
187
25
161
84
127
91
92
233
85
222
55
182
137
184
20
114
165
35
186
180
136
185
252
30
64
132
204
234
93
52
194
76
6
167
35
226
202
188
128
237
178
12
159
118
247
170
91
152
55
197
122
32
106
153
76
175
195
151
35
22
250
144
253
62
176
236
146
38
15
201
101
5
202
250
170
228
200
226
217
187
73
5
103
112
175
144
13
210
199
88
166
80
201
61
75
64
211
132
248
61
187
238
38
26
57
79
232
177
96
144
254
191
82
186
159
89
98
114
39
207
229
91
171
214
170
140
204
212
254
244
166
6
19
24
52
109
151
184
229
142
109
121
109
48
29
15
54
143
58
120
146
41
61
90
103
61
126
247
248
127
104
185
202
70
173
212
208
43
236
228
156
56
177
239
6
130
88
98
121
244
253
219
95
133
