169
16
23
44
214
48
64
103
34
68
70
89
197
47
199
212
122
195
81
51
219
208
50
137
179
137
146
249
251
191
44
33
27
137
61
230
199
57
62
250
98
44
219
246
56
124
150
44
222
18
236
169
187
246
51
202
239
223
111
96
235
212
52
112
208
146
209
20
146
10
150
233
91
37
41
103
50
116
80
211
102
121
63
104
154
37
214
19
88
242
83
222
238
149
209
7
172
86
106
234
105
212
55
253
123
205
208
40
165
93
244
131
58
167
214
205
170
116
77
190
106
32
129
9
105
36
96
50
183
48
238
253
160
36
91
139
220
171
44
164
43
12
82
194
239
242
237
215
229
240
197
14
135
22
146
127
249
163
23
69
180
176
209
116
209
192
65
125
175
248
60
217
3
96
5
155
203
114
202
9
119
205
92
77
98
82
189
215
248
16
101
201
13
126
218
155
225
126
224
149
156
104
134
10
118
170
247
240
235
103
235
195
123
86
139
59
166
135
146
134
70
118
153
235
181
102
174
59
172
65
132
8
226
131
30
66
135
191
131
212
145
198
211
195
250
204
137
145
51
229
228
7
190
17
45
59
177
219
141
41
71
150
98
136
215
112
222
111
139
217
91
85
91
182
235
98
209
17
3
73
225
234
131
179
89
112
130
239
25
27
220
249
128
27
128
24
36
220
137
4
176
214
99
158
249
157
199
31
125
99
90
86
109
208
83
236
27
88
9
63
43
241
30
13
201
248
141
113
20
245
129
173
33
110
185
135
188
74
36
157
212
226
196
237
206
12
253
63
187
75
35
205
181
76
12
220
201
163
96
193
87
98
180
181
98
114
218
103
179
206
234
41
249
90
215
168
209
154
242
103
64
135
121
156
220
244
94
186
165
87
48
157
44
115
182
11
145
190
231
142
47
74
5
201
168
188
7
129
12
40
199
178
2
50
21
41
129
97
43
223
235
45
141
67
225
22
42
178
125
63
203
246
134
86
109
115
93
110
135
79
24
160
137
38
2
105
136
165
33
140
92
203
165
196
159
241
29
24
34
10
219
141
120
24
214
197
229
232
58
118
174
28
163
136
54
44
41
140
180
90
73
100
127
136
60
159
83
231
89
93
100
69
44
122
42
33
120
106
133
188
136
216
93
63
195
24
68
132
139
177
86
126
175
114
198
147
26
114
188
236
76
157
149
106
254
167
71
148
82
86
236
211
163
213
42
167
198
10
29
19
156
14
65
110
88
152
28
172
31
170
214
152
116
13
34
249
129
170
229
104
176
9
78
174
105
189
101
71
94
179
245
3
110
162
216
122
75
116
213
92
135
214
66
169
189
176
53
129
86
236
135
87
68
218
131
111
132
59
148
104
168
32
231
182
34
108
43
79
154
54
222
231
204
52
29
76
47
131
122
198
32
194
183
105
193
72
151
12
40
122
206
44
245
17
145
63
220
189
232
85
19
96
185
147
127
143
46
164
167
138
234
216
187
59
205
145
228
39
79
9
80
189
159
83
76
41
157
102
26
30
98
106
164
205
106
99
198
213
161
156
221
142
154
75
118
20
109
166
184
249
208
104
87
182
235
171
150
10
195
106
79
166
248
2
8
33
248
163
216
77
19
52
246
23
223
24
217
88
16
235
126
70
114
51
61
127
145
204
39
241
67
4
36
36
166
229
187
3
180
86
85
185
56
243
94
176
3
142
87
85
63
218
244
77
48
61
41
211
99
155
1
136
195
115
75
176
22
153
173
133
235
205
66
108
193
162
82
209
13
106
201
130
237
134
35
164
22
143
163
182
23
121
50
235
91
220
26
154
31
163
41
169
218
76
51
250
6
45
162
140
84
109
211
141
226
13
42
254
78
11
13
72
173
46
161
159
244
231
12
210
36
65
137
11
87
60
149
5
56
209
20
213
131
48
87
87
220
123
118
151
224
221
112
189
48
146
211
104
20
71
207
78
238
119
240
227
127
175
29
80
56
163
19
119
128
23
169
62
54
119
5
247
239
229
25
140
190
242
217
112
118
29
114
254
37
86
67
153
124
204
165
32
126
79
177
142
8
198
183
17
244
241
83
179
35
220
65
103
236
143
186
182
57
37
110
167
229
154
166
232
121
96
54
212
213
53
115
100
118
147
55
109
244
95
36
146
34
239
81
184
45
88
11
27
204
171
249
15
61
123
223
199
177
126
76
219
4
155
181
90
201
247
229
25
27
33
145
77
53
162
171
142
87
214
122
131
254
208
124
223
227
194
198
216
126
216
136
233
194
251
181
139
227
68
185
88
249
250
29
126
88
101
184
157
248
89
56
104
70
248
50
1
211
124
86
232
105
67
52
200
30
238
244
236
151
233
204
41
215
44
47
182
84
96
169
254
152
45
102
246
54
136
238
123
102
59
29
66
240
70
59
194
237
212
105
204
7
127
38
120
231
94
99
14
198
118
109
35
20
94
39
91
68
120
110
100
34
85
201
143
67
62
195
29
224
200
189
179
1
53
78
193
94
165
68
142
184
224
12
249
90
55
254
135
250
30
203
162
214
227
93
245
174
236
110
109
1
224
47
249
165
74
248
150
109
171
149
145
238
84
21
136
244
56
112
95
250
23
149
248
117
99
237
98
221
162
145
18
103
131
116
92
21
66
181
28
99
229
115
149
237
62
14
244
238
94
235
249
185
196
190
234
102
210
254
210
49
132
110
74
95
120
134
171
60
131
98
185
222
185
185
116
184
143
206
224
173
241
229
4
252
2
160
174
138
94
75
114
110
170
170
139
77
93
133
220
17
7
79
61
159
136
194
21
68
205
183
52
51
211
4
47
246
50
107
82
49
44
245
17
191
14
83
220
234
32
7
254
126
105
212
207
27
17
12
149
23
236
251
123
126
46
89
224
246
226
58
213
47
251
30
44
185
178
194
246
16
99
197
243
91
3
164
110
44
252
64
247
43
140
230
254
185
55
35
19
232
5
129
62
107
206
37
80
174
12
161
147
86
243
175
88
8
121
253
135
161
218
73
201
52
235
242
193
194
184
169
37
4
190
135
133
118
136
153
66
37
248
173
167
19
24
34
156
61
147
128
42
12
185
28
218
98
165
228
176
32
147
33
131
58
231
16
169
71
113
236
53
59
104
226
119
213
161
84
32
222
20
99
193
93
194
119
104
250
85
42
39
56
109
55
22
22
190
3
225
6
142
131
207
132
220
59
50
215
240
27
234
44
173
248
81
134
2
99
192
206
91
113
92
113
200
75
124
100
148
220
252
118
204
29
61
158
178
78
151
230
231
133
78
254
213
145
114
222
97
90
72
21
246
128
74
245
132
16
225
156
124
79
217
76
248
145
217
9
184
117
202
124
219
217
67
67
3
60
120
170
56
212
214
189
56
249
234
58
210
241
248
57
160
68
60
217
249
152
154
175
239
107
168
173
109
79
1
87
128
53
97
238
254
8
23
183
14
225
232
40
74
146
213
155
108
241
212
115
103
29
63
148
91
71
197
234
251
216
194
94
50
230
72
168
138
64
190
44
1
248
247
241
139
210
169
202
191
90
246
183
210
249
29
236
13
191
8
210
92
12
195
36
251
19
68
113
235
57
190
243
190
203
105
241
91
205
63
37
45
121
126
253
238
17
38
204
184
254
250
184
14
187
11
237
37
198
200
113
114
176
134
203
94
237
51
214
229
170
104
63
156
68
179
21
14
198
44
91
6
137
8
208
190
18
50
116
41
23
254
121
145
98
184
233
18
132
37
175
234
9
168
188
53
38
241
159
236
113
144
194
212
139
136
222
80
23
246
13
181
35
230
18
82
191
83
95
58
212
86
236
188
182
118
13
125
87
49
185
134
250
54
15
172
232
52
93
103
172
156
166
144
178
230
217
169
146
68
171
135
148
184
37
105
69
203
68
1
220
202
7
140
41
62
61
85
203
73
39
202
141
145
174
84
79
82
182
10
222
168
6
90
168
195
65
44
55
245
247
12
85
137
131
144
220
162
147
44
194
140
5
189
192
48
97
160
243
156
163
239
50
18
55
107
226
226
229
120
18
50
117
32
212
114
39
33
249
125
126
253
65
81
71
246
212
101
5
33
30
1
165
54
237
191
174
251
31
32
107
8
206
113
189
205
19
195
40
39
205
147
31
97
4
204
182
90
69
62
113
3
136
236
247
70
219
51
224
151
129
55
63
241
75
139
244
5
223
127
17
108
34
231
118
227
37
73
9
235
98
253
30
57
135
179
241
107
61
11
40
139
180
66
158
1
37
254
20
107
90
128
239
94
241
169
97
198
158
128
221
177
71
202
138
144
27
238
12
204
213
179
215
103
178
22
8
206
156
76
107
189
85
68
97
40
73
94
177
198
76
221
189
88
37
47
178
213
77
222
247
63
109
198
96
132
232
160
181
11
244
6
161
35
180
191
132
179
189
229
157
85
66
150
253
207
129
75
219
240
117
107
72
199
253
127
150
64
47
135
231
114
20
1
48
44
2
155
174
161
161
172
81
226
220
238
54
197
165
236
65
153
133
148
186
94
166
27
188
227
162
17
112
151
234
77
69
244
20
153
124
101
68
76
93
212
246
72
77
31
177
189
193
213
174
175
106
217
93
71
216
5
110
11
88
43
197
180
246
244
6
192
197
192
198
128
228
191
127
31
106
148
226
77
208
139
237
247
217
164
94
26
13
60
4
198
188
75
79
22
68
155
124
119
231
47
15
132
110
82
242
110
197
103
158
41
41
42
175
115
200
184
242
68
24
2
223
19
52
84
87
123
237
16
3
4
96
250
197
35
163
72
200
245
252
37
92
209
96
14
145
23
165
109
182
131
67
77
252
64
62
3
179
164
2
169
66
220
106
147
155
7
14
209
167
241
56
11
146
170
147
125
146
234
168
112
25
196
19
54
51
178
159
25
192
49
167
151
186
162
37
147
48
125
92
212
131
59
178
70
28
68
31
227
119
38
90
33
245
29
14
107
128
195
68
168
36
41
126
120
206
41
231
166
35
2
107
27
63
44
227
8
57
254
185
103
108
191
151
240
44
199
215
169
29
152
231
226
79
102
43
27
241
194
57
220
171
238
87
134
43
223
56
196
158
95
173
119
23
64
99
163
168
37
159
190
5
145
52
252
41
123
104
49
61
70
159
154
84
162
142
121
212
39
120
226
145
194
119
177
210
16
250
154
167
55
185
30
50
129
178
204
53
238
19
253
141
13
239
192
99
19
105
97
37
23
10
67
35
146
214
219
177
207
217
146
20
250
26
194
37
179
152
161
251
69
13
85
36
181
10
182
170
218
95
238
174
96
79
125
95
242
12
99
50
159
39
74
203
254
217
58
155
81
6
172
190
175
29
56
7
38
186
4
252
12
138
147
48
169
197
204
204
211
222
36
163
173
149
179
75
90
14
118
186
210
50
44
41
124
219
145
68
56
185
108
148
101
23
217
73
241
245
122
31
12
115
180
175
21
234
253
97
119
109
137
239
193
167
190
111
14
110
34
133
247
189
253
20
248
82
252
183
213
211
197
199
30
184
97
243
141
57
1
118
55
154
143
224
154
139
129
137
40
80
226
36
15
52
254
91
220
19
44
189
100
13
37
223
39
142
113
142
67
125
163
81
235
189
219
222
204
59
253
233
238
56
159
54
154
105
78
191
35
49
47
103
46
154
190
77
110
217
81
77
64
157
196
185
191
219
109
96
244
19
173
168
120
149
83
91
186
134
67
98
64
117
239
212
38
157
4
194
29
109
22
82
128
196
58
19
121
95
43
51
87
23
144
140
79
166
73
140
187
219
44
192
14
230
105
40
248
134
242
139
147
126
213
111
218
108
69
111
24
86
69
26
251
32
87
10
13
142
158
154
84
108
250
236
47
252
219
7
78
66
221
64
8
153
22
77
2
102
216
145
105
135
11
178
138
26
72
197
106
180
90
219
145
222
120
174
156
195
21
7
53
14
250
230
230
211
29
23
63
189
100
57
251
253
41
140
245
210
21
149
134
202
176
134
205
2
79
166
129
48
91
95
55
218
198
184
143
197
227
76
17
42
155
23
117
127
55
50
80
156
182
201
2
236
196
114
6
252
10
180
229
225
85
160
236
207
64
201
135
231
42
57
241
99
173
19
87
198
116
96
29
221
244
46
38
206
119
171
101
183
18
202
164
20
4
44
69
138
138
62
121
18
148
66
248
203
205
9
108
96
27
207
190
28
179
32
199
133
68
68
177
65
140
97
130
252
193
105
56
219
102
39
116
16
121
16
111
182
77
201
2
140
192
65
247
41
168
222
52
44
157
28
20
170
89
102
172
142
218
170
222
120
119
42
240
204
29
55
170
73
91
183
184
163
71
233
211
126
91
254
197
83
122
201
132
1
190
88
134
101
101
186
140
234
79
16
50
100
171
45
222
128
220
171
107
236
236
114
61
162
86
213
244
222
48
142
7
110
82
174
107
179
144
193
214
240
191
4
181
220
247
7
220
217
88
186
154
127
126
49
144
185
159
55
208
142
12
120
111
155
179
13
186
151
15
30
177
36
62
138
236
186
180
203
192
1
140
27
89
1
231
188
66
42
71
81
25
242
253
223
33
121
5
171
140
42
162
107
237
85
113
21
127
99
188
132
252
108
156
246
69
158
131
206
168
215
116
165
53
160
64
86
202
105
158
132
119
186
20
252
154
145
84
33
53
156
240
169
2
112
102
115
25
182
143
250
56
184
247
179
178
178
236
120
12
188
177
122
97
113
189
225
185
42
85
80
15
219
8
85
246
253
71
247
136
145
30
109
215
8
233
113
28
181
240
13
131
45
213
236
111
193
213
100
15
237
159
181
36
152
22
188
222
235
216
236
170
171
94
14
27
88
53
206
22
35
150
172
231
45
248
215
99
53
217
141
123
196
144
83
118
233
71
122
17
177
192
151
120
223
96
54
76
211
59
174
177
72
238
250
184
137
217
46
47
254
122
168
229
213
92
126
246
30
248
226
166
189
131
135
18
39
76
166
230
225
244
172
182
11
142
208
132
202
48
98
15
24
59
189
219
102
115
188
242
34
80
76
181
252
179
82
139
227
104
58
191
65
253
112
184
40
230
147
64
185
189
212
68
152
146
101
82
194
128
7
5
226
221
237
166
157
158
139
30
204
114
162
99
19
35
49
245
26
200
223
17
164
92
184
20
231
202
6
113
46
27
221
206
192
184
77
116
106
183
156
195
224
69
173
119
166
123
215
137
196
105
231
152
191
43
230
168
238
209
206
105
66
179
126
141
52
219
229
108
232
53
60
109
12
96
171
80
195
5
253
117
32
210
122
44
190
125
213
167
154
245
12
253
40
166
157
129
138
197
249
110
129
113
147
160
9
220
239
202
195
122
177
252
134
40
15
199
251
188
210
168
19
56
243
228
220
10
210
216
217
200
159
147
192
25
105
221
94
75
1
69
180
71
120
252
51
211
76
193
194
69
102
60
127
125
43
225
103
115
246
146
174
153
208
251
242
36
18
165
239
139
239
247
124
127
173
219
64
230
105
92
49
197
105
37
234
224
206
206
139
135
231
6
174
39
223
46
129
149
87
28
53
115
60
198
110
21
51
112
195
244
189
118
180
219
162
45
68
122
173
32
14
176
240
91
240
131
57
9
29
230
239
238
32
230
89
10
38
188
129
240
172
221
163
136
221
51
234
120
82
178
54
194
98
214
154
184
13
231
59
236
20
220
152
205
71
213
41
221
92
36
242
135
107
53
124
186
89
104
163
81
246
247
108
183
133
151
67
141
182
189
180
152
51
125
204
20
151
120
39
166
129
132
150
26
161
219
13
46
19
126
11
59
2
81
104
216
92
86
159
168
85
51
176
90
28
124
31
5
179
123
19
163
40
190
242
221
31
223
86
237
86
64
130
206
215
240
30
158
26
30
7
37
235
26
112
52
176
147
81
195
105
177
239
147
194
213
127
162
158
84
216
126
119
108
109
125
160
197
193
5
75
109
85
147
99
222
52
32
51
46
9
140
27
196
70
187
119
9
57
171
36
114
139
159
163
185
171
29
125
235
205
129
247
38
70
151
56
194
169
183
204
38
199
140
30
222
227
66
117
141
215
238
63
250
27
215
71
1
217
96
56
185
83
198
106
179
238
48
164
183
28
35
134
146
211
118
225
89
190
27
69
156
220
108
172
104
144
50
139
100
111
142
40
93
50
164
209
166
1
112
29
248
169
195
250
84
234
68
57
222
238
109
179
87
2
7
37
62
202
115
52
207
55
159
183
160
14
16
61
75
213
175
25
40
84
132
245
1
17
123
170
234
122
190
7
96
50
170
60
77
118
180
241
68
115
166
165
99
120
105
76
98
1
37
213
33
187
101
109
147
75
155
244
83
69
247
238
88
238
163
34
196
1
201
31
20
79
48
12
139
243
186
203
124
55
41
186
59
215
39
114
58
79
217
232
182
192
89
17
148
99
12
174
15
48
254
211
91
92
90
185
66
52
241
240
71
118
171
53
178
188
39
65
98
102
64
56
73
17
88
206
10
77
54
120
199
126
88
70
184
67
140
204
99
157
157
237
190
220
252
204
65
37
123
180
182
72
19
133
166
193
96
190
223
61
117
150
211
235
127
47
162
239
127
29
232
149
40
56
153
174
183
164
130
103
155
123
84
84
165
145
75
70
208
66
47
161
216
216
90
244
216
114
36
8
242
77
24
150
115
138
160
250
17
153
22
97
215
239
42
81
84
16
66
56
32
164
154
212
215
194
107
84
158
238
134
144
210
23
219
89
60
55
228
60
138
45
118
10
209
198
225
118
143
158
90
184
55
184
193
52
195
209
254
30
126
7
53
197
23
75
233
113
147
132
64
4
237
146
106
246
135
135
165
242
176
111
67
53
26
35
74
38
223
132
245
125
192
220
137
231
6
69
51
188
211
15
116
68
120
164
5
248
34
79
143
237
139
118
114
163
170
193
230
178
137
220
134
127
169
141
153
210
249
227
102
9
36
217
169
45
173
64
214
152
244
52
214
61
195
74
89
144
48
8
72
84
189
220
250
32
160
42
242
101
14
242
177
84
174
150
208
213
39
29
250
178
79
86
249
38
96
120
160
153
69
232
100
139
14
155
99
140
15
197
182
116
87
169
249
82
148
19
233
160
42
35
136
153
85
123
201
250
138
209
1
165
104
243
223
88
175
40
245
108
95
65
43
215
68
97
126
104
11
153
140
79
61
198
21
229
252
162
173
217
190
184
242
79
139
212
35
59
58
249
18
127
108
227
98
32
130
27
245
87
245
232
84
146
217
247
220
240
191
35
225
45
254
184
59
54
20
147
137
142
206
242
61
92
122
65
2
221
206
165
114
122
78
32
243
167
166
77
232
159
28
123
107
235
63
19
144
157
123
179
123
42
19
43
98
22
104
94
108
52
218
38
28
177
169
96
180
18
215
180
47
59
193
229
55
30
86
199
234
209
91
38
166
95
34
181
163
8
128
183
152
227
105
15
224
197
152
67
233
82
27
51
63
32
75
84
230
170
157
152
68
218
247
115
183
38
234
127
163
92
65
76
1
68
36
4
76
226
192
199
45
58
78
104
3
157
101
98
68
173
165
197
91
8
203
206
110
11
48
223
145
216
201
105
199
159
114
82
49
248
159
62
160
54
20
87
218
182
90
96
181
21
119
142
196
104
45
108
179
58
186
80
95
108
21
6
128
24
160
196
71
202
80
236
164
134
60
91
113
74
123
183
254
97
89
169
191
151
42
48
35
143
3
120
241
26
135
219
69
245
23
16
170
100
109
143
233
85
59
62
218
2
203
119
99
99
155
229
193
71
124
208
144
103
205
55
156
133
212
143
26
42
100
10
180
52
221
143
31
198
85
41
200
115
96
130
222
94
238
170
166
14
126
78
208
42
253
205
65
148
196
16
156
126
89
69
115
216
42
140
241
150
120
2
241
66
42
141
228
211
55
203
120
53
67
95
139
250
25
185
164
50
51
25
140
34
250
214
14
110
188
84
199
33
79
70
110
175
222
237
100
192
54
65
75
2
93
89
130
50
1
73
11
44
44
83
32
31
99
138
167
103
96
158
124
8
217
11
36
13
46
168
43
209
60
48
22
24
159
62
20
162
49
222
191
185
244
39
155
152
215
126
114
160
211
99
229
146
253
162
148
168
67
85
90
55
78
39
4
251
251
90
51
77
216
121
29
143
209
28
232
50
24
114
59
26
107
234
94
60
22
109
163
206
228
132
69
139
105
140
39
81
128
205
167
47
108
20
243
31
197
136
144
248
176
98
5
203
250
24
137
161
105
79
97
217
42
182
94
221
224
217
48
158
245
244
102
220
244
220
49
151
113
59
144
252
104
106
107
90
80
143
1
31
45
52
12
195
46
161
104
184
194
37
14
25
153
8
76
119
228
41
23
111
57
100
181
157
22
101
50
236
40
58
158
237
24
179
152
7
41
215
112
251
142
175
92
84
101
239
11
139
7
212
30
56
32
152
109
29
57
201
254
115
242
120
240
76
247
193
136
191
233
37
220
42
166
14
45
238
58
5
219
66
161
131
71
135
82
124
34
109
17
38
164
112
102
46
113
94
79
169
21
115
212
1
201
162
231
194
52
40
217
152
228
95
190
187
26
29
254
241
246
222
98
41
230
191
175
89
73
67
243
224
70
126
106
159
152
247
199
199
164
109
163
243
13
82
177
238
96
198
158
216
116
165
214
137
100
118
170
94
22
246
223
21
68
207
11
29
205
203
209
211
63
22
224
45
219
20
62
168
211
182
46
166
151
160
46
48
150
121
154
131
44
192
235
203
109
78
4
15
190
248
203
206
106
169
223
194
48
190
28
29
166
168
149
99
45
140
47
141
111
224
19
141
68
142
99
127
80
110
208
248
107
148
170
243
248
52
200
191
242
14
64
118
128
78
3
93
244
170
1
229
26
189
35
159
205
42
10
125
190
122
28
30
218
106
66
140
232
120
202
25
55
20
85
96
1
42
15
130
192
59
148
43
183
250
178
43
73
99
109
206
158
120
236
30
3
103
219
196
104
38
110
100
17
131
199
120
167
175
51
219
21
136
130
55
132
115
235
142
170
45
241
49
188
97
20
140
164
141
35
98
225
63
78
153
218
32
212
161
206
8
1
24
187
118
102
113
242
221
66
134
66
26
63
25
91
52
41
152
16
249
101
43
13
220
124
143
174
248
129
229
200
9
77
56
47
140
223
128
165
45
171
128
118
181
113
240
196
135
182
83
74
153
244
48
225
121
198
220
222
155
90
131
59
19
207
55
171
43
235
240
90
22
43
214
203
8
119
202
181
139
144
87
36
70
107
209
123
234
122
186
150
120
74
60
178
31
25
117
61
157
228
1
155
57
106
103
79
103
19
94
93
112
1
93
121
238
251
94
188
112
109
131
146
239
82
3
238
40
158
116
110
47
54
100
238
29
95
228
77
15
66
187
222
184
160
118
17
32
177
178
227
102
88
220
121
4
29
234
113
186
163
94
44
227
97
96
97
125
227
179
127
36
52
195
75
230
152
183
145
210
137
158
205
160
183
55
164
87
105
189
99
226
233
214
64
88
78
249
121
122
94
224
144
230
13
245
161
190
254
112
64
65
66
202
41
228
180
116
158
244
153
85
211
51
99
54
135
169
139
190
63
134
82
11
243
242
177
39
64
40
21
72
239
26
36
176
71
46
128
239
84
65
234
54
79
177
153
136
157
73
229
182
154
161
126
160
213
2
30
195
211
138
72
173
202
221
154
76
197
254
8
136
179
124
250
171
91
31
196
215
9
141
103
72
225
94
113
107
98
60
5
25
153
126
27
232
187
172
83
95
27
228
139
238
146
220
235
163
1
75
240
144
57
246
169
159
71
25
136
192
88
207
20
174
129
134
136
117
44
43
159
165
76
3
8
241
111
139
208
68
158
215
147
61
72
20
12
251
70
105
232
101
24
228
212
209
233
8
160
138
169
59
60
209
213
211
246
37
187
232
102
31
166
9
18
27
3
203
18
50
13
36
133
210
144
111
195
211
161
215
173
211
193
34
138
161
212
212
84
223
89
139
164
19
226
221
73
8
162
160
247
227
1
36
182
231
178
42
88
27
62
178
212
206
169
202
32
52
100
47
86
67
99
164
128
253
28
121
123
108
55
186
198
165
170
138
198
43
56
30
192
191
7
247
80
82
81
10
86
18
114
122
157
212
41
140
252
121
95
217
152
207
127
192
188
208
5
74
203
199
212
120
26
230
225
39
24
202
102
205
140
116
210
47
166
96
198
195
246
211
167
24
231
49
78
45
120
200
178
6
138
69
77
24
162
196
105
145
162
225
253
122
195
100
214
216
125
223
87
207
253
227
7
240
95
62
228
55
211
73
217
171
61
136
221
175
161
126
54
108
79
230
252
222
76
7
175
3
69
148
52
11
200
213
13
191
18
63
196
64
128
142
21
126
122
114
61
140
154
110
81
183
251
89
63
75
232
189
74
167
194
166
25
119
232
134
185
113
88
152
148
143
214
1
85
25
147
237
219
182
1
80
37
36
1
12
112
235
113
48
197
3
130
67
44
174
99
174
130
66
131
156
67
95
243
163
230
188
225
180
183
76
168
104
225
20
178
86
49
218
206
207
42
44
77
71
188
225
230
58
138
109
128
135
207
121
35
214
61
39
43
163
81
170
193
201
184
28
7
190
98
176
38
38
184
55
161
108
3
203
153
243
140
74
120
6
1
39
233
33
60
1
48
241
152
124
103
41
79
41
74
175
254
55
110
245
50
82
130
224
223
134
87
136
185
218
213
232
98
16
139
212
126
90
42
43
168
143
131
120
33
127
86
231
183
140
109
78
124
229
22
132
187
37
145
246
219
94
223
102
62
170
8
237
59
30
120
28
178
223
238
152
194
23
45
21
186
165
189
222
52
4
3
129
41
245
18
154
17
228
145
201
82
149
71
15
119
10
252
106
173
93
153
252
125
196
181
105
126
160
194
113
71
149
199
41
148
22
243
149
221
214
24
226
129
28
57
42
68
189
186
203
205
40
133
105
169
200
232
242
186
87
10
224
210
249
146
222
224
230
70
146
120
26
136
250
112
145
12
253
194
63
49
193
174
39
80
98
62
70
201
172
182
23
27
254
140
130
199
216
82
201
203
183
135
118
134
42
73
97
170
134
147
195
132
95
78
138
117
130
239
23
204
191
232
209
227
139
229
170
94
231
204
191
83
187
10
250
158
79
140
15
50
24
153
178
154
104
42
40
77
128
85
160
192
240
22
98
254
215
64
246
77
109
104
134
130
67
173
12
184
146
124
51
28
89
86
158
130
156
75
59
192
39
101
184
140
184
163
141
249
79
174
250
200
69
93
103
154
107
145
201
201
58
6
238
101
195
200
107
141
126
107
6
1
183
105
199
120
81
174
22
124
200
87
124
229
81
78
158
81
199
8
221
184
176
239
198
247
225
212
31
240
84
18
63
79
192
234
210
203
165
139
58
216
46
183
103
90
116
203
126
252
184
49
113
104
46
166
15
71
47
52
143
1
63
28
41
144
5
182
168
108
126
231
152
203
168
83
203
25
77
129
203
241
220
238
200
203
219
52
85
4
185
248
245
238
109
38
198
233
23
192
7
158
18
96
237
134
235
176
95
45
150
205
7
248
243
198
224
48
236
24
70
150
66
193
230
168
170
54
222
107
114
149
30
247
223
203
137
125
203
219
6
106
21
87
103
119
80
140
145
116
187
170
237
219
245
197
114
128
74
228
201
167
124
86
15
64
171
217
224
205
112
85
67
155
92
160
35
157
34
83
53
162
185
127
245
67
14
134
23
63
86
16
73
206
51
97
249
22
123
119
147
221
55
175
147
47
31
60
180
207
12
4
20
194
58
77
134
227
89
128
226
106
124
230
73
111
76
46
107
205
127
114
124
137
32
202
98
25
7
220
240
174
167
95
215
70
28
84
105
182
54
252
77
174
92
3
71
206
38
98
63
183
114
70
127
130
151
221
239
202
109
41
19
225
156
184
200
160
72
251
147
23
23
233
128
50
184
211
143
77
31
80
233
159
62
34
149
212
12
191
201
94
214
43
126
36
62
254
228
230
165
52
7
78
118
147
53
244
131
117
49
62
216
157
206
53
6
212
139
135
100
148
184
27
251
189
185
166
227
99
61
82
46
149
165
213
242
22
183
60
14
254
99
138
207
168
55
249
113
157
111
183
133
182
232
242
138
135
174
207
83
160
64
55
118
151
254
175
136
191
233
96
177
251
53
114
248
213
89
1
231
183
76
68
209
64
222
32
99
45
39
47
204
219
107
177
46
26
233
83
118
162
29
164
51
145
158
158
151
224
237
200
170
128
67
125
51
65
101
115
12
216
182
162
221
133
96
40
62
108
49
101
78
254
141
17
67
170
202
143
192
126
53
126
11
200
161
195
124
94
163
214
86
73
216
186
189
68
79
135
209
168
19
181
1
185
29
146
231
247
250
196
234
33
125
68
66
110
84
56
83
248
195
253
14
50
32
224
68
7
56
236
38
31
214
28
247
78
15
107
141
55
200
207
224
223
73
119
120
11
28
71
204
156
100
102
156
250
53
164
170
162
203
174
253
117
206
241
75
31
53
125
199
117
107
87
185
12
47
179
21
1
197
191
42
24
53
97
55
165
29
106
119
177
51
162
178
130
138
93
207
187
104
95
29
63
143
172
160
150
248
45
94
136
246
207
113
104
254
202
193
126
151
125
159
132
9
66
211
79
175
146
156
157
97
245
253
122
73
44
71
39
4
198
253
238
251
15
248
52
62
66
254
182
161
109
153
194
204
149
146
200
230
39
176
242
32
16
203
184
176
254
23
170
135
233
22
27
74
72
24
182
199
169
2
63
125
152
26
28
51
221
48
219
134
24
74
159
192
60
91
183
107
66
126
125
116
118
34
155
159
80
194
193
26
206
249
118
92
97
43
205
224
88
93
157
17
188
73
183
80
252
125
235
240
24
198
16
252
182
113
81
122
93
1
212
118
129
235
150
178
29
79
121
4
138
153
66
16
119
194
245
251
12
45
66
10
143
201
14
71
19
179
41
169
217
194
82
237
65
115
51
225
185
94
244
30
74
77
96
5
167
225
95
101
37
66
105
81
247
146
122
224
149
106
194
235
225
195
63
14
197
14
94
4
86
5
198
184
241
106
45
196
157
251
191
121
197
179
11
207
128
56
93
164
146
82
74
131
132
20
166
131
71
97
39
253
16
233
195
105
219
185
136
179
14
221
132
204
2
238
242
241
181
136
195
117
54
240
60
120
108
228
90
48
150
81
178
121
247
221
169
198
223
135
134
154
42
19
201
154
156
211
236
132
217
223
51
184
22
210
38
220
73
197
208
213
192
234
22
52
203
46
228
106
174
160
135
157
218
95
165
162
227
29
86
37
166
12
129
230
197
76
130
186
188
81
8
183
147
32
41
250
204
186
254
58
165
67
181
227
65
83
157
44
14
237
254
133
144
157
215
163
200
200
91
98
153
33
38
82
56
228
121
58
60
133
140
166
27
203
93
234
135
161
26
105
85
4
207
31
152
250
144
33
238
37
250
41
184
123
75
98
228
165
24
228
132
60
24
117
38
152
218
192
114
43
241
147
245
65
36
10
77
200
179
60
35
7
211
124
83
171
163
134
210
25
207
128
182
56
106
225
197
18
171
206
225
65
36
130
197
94
7
29
6
235
33
91
47
112
65
41
6
54
196
108
131
166
88
141
119
46
158
109
139
53
17
121
219
129
185
140
113
33
145
47
27
145
17
114
246
239
20
157
84
21
17
208
140
114
57
31
207
143
65
4
74
13
163
140
159
129
63
212
69
151
146
120
13
116
136
81
200
120
72
66
179
146
209
189
9
161
226
119
206
69
55
126
192
223
202
250
55
76
159
64
49
55
3
96
66
132
5
32
63
186
214
122
37
142
185
222
175
252
185
59
105
137
96
94
136
17
198
92
62
106
39
212
98
166
36
87
159
213
180
24
64
235
25
199
136
212
235
244
166
171
187
232
95
231
242
223
47
224
65
37
98
210
113
32
96
73
245
204
254
88
143
86
93
71
176
164
200
110
38
251
186
53
48
58
242
183
250
223
90
147
136
2
47
20
61
64
205
235
65
111
85
228
189
40
137
159
245
173
194
148
127
182
163
236
73
236
195
148
64
140
121
251
203
121
133
91
100
156
173
72
247
106
11
161
102
1
243
97
4
64
249
94
131
168
37
107
145
109
246
124
210
90
75
30
219
149
88
94
93
51
125
1
69
9
29
24
203
73
204
161
27
240
115
135
15
108
238
58
9
209
128
189
155
194
241
20
12
75
239
150
121
39
190
1
102
141
81
83
101
240
151
36
100
202
74
222
2
220
243
180
210
221
168
171
63
86
186
30
251
3
151
24
166
173
19
25
141
189
69
134
13
196
29
174
196
122
15
214
66
157
252
231
178
100
174
147
238
74
245
193
185
205
222
62
53
241
79
168
49
83
19
68
56
26
181
225
131
51
119
122
229
248
85
163
216
80
130
226
119
23
177
249
251
102
52
66
88
86
20
176
97
181
126
87
196
20
164
142
102
176
69
220
45
148
186
99
167
163
75
31
209
59
244
202
151
210
172
19
102
66
72
204
64
243
242
61
14
194
179
191
103
73
90
90
43
27
143
75
38
228
70
6
253
97
29
237
86
108
34
104
122
221
34
192
58
242
56
201
251
59
149
160
162
161
127
59
228
216
52
68
178
169
24
89
245
123
86
106
239
223
177
252
26
188
149
53
118
127
243
71
220
21
194
205
39
78
44
18
82
61
6
79
120
184
44
225
225
3
224
188
111
77
180
246
51
240
190
194
203
49
227
76
55
198
236
210
20
253
142
82
177
218
254
88
197
24
192
41
43
22
244
149
243
86
239
185
102
103
64
108
237
101
155
176
127
115
59
66
85
233
39
158
86
100
70
69
130
177
197
87
22
173
113
44
26
143
57
209
159
13
2
125
116
203
141
189
76
113
38
152
142
116
91
208
113
227
215
143
77
1
145
176
244
69
75
136
149
128
142
212
83
151
148
89
157
68
142
163
158
94
118
92
32
104
74
47
101
51
28
244
50
176
74
129
120
238
70
31
87
187
67
46
68
4
140
116
144
20
9
213
216
201
48
32
12
59
82
236
100
191
229
20
146
111
100
143
94
120
187
70
86
222
52
164
46
247
244
245
109
134
17
235
198
252
232
244
235
237
179
172
54
68
12
167
128
8
170
169
52
86
237
221
182
134
90
235
211
33
116
111
225
149
166
136
75
43
17
222
99
172
64
209
78
195
24
34
249
151
207
220
85
88
203
157
193
211
109
33
154
130
80
24
187
222
151
64
18
10
84
65
109
144
106
251
192
160
115
164
110
17
25
106
152
179
241
209
62
126
64
153
108
61
79
177
55
30
55
3
152
195
234
236
143
238
97
107
41
34
60
181
173
90
236
207
146
39
93
46
43
126
7
120
26
8
163
38
189
140
144
67
216
6
49
212
210
17
111
32
100
163
93
81
201
19
187
225
151
114
65
199
33
31
110
228
36
242
228
217
6
246
48
138
34
110
145
136
65
189
190
17
168
155
234
235
40
114
196
142
142
166
14
67
70
155
102
155
199
18
115
115
114
127
167
166
158
106
116
191
22
53
67
161
252
12
99
200
176
211
183
197
17
79
249
68
18
195
219
107
55
137
31
32
98
183
111
172
35
220
253
88
135
148
242
160
22
209
175
136
42
24
3
254
71
140
100
175
243
3
204
21
246
79
228
150
185
127
10
219
181
196
108
29
244
208
41
142
140
41
128
87
65
119
34
128
144
96
248
136
178
198
172
101
250
136
81
217
75
227
17
77
209
211
88
145
104
6
111
241
16
33
45
244
58
31
191
18
187
179
205
203
186
185
140
253
30
141
185
145
200
194
130
70
206
162
128
105
2
195
215
39
28
9
192
245
126
27
91
80
53
20
187
8
123
188
110
230
62
29
221
173
187
148
91
208
5
102
232
107
138
55
210
175
250
146
179
54
95
76
205
201
213
203
155
107
100
173
203
189
217
52
16
40
235
198
37
26
67
146
154
114
182
225
139
155
224
138
8
56
141
95
137
191
85
34
219
191
49
233
65
228
77
244
254
86
205
36
170
198
177
52
143
86
95
32
141
62
75
46
63
251
232
231
150
133
46
71
119
241
57
76
57
240
133
156
101
24
146
44
233
194
35
213
227
166
151
213
19
168
58
178
55
168
8
174
72
199
222
200
252
208
148
135
72
98
107
144
25
131
125
113
124
62
42
193
80
146
64
174
227
33
186
54
108
88
26
245
14
61
47
203
7
4
105
87
2
187
154
146
86
14
9
197
12
39
27
162
29
32
7
53
161
70
34
111
7
107
228
230
73
211
246
198
229
206
47
126
214
137
54
135
53
78
35
134
76
200
62
173
194
174
32
165
9
148
83
96
31
137
178
186
229
127
161
24
91
166
217
180
138
56
201
170
70
92
250
2
34
43
114
83
113
203
203
194
74
4
225
169
170
41
102
109
233
109
44
102
135
138
59
237
183
67
216
194
165
38
94
92
60
43
219
175
42
82
114
205
64
173
170
171
123
62
226
142
58
18
175
127
130
61
173
49
237
152
186
3
187
67
178
229
33
1
148
48
173
193
110
56
126
109
95
230
218
219
76
167
250
4
69
110
88
159
152
225
199
21
55
149
38
223
247
218
7
145
131
142
5
198
130
254
175
146
247
217
76
25
42
10
142
139
29
53
104
207
227
248
140
13
149
39
191
62
113
27
35
159
59
253
113
228
228
23
228
211
43
217
178
235
198
63
209
9
223
191
150
125
168
14
117
239
217
159
23
146
171
66
93
212
87
211
30
87
74
90
243
4
162
245
188
43
80
90
137
190
128
241
80
16
203
171
104
17
86
54
212
249
54
202
212
132
152
250
185
134
4
219
213
95
61
124
231
222
62
76
252
71
177
136
60
137
173
61
71
221
213
90
134
146
41
106
229
82
14
208
47
184
64
114
173
110
48
173
148
225
71
219
63
35
95
101
88
222
220
93
85
148
139
193
103
62
137
37
79
109
38
101
224
91
125
237
145
6
186
225
157
20
43
21
99
18
219
85
233
240
46
100
116
193
169
145
238
22
217
253
44
162
149
227
52
69
64
205
92
246
185
19
157
191
180
9
233
98
44
236
179
247
188
37
61
54
18
121
80
221
60
129
225
190
213
40
15
171
241
70
189
234
25
32
201
199
186
173
86
48
231
118
167
173
131
241
156
53
129
198
241
25
205
95
26
161
225
33
146
107
63
157
241
172
63
161
36
161
135
249
166
51
100
3
6
78
23
8
97
180
214
118
228
59
104
82
83
154
28
130
53
92
52
116
17
234
113
169
121
186
105
233
100
72
107
161
74
194
158
6
103
189
5
62
245
53
4
114
207
58
154
239
166
6
83
61
234
10
183
28
1
121
67
91
130
234
167
56
65
230
68
138
157
127
9
20
129
229
142
244
168
66
154
39
157
253
83
97
76
230
22
63
127
96
87
69
128
174
205
39
104
171
18
70
108
231
210
206
96
212
248
129
55
192
121
87
23
220
144
254
148
249
129
94
155
68
206
105
158
21
85
53
185
173
151
66
103
77
154
215
176
135
80
242
22
236
141
122
212
228
199
114
7
160
53
164
13
96
68
111
104
129
29
128
59
44
12
227
235
226
18
49
132
240
110
78
31
66
231
120
92
24
250
52
73
6
89
246
220
185
94
213
105
198
215
50
16
223
184
88
123
125
126
167
174
78
224
228
62
19
221
4
245
167
61
68
172
103
68
77
89
151
100
254
86
190
180
212
81
243
236
89
190
11
103
167
102
56
219
77
36
216
253
134
223
137
3
228
17
245
145
226
109
25
182
21
197
254
145
197
36
26
167
181
188
25
5
168
35
242
53
226
184
47
191
135
243
203
21
59
103
141
68
204
253
141
185
187
171
214
60
182
2
48
183
131
212
180
202
141
3
27
116
36
18
251
169
19
85
154
135
35
30
106
9
113
42
13
148
70
151
88
58
3
64
22
242
101
33
68
17
202
5
36
79
41
7
143
151
79
10
204
162
183
149
38
38
4
187
176
118
55
107
49
90
153
22
175
38
71
235
4
245
246
21
27
124
238
13
110
87
206
84
147
48
254
219
206
160
131
180
182
13
20
150
173
102
168
35
219
94
90
52
229
133
150
242
98
78
33
180
143
207
169
26
239
127
86
147
125
68
47
155
238
219
16
165
104
177
131
62
98
69
209
219
94
35
102
179
139
62
138
176
214
97
191
127
226
171
26
130
183
101
134
40
25
247
213
33
215
41
2
133
104
192
203
52
52
227
176
249
210
247
129
172
201
89
54
190
109
93
5
50
214
97
24
10
253
123
150
157
172
222
138
25
214
247
242
199
52
206
230
72
128
78
142
156
82
51
190
9
254
232
230
221
190
118
53
126
122
220
210
227
101
244
110
25
229
42
32
101
195
148
58
106
60
114
180
232
176
72
77
58
174
246
58
201
165
77
149
36
18
244
64
40
167
237
230
81
86
17
178
42
72
17
235
107
62
133
212
224
144
198
251
90
122
191
13
38
184
93
212
61
2
79
20
25
115
11
30
5
190
1
197
37
176
65
136
141
67
147
119
252
98
135
45
222
148
46
89
94
92
61
178
253
21
226
192
132
116
40
149
73
218
86
177
110
48
192
185
166
201
21
112
137
244
18
26
201
1
39
221
220
169
26
203
172
106
200
76
36
82
117
162
25
28
251
119
202
149
139
136
141
154
6
121
26
163
144
190
83
189
29
50
6
113
73
192
240
21
163
250
20
224
157
187
158
18
107
217
93
114
170
254
207
109
172
185
173
42
43
179
65
179
141
145
128
29
105
2
63
93
216
177
9
120
70
125
123
24
186
4
67
234
129
248
166
63
52
47
131
167
152
144
211
165
42
168
142
216
48
238
32
170
206
178
136
104
69
81
214
63
218
179
187
250
145
197
84
210
7
104
125
105
206
57
112
249
47
75
42
236
162
220
220
44
142
249
62
225
179
176
112
178
197
225
153
231
14
48
46
250
156
1
130
86
154
220
54
192
43
9
42
219
84
10
106
51
41
12
127
51
87
179
12
102
81
132
17
211
250
5
35
243
191
141
100
231
92
45
224
184
187
200
59
129
137
165
105
87
46
114
199
220
68
191
51
241
136
219
51
19
239
69
96
113
116
169
214
167
242
213
28
79
14
111
112
8
172
211
76
183
135
162
250
145
114
139
72
3
7
115
49
132
172
5
140
232
10
242
126
224
84
41
169
44
93
59
93
53
218
62
72
150
154
29
208
234
76
123
35
58
218
233
157
27
143
209
149
76
219
127
84
50
109
8
57
211
252
231
22
231
232
186
4
177
153
228
231
180
195
46
46
82
109
82
228
234
146
2
148
220
17
206
86
176
161
95
67
232
189
143
136
207
140
182
109
22
28
10
71
208
145
181
58
69
127
79
42
69
253
139
157
161
246
101
32
198
154
63
139
159
253
198
229
56
159
210
34
77
226
54
113
230
203
125
168
238
244
144
231
21
60
182
53
227
232
245
160
186
147
14
187
94
32
225
10
189
208
199
105
186
155
112
24
48
240
211
74
18
51
228
161
214
162
81
244
212
219
153
214
150
213
161
157
102
173
245
253
86
175
85
62
143
173
35
129
221
254
18
239
108
15
201
103
136
73
237
48
152
169
120
13
175
119
27
5
71
251
8
116
134
240
4
73
19
75
215
175
198
115
126
97
200
1
159
17
197
65
237
127
138
98
19
9
200
169
247
30
196
59
126
153
168
52
205
30
87
88
250
143
86
103
171
43
24
104
138
213
14
251
102
177
200
37
108
94
213
248
43
193
30
78
195
174
41
231
133
228
8
156
246
164
236
104
64
125
147
165
25
100
34
3
211
221
146
124
87
31
128
219
219
163
50
230
143
121
209
110
39
54
101
200
108
205
177
50
94
26
59
146
59
11
67
29
191
34
65
127
87
75
142
246
128
69
253
42
146
111
160
226
197
29
36
39
245
237
50
58
33
60
38
243
120
183
161
185
85
113
113
66
100
168
204
104
128
166
174
23
232
141
12
110
127
140
156
12
154
145
118
99
40
149
112
45
122
74
138
247
52
228
106
40
215
116
109
84
40
89
14
46
39
179
54
56
8
70
5
160
203
193
224
113
120
204
125
138
38
78
83
195
82
54
248
245
53
55
10
62
11
93
227
109
216
120
42
20
74
195
236
154
182
94
5
175
205
4
133
77
58
153
117
176
212
55
202
43
86
65
229
192
6
162
104
232
187
162
211
88
164
2
127
58
206
81
155
21
251
177
7
164
171
37
141
52
139
31
185
27
79
18
31
6
99
23
179
155
36
144
246
14
254
29
7
10
26
196
50
177
84
209
115
214
90
121
189
94
34
182
147
189
129
98
195
247
171
11
160
41
156
146
78
191
175
147
192
33
64
125
34
200
129
179
245
30
158
55
19
201
137
196
244
225
244
65
207
56
72
139
25
77
226
217
182
135
245
116
121
223
7
55
79
44
251
69
163
173
241
230
191
108
206
250
200
147
144
79
165
119
140
224
91
34
160
233
87
253
49
18
196
36
246
115
247
142
230
51
55
27
245
249
208
9
196
250
101
72
150
130
180
2
107
142
160
158
127
234
66
24
157
21
247
61
36
211
50
72
181
59
241
15
148
182
52
206
17
245
23
65
106
204
100
180
156
176
158
103
48
179
33
229
46
51
54
163
8
242
99
82
12
249
93
49
169
174
198
228
188
150
120
114
164
80
131
152
161
172
181
56
23
44
19
194
56
133
122
141
147
53
111
154
208
71
236
15
137
190
223
9
94
14
195
172
162
99
99
10
217
7
119
205
26
70
43
50
134
186
240
96
57
205
211
189
55
186
212
55
149
34
68
132
127
198
176
178
48
52
46
151
168
158
193
203
251
13
185
93
11
26
178
242
148
45
25
135
116
87
232
174
37
6
130
62
84
147
31
164
144
109
250
211
106
55
9
3
185
248
38
204
242
11
140
170
165
70
66
91
163
93
220
211
138
240
47
108
204
113
206
32
65
43
117
115
37
17
128
30
68
178
209
170
103
42
39
153
76
92
209
52
28
119
40
24
182
175
74
184
77
66
224
170
125
156
91
30
139
37
91
33
109
71
60
37
137
230
109
248
98
160
71
227
14
149
157
100
118
45
110
218
178
33
131
219
201
119
190
188
3
199
170
99
5
83
95
71
124
4
238
227
23
26
136
21
215
182
37
230
123
156
151
119
2
124
56
152
204
79
147
224
149
79
157
73
86
88
200
241
110
183
98
107
159
69
141
235
45
18
132
242
154
209
188
109
184
239
191
109
133
31
218
203
192
129
66
199
121
180
152
187
91
163
138
46
13
93
37
102
95
74
40
236
67
23
154
243
183
254
95
121
222
8
52
252
59
154
138
167
242
68
32
70
45
238
235
213
43
231
83
235
59
248
115
43
13
155
140
188
207
248
226
208
241
92
100
79
121
73
140
236
110
232
34
236
117
29
5
30
141
203
85
90
24
105
55
167
88
27
220
183
163
16
39
199
225
100
42
69
63
238
169
138
101
68
215
119
47
133
23
65
146
46
209
229
198
3
171
231
168
201
236
114
128
29
238
129
96
216
20
238
96
169
169
194
1
206
231
90
205
123
142
142
15
186
253
169
190
124
239
217
121
234
79
213
32
203
166
141
66
21
244
58
95
102
1
92
96
173
46
143
188
134
167
108
69
23
19
141
168
236
9
71
32
220
185
164
237
34
171
127
141
25
72
120
220
247
233
199
109
122
244
85
155
65
49
187
36
142
83
232
241
247
106
205
123
137
44
150
79
73
187
157
41
188
73
155
200
11
83
198
44
201
202
202
201
36
223
182
78
43
154
213
221
198
198
93
123
236
109
198
166
132
74
5
10
155
35
243
233
121
80
226
180
248
18
229
178
72
44
214
80
126
164
118
49
159
11
143
145
228
145
246
231
121
26
171
241
80
148
37
229
215
181
196
25
213
243
65
112
142
150
241
38
107
6
133
78
24
137
223
138
63
71
77
83
148
194
132
145
58
56
77
91
62
188
150
161
61
133
60
106
92
10
24
185
174
186
137
83
240
74
79
7
101
204
222
150
136
253
126
48
34
248
111
107
225
5
172
253
83
61
39
59
175
152
197
209
209
30
56
162
97
77
136
223
179
171
61
237
175
100
231
18
194
119
50
83
28
60
98
243
143
246
157
37
28
133
20
17
93
60
101
5
28
105
81
91
168
116
215
1
50
68
132
53
206
229
243
156
209
206
192
146
103
222
111
146
75
226
92
119
160
71
73
153
83
95
53
143
13
88
94
82
170
169
111
168
244
140
219
86
238
77
7
193
192
217
218
10
87
240
130
129
11
136
58
69
13
119
55
17
10
17
128
203
40
45
13
190
134
6
141
59
118
99
28
152
14
96
102
148
18
232
142
221
197
252
128
127
24
71
131
240
188
125
190
185
18
215
42
215
144
14
166
63
195
78
25
88
85
215
45
180
86
180
184
194
23
128
180
45
46
64
186
6
184
159
118
95
73
21
202
133
186
91
115
23
254
200
144
11
64
198
6
63
48
2
171
250
161
116
172
172
253
231
216
195
101
107
66
104
236
207
153
66
202
63
132
249
162
121
144
222
13
42
226
168
242
225
189
103
195
10
83
10
227
183
1
80
51
202
114
176
49
192
218
174
240
76
235
169
44
99
235
77
3
132
118
148
91
230
25
151
235
9
156
166
238
217
36
168
57
99
121
199
156
213
152
102
20
8
82
120
91
45
123
172
58
249
208
92
83
205
97
140
24
196
130
218
168
8
13
36
46
113
215
112
109
7
169
50
211
240
231
217
21
29
23
214
143
194
87
213
124
207
60
29
165
120
50
33
109
27
77
241
187
196
83
92
173
99
241
245
171
202
21
73
138
130
147
227
199
185
118
215
48
174
10
162
180
3
33
152
250
70
146
247
107
2
97
121
93
95
229
124
231
35
161
154
170
183
139
235
81
17
23
143
29
191
113
205
138
33
28
45
160
173
148
57
169
248
11
206
189
245
129
7
222
194
232
127
185
106
132
23
96
163
54
87
169
188
106
114
189
235
179
169
183
138
49
199
50
140
7
37
86
85
18
132
208
214
35
122
64
24
3
37
141
118
30
139
134
182
25
75
59
2
38
238
7
246
71
146
106
142
2
169
79
117
129
128
207
107
169
69
116
233
38
91
254
236
222
10
197
12
16
161
36
5
251
240
68
87
99
17
131
31
192
216
247
212
83
50
223
174
76
209
122
102
102
183
50
75
236
104
223
18
27
170
168
166
213
212
29
25
162
179
244
153
12
203
64
72
176
91
220
248
213
250
56
176
174
152
39
54
208
150
164
16
251
162
57
68
78
205
200
247
39
95
2
171
114
250
202
157
187
143
219
215
21
34
94
11
23
113
23
210
177
188
37
230
182
140
55
23
145
175
95
76
61
173
163
75
167
119
44
245
46
211
69
251
132
137
130
57
226
225
230
86
159
163
154
68
178
129
107
47
144
159
15
172
172
177
153
202
202
227
103
31
218
201
77
240
139
200
162
8
189
13
167
28
131
57
221
176
245
166
217
252
6
91
79
29
231
71
152
63
81
121
44
5
57
86
18
252
220
209
105
58
53
81
172
165
101
198
225
83
125
241
243
16
36
177
175
137
201
5
25
170
19
168
79
135
156
64
198
75
61
30
150
126
117
114
181
114
62
77
161
61
200
147
193
118
100
121
167
211
37
212
134
70
102
251
145
217
95
165
21
72
99
198
218
139
53
152
71
15
13
222
37
213
68
245
195
222
1
185
134
79
70
120
93
219
4
186
73
72
84
7
235
100
16
233
83
175
248
145
196
55
243
136
239
72
182
50
4
177
242
184
67
4
145
219
186
26
104
14
225
56
149
33
191
115
251
184
113
79
88
90
60
237
181
181
210
205
227
104
178
45
105
68
126
189
89
132
172
22
110
193
250
32
102
160
241
12
165
106
17
252
125
221
190
241
199
198
52
172
105
166
100
65
93
117
62
239
189
77
153
204
225
215
19
175
169
21
95
246
147
171
112
192
47
253
147
18
175
160
127
4
101
245
122
220
184
114
211
149
243
186
97
250
90
162
6
236
117
230
224
133
75
81
43
39
12
219
108
237
225
202
233
109
25
93
123
114
213
60
222
250
108
29
190
240
14
59
22
176
82
225
210
37
193
81
188
71
185
38
5
204
51
62
235
7
232
54
187
168
28
148
254
193
58
29
149
59
6
251
210
185
104
197
232
234
239
177
232
67
213
155
242
254
177
71
204
72
67
187
127
25
226
203
16
35
34
241
213
84
235
253
148
115
131
13
223
28
171
245
114
229
130
87
13
146
211
168
42
140
78
236
188
178
128
125
174
165
229
179
81
24
230
151
195
213
22
143
196
80
249
225
254
75
65
137
191
98
2
241
49
97
180
126
114
87
29
14
2
45
28
217
106
240
231
152
130
53
158
43
60
33
108
90
67
10
106
96
240
190
18
5
44
83
219
248
199
238
37
208
87
244
252
198
184
63
48
254
244
63
193
208
108
202
246
199
189
35
18
37
26
24
26
103
147
33
1
64
216
179
164
33
1
242
119
1
54
230
86
61
151
252
57
193
88
210
152
10
3
82
58
91
96
131
192
232
3
181
233
160
222
9
33
14
178
127
113
228
175
86
32
3
86
116
201
69
121
37
225
111
244
178
100
47
150
174
101
50
150
163
244
25
231
244
188
211
178
204
46
232
29
81
78
199
33
90
132
94
126
40
152
47
101
165
161
178
179
27
166
96
16
135
77
242
233
4
77
221
73
156
101
238
240
147
93
55
61
232
209
150
94
