0
182
358
543
728
909
1094
1272
1458
1642
1826
1999
2182
2361
2542
2719
2898
3077
3257
3444
3622
3803
3985
4158
4339
4518
4698
4869
5047
5226
5390
5576
5759
5934
6114
6296
6480
6657
6840
7013
7200
7385
7563
7742
7916
8096
8274
8450
8636
8818
9001
9185
9362
9542
9727
9905
10085
10265
10449
10629
10816
10998
11173
11350
11527
11711
11886
12065
12243
12417
12589
12775
12952
13130
13317
13493
13671
13849
14023
14202
14378
14560
14743
14924
15108
15292
15478
15661
15844
16023
16197
16385
16564
16744
16921
17103
17273
17457
17634
17816
17993
18166
18338
18516
18698
18870
19052
19231
19405
19588
19763
19944
20127
20301
20478
20659
20842
21020
21204
21382
21560
21735
21924
22098
22282
22469
22647
22826
22995
23179
23360
23544
23723
23904
24090
24272
24451
24632
24808
24985
25155
25330
25513
25695
25881
26065
26245
26428
26608
26779
26954
27135
27317
27494
27673
27858
28037
28219
28396
28572
28753
28932
29114
29305
29486
29666
29849
30029
30208
30386
30564
30746
30927
31095
31270
31453
31631
31797
31974
32157
32345
32529
32713
32899
33076
33258
33439
33622
33800
33986
34170
34348
34529
34714
34898
35076
35257
35433
35608
35790
35965
