7
12
39
49
54
56
59
61
62
65
66
74
118
120
121
125
134
146
160
163
183
187
192
240
245
287
288
290
3
10
23
24
32
38
40
45
53
61
63
66
80
88
89
105
111
114
115
141
143
147
150
164
173
174
196
247
253
276
3
8
23
24
38
43
52
56
61
69
72
86
92
96
103
110
123
125
140
142
165
171
222
228
241
270
279
281
17
18
23
59
100
115
133
146
149
150
153
156
160
176
181
186
194
196
214
215
236
243
244
245
247
251
253
254
257
275
286
287
295
13
15
37
50
55
62
64
72
76
77
92
99
106
112
120
129
131
144
164
167
189
208
215
225
254
257
269
280
285
291
292
293
1
12
32
33
37
60
90
92
93
111
121
156
175
176
183
188
189
194
217
233
246
254
255
261
271
4
39
40
42
72
81
95
160
171
173
178
179
180
185
208
212
218
221
235
256
258
260
286
293
294
1
8
13
16
26
49
63
65
67
68
71
82
96
99
110
122
132
142
159
166
169
184
192
204
211
219
254
255
265
270
289
294
295
3
12
15
19
20
39
48
57
58
72
76
93
117
122
123
132
135
142
148
149
162
166
168
172
174
187
202
232
251
261
266
270
273
274
278
285
299
11
16
17
21
28
42
43
48
83
117
129
133
146
158
160
175
209
214
215
226
232
240
249
293
296
15
20
41
48
67
87
106
125
144
149
157
161
171
194
205
213
224
227
231
235
239
251
259
284
285
287
295
3
4
6
20
21
27
41
43
52
65
90
98
112
136
162
169
171
172
175
176
187
190
192
206
220
225
230
242
244
251
254
271
275
297
0
1
4
23
24
35
36
38
71
75
78
81
86
101
113
133
144
147
148
149
151
153
154
164
175
179
188
194
200
219
224
226
234
237
246
254
255
260
274
276
277
292
297
19
26
40
42
46
48
49
74
82
98
106
109
112
123
141
142
153
154
159
166
168
198
199
201
205
206
231
238
249
254
259
271
274
276
291
293
0
12
14
27
33
35
43
48
52
55
57
71
84
103
108
118
135
136
143
147
150
156
163
173
194
207
224
251
255
270
276
292
25
64
73
90
94
97
98
111
112
114
116
133
145
158
183
200
204
207
213
224
258
264
269
288
289
291
12
14
35
52
54
79
82
94
109
129
131
137
144
146
148
151
160
163
171
179
186
188
192
195
214
216
229
238
239
256
11
12
15
25
33
34
63
70
84
85
86
93
96
104
108
111
117
118
125
130
137
140
150
187
190
194
197
202
219
225
247
258
263
279
290
291
33
37
41
49
65
75
79
83
106
114
115
130
134
141
145
155
172
210
217
235
240
246
268
276
279
286
295
0
3
7
11
14
17
22
32
57
59
60
61
102
106
109
110
111
126
154
155
156
158
162
167
173
184
211
214
222
226
257
261
276
5
33
45
47
63
70
71
75
91
92
96
112
115
126
130
140
145
161
166
170
172
185
198
204
216
228
233
260
262
266
280
283
293
296
297
28
50
51
52
56
73
89
92
95
120
131
153
157
162
174
192
202
211
216
221
224
245
249
259
270
278
283
287
292
293
5
10
21
37
38
48
59
77
79
86
93
109
116
123
125
129
131
134
167
179
182
187
217
221
252
254
259
263
280
281
285
292
294
14
23
26
28
39
54
71
76
94
95
111
121
125
126
140
151
153
156
158
173
183
184
187
193
200
202
210
218
225
229
237
244
246
252
275
276
280
11
17
20
31
35
52
65
72
83
84
89
120
121
124
136
142
152
158
196
239
280
2
3
9
14
19
25
26
27
34
71
72
74
121
128
140
160
173
185
187
210
212
220
222
226
228
229
261
263
273
274
278
290
3
16
21
29
37
40
43
44
51
52
54
63
69
90
112
120
142
145
155
167
171
179
195
205
206
231
241
273
275
284
286
292
295
7
10
13
17
29
35
38
46
56
63
65
71
92
100
101
115
118
119
122
134
144
145
171
206
207
230
232
238
266
273
283
294
298
2
22
32
37
44
55
56
76
82
91
95
123
128
148
155
163
174
204
212
217
220
243
252
256
270
287
293
3
4
11
13
20
24
51
84
92
102
110
114
126
138
140
141
143
163
201
207
215
228
259
261
263
266
268
269
279
285
288
290
293
295
299
8
15
17
20
48
57
59
76
95
98
117
143
188
197
204
207
210
213
247
282
2
9
27
29
33
34
52
56
86
88
91
96
103
159
161
163
174
208
212
228
229
234
235
242
249
252
254
259
262
264
268
269
272
290
3
7
9
14
18
23
24
29
33
55
71
73
75
77
78
115
118
121
123
140
154
168
180
194
197
245
254
271
282
287
298
299
3
13
35
45
67
96
100
108
126
145
160
176
178
180
181
190
195
196
208
237
243
247
251
257
261
265
269
297
298
5
6
31
38
59
71
89
95
114
130
139
145
151
154
156
162
173
201
207
222
225
266
3
4
19
25
27
67
85
94
98
100
117
132
136
144
156
157
162
174
197
204
218
225
227
238
252
256
259
271
273
280
281
285
14
16
25
29
42
51
64
65
66
67
68
101
103
111
113
122
123
143
150
155
157
158
161
163
170
190
191
220
225
257
264
270
296
298
5
52
53
57
68
94
108
145
153
189
210
226
227
229
237
249
263
271
272
274
278
290
295
1
14
18
29
41
44
72
84
87
101
158
167
197
203
242
243
248
255
258
259
272
15
19
33
46
61
64
73
80
92
93
138
144
149
163
194
220
236
266
272
274
279
288
291
296
15
17
22
36
46
52
64
66
78
97
102
106
112
115
117
123
132
135
144
152
156
162
168
171
177
186
195
215
219
227
257
270
276
15
21
39
42
47
61
75
88
92
95
113
114
115
123
133
143
149
177
182
191
192
198
203
207
213
222
225
229
231
240
241
245
250
254
262
266
270
271
272
274
285
5
21
22
37
59
60
62
68
72
78
80
82
84
93
104
123
138
148
149
163
165
171
174
194
203
204
205
239
272
284
285
292
293
14
15
17
20
26
27
30
40
46
48
53
66
68
78
123
131
137
165
168
181
203
216
244
256
263
267
272
275
281
283
284
6
18
44
57
86
98
117
121
135
152
179
200
212
214
256
271
292
0
3
5
12
44
45
48
50
53
57
80
83
88
94
104
122
128
152
156
168
190
197
201
276
279
288
0
18
20
24
29
58
68
92
94
101
107
127
129
130
146
149
170
203
209
213
224
229
234
237
240
245
248
260
286
2
15
18
25
39
46
47
54
78
84
87
115
133
139
188
206
225
236
240
264
276
279
297
1
10
12
29
43
44
51
67
70
75
99
103
106
115
122
125
147
163
178
187
204
205
209
213
251
256
273
292
1
10
20
22
42
56
57
61
63
66
67
99
105
106
116
118
123
141
144
149
160
162
212
215
220
221
231
249
267
11
13
34
35
38
40
41
44
47
57
61
75
82
93
98
99
104
112
114
133
150
180
185
198
202
206
210
227
238
12
18
26
33
36
40
72
80
97
117
131
133
134
144
149
163
165
175
201
204
219
222
223
229
258
263
267
274
288
290
297
10
12
63
64
73
82
98
105
116
117
131
136
137
151
156
167
172
190
194
196
201
225
253
261
262
266
275
294
12
22
38
54
66
71
72
112
114
115
118
127
130
133
136
147
153
159
163
173
177
185
188
190
202
214
220
234
242
251
262
284
285
291
299
9
17
19
34
37
39
54
60
71
72
76
77
101
107
108
110
113
121
127
133
134
138
145
151
159
170
182
192
198
199
216
240
259
260
262
264
272
280
283
284
285
288
291
299
30
33
41
47
72
82
83
104
113
120
134
137
143
149
150
179
186
238
244
248
263
274
278
284
294
295
298
299
21
29
33
35
48
57
71
75
78
98
114
118
125
126
135
149
153
162
195
196
210
226
243
246
250
251
258
264
283
1
9
15
24
31
34
37
46
52
55
57
60
63
68
69
74
79
83
84
95
109
122
127
136
171
182
193
194
210
221
227
239
255
259
281
282
284
288
46
51
57
61
62
76
84
125
139
143
154
160
176
181
182
194
197
200
214
224
230
236
238
245
255
264
269
281
283
299
3
24
31
48
67
68
78
98
121
126
137
144
145
157
164
178
184
185
229
235
244
253
266
270
272
278
284
289
2
25
29
35
42
45
58
80
96
107
111
119
124
138
155
163
199
243
246
252
256
259
264
278
291
11
15
26
28
43
59
62
66
82
89
96
99
108
114
133
134
136
141
158
166
167
174
179
181
194
200
232
243
246
255
286
62
67
71
88
93
96
98
101
103
106
115
116
120
123
124
138
156
167
169
171
179
198
208
209
213
220
226
231
233
235
242
269
283
289
50
62
63
74
102
104
108
109
116
133
135
138
144
146
159
172
189
204
220
227
239
260
266
284
294
297
60
74
88
97
99
104
125
132
138
146
151
159
161
175
207
220
233
239
253
263
286
1
14
22
34
36
55
66
80
86
96
102
103
120
132
143
149
156
162
188
196
209
210
211
215
225
238
239
245
246
250
271
272
283
1
5
25
40
41
42
61
76
79
85
89
103
104
113
134
150
155
156
158
163
185
195
199
208
231
234
245
256
262
263
269
272
283
287
1
14
18
26
27
36
37
40
74
79
90
98
101
103
106
112
121
123
134
139
151
164
177
178
191
204
228
232
236
247
259
260
282
293
295
299
12
15
20
32
41
103
112
114
124
136
139
147
166
170
179
181
193
197
201
221
224
242
244
245
261
264
271
273
6
17
31
33
49
52
57
71
83
87
106
111
121
126
161
174
175
186
188
206
220
232
233
238
251
270
271
289
297
15
17
21
25
30
31
33
48
58
73
75
89
113
119
121
152
164
179
185
188
191
194
204
229
240
279
280
285
294
5
16
21
65
66
73
78
79
81
96
101
108
113
123
132
133
172
181
196
209
214
216
221
222
265
267
273
292
299
16
24
29
40
59
81
86
91
94
103
126
127
129
134
136
153
156
187
200
214
241
248
253
271
287
292
5
14
20
37
43
66
81
85
112
127
145
151
163
168
172
178
183
198
210
215
222
259
261
290
9
15
21
31
46
77
80
84
85
96
127
142
144
148
172
179
187
189
192
235
239
246
248
262
267
295
3
10
49
59
75
88
101
106
108
121
124
142
148
149
154
166
182
188
190
208
211
241
246
247
253
279
283
292
299
1
14
22
32
35
39
54
55
59
103
117
118
125
161
200
210
222
235
239
254
256
268
274
277
280
296
298
2
10
13
14
16
24
34
36
54
60
62
72
79
92
106
121
134
144
160
169
174
176
191
198
203
214
223
235
255
257
265
273
285
287
295
6
8
11
13
23
31
32
33
34
43
62
67
71
72
78
102
111
112
114
116
129
131
139
148
184
196
207
218
232
235
236
245
248
262
263
264
32
41
50
60
72
78
82
86
94
110
120
136
147
154
161
179
188
193
196
198
217
218
252
294
298
30
34
35
45
55
59
93
96
99
108
112
113
131
157
167
185
189
195
196
218
220
230
243
268
269
274
285
295
6
19
23
29
31
52
54
57
59
91
99
106
108
109
121
124
141
156
170
179
187
197
207
222
240
250
253
257
263
289
14
17
24
31
37
51
52
68
72
78
91
106
128
132
146
150
156
161
175
181
210
213
218
220
224
228
236
262
265
267
281
286
289
3
15
25
63
64
66
87
98
104
125
144
173
183
185
191
193
206
213
214
219
222
226
233
235
238
239
248
250
260
265
279
284
3
11
19
21
27
29
43
46
51
56
61
69
75
107
116
129
130
134
136
153
173
180
196
197
200
222
235
245
296
297
0
14
15
19
23
40
64
69
80
84
89
106
130
131
132
152
153
165
166
175
193
196
201
211
215
242
248
260
264
269
284
1
13
23
25
30
31
37
51
66
73
77
85
98
99
115
119
123
127
151
154
165
169
174
186
189
192
209
242
246
253
256
263
272
289
298
13
15
25
27
28
32
33
49
51
88
104
105
107
108
120
123
136
146
147
197
221
223
228
235
236
246
254
273
285
295
21
24
26
29
47
51
94
105
118
131
137
138
150
171
174
188
192
197
218
228
236
247
266
282
293
12
14
26
34
35
43
59
70
73
76
77
78
83
84
87
89
93
102
107
118
179
190
191
198
200
215
217
228
230
239
250
254
266
275
276
279
282
291
298
299
0
1
27
39
63
83
90
91
92
106
112
119
126
129
134
139
144
147
150
172
173
202
206
212
213
238
239
255
273
279
291
293
296
7
18
41
46
53
70
73
87
89
115
131
137
140
164
175
184
190
193
194
195
200
204
213
224
248
268
270
277
281
0
6
13
26
30
33
40
70
99
114
120
134
137
145
167
173
209
219
236
253
269
285
286
293
8
36
43
62
64
65
69
72
73
88
98
102
112
113
118
119
126
130
135
144
154
186
214
228
229
233
255
291
5
11
17
21
24
38
58
65
70
85
91
111
124
125
141
145
156
178
183
190
192
198
200
218
221
222
240
254
258
261
266
269
8
11
25
28
35
61
64
100
110
116
121
132
134
155
183
192
196
205
211
214
219
221
225
255
266
270
273
285
5
11
12
15
19
20
44
48
52
58
60
84
87
99
103
117
123
127
132
133
146
147
148
153
161
162
163
167
187
221
230
236
257
292
294
297
1
23
27
32
34
36
50
63
74
81
82
99
100
103
121
125
138
153
154
160
162
169
176
177
194
203
237
240
272
273
4
11
39
40
55
68
75
79
83
92
93
116
124
144
148
157
167
171
172
183
186
214
239
242
247
250
271
284
292
13
15
17
20
31
40
44
46
47
60
64
71
91
103
109
138
151
165
181
182
206
224
263
294
0
3
10
11
29
46
54
68
81
82
85
87
88
97
103
107
108
133
147
157
196
199
207
223
228
246
249
261
283
9
10
24
41
42
44
68
78
86
92
96
103
120
127
129
132
148
181
199
205
217
228
232
237
239
240
264
283
287
292
0
16
20
46
50
65
70
89
96
98
108
109
126
130
140
166
201
204
214
216
224
225
230
232
237
258
275
278
283
284
285
286
288
296
35
46
48
57
66
79
88
95
98
108
111
139
142
148
155
158
162
164
172
173
177
184
200
214
226
247
252
254
266
274
275
284
289
290
291
3
14
18
29
35
36
43
47
57
58
63
64
68
70
93
103
105
106
135
141
164
167
183
200
226
234
261
263
281
0
7
35
40
51
74
81
92
104
120
135
148
164
168
185
190
193
195
196
206
217
228
263
297
35
76
78
90
102
106
109
126
131
165
184
191
193
197
201
210
256
262
275
11
30
35
46
74
83
93
101
111
117
119
128
161
178
187
190
191
194
197
227
247
250
257
258
263
265
275
288
290
292
294
6
36
40
46
51
77
103
107
113
117
118
124
125
127
138
143
151
161
170
171
196
197
208
228
239
253
256
263
298
0
16
17
26
34
38
47
59
62
68
83
91
99
106
112
121
122
124
137
138
144
145
147
163
167
169
183
191
212
215
216
217
218
236
237
250
253
259
261
270
273
277
281
289
291
293
294
24
49
50
52
57
77
79
80
104
110
118
127
132
141
144
168
170
175
183
227
246
255
280
283
298
13
19
23
25
26
37
41
51
54
60
65
68
73
83
84
87
108
110
114
132
133
138
142
149
171
173
175
201
202
210
221
225
227
232
258
266
281
288
293
296
297
5
15
20
55
57
60
61
70
76
81
85
87
88
89
116
125
133
138
144
159
164
184
218
224
235
247
255
266
280
293
298
8
59
62
66
68
108
140
156
163
164
187
209
221
226
232
233
253
255
258
262
266
267
295
7
9
10
17
26
27
35
43
53
61
68
72
85
86
88
104
107
115
116
129
130
134
151
158
163
170
176
181
185
190
192
194
211
212
234
236
248
251
262
281
282
2
19
23
49
55
67
70
72
83
84
99
123
131
146
159
163
168
178
215
216
217
226
235
257
258
264
274
13
23
37
40
44
46
49
55
56
57
69
77
78
81
83
103
117
132
134
153
157
171
175
177
190
193
211
221
230
234
247
269
280
288
296
23
39
49
56
66
68
78
80
118
119
125
135
138
150
164
169
178
210
211
218
224
235
243
248
255
259
275
283
290
1
6
34
48
61
77
79
82
84
88
94
102
107
111
114
118
122
127
147
153
154
156
158
172
191
192
227
231
241
243
255
257
263
269
0
2
3
10
21
29
30
31
32
40
42
43
46
48
51
53
56
63
88
97
99
103
110
114
121
133
134
148
164
165
188
196
199
204
217
218
234
236
237
249
260
267
284
15
19
21
31
33
56
61
75
76
91
92
107
111
115
120
121
127
142
146
157
158
160
181
183
190
192
200
202
204
229
269
285
299
17
30
32
36
82
85
95
97
100
117
147
150
152
157
166
169
197
214
220
231
260
266
285
293
3
5
22
28
32
55
58
71
80
99
102
127
133
148
160
162
169
191
204
209
212
215
235
236
266
267
268
280
287
293
294
8
22
37
60
72
79
115
150
151
161
171
191
195
234
235
237
247
261
7
29
34
45
47
60
64
67
72
78
87
100
121
129
142
155
202
205
225
232
244
249
258
295
298
7
26
42
49
88
114
126
130
134
140
148
164
189
193
194
197
211
215
224
225
241
259
270
287
288
3
4
7
15
17
21
23
33
36
47
80
88
91
99
103
128
149
164
176
191
199
211
212
243
256
261
267
280
286
293
13
18
30
46
48
78
90
91
110
112
125
135
178
190
197
215
225
231
242
243
248
251
260
267
276
294
1
2
11
31
46
49
51
52
55
56
60
63
70
77
81
89
127
142
144
150
162
174
181
184
194
210
227
234
253
254
255
278
292
2
3
5
8
23
52
60
66
71
78
94
97
120
130
133
135
145
162
168
189
190
199
235
259
276
277
282
284
286
16
20
42
43
53
67
82
86
88
108
139
148
168
171
184
202
236
259
265
271
274
282
296
3
5
11
20
34
39
55
57
64
67
75
83
86
95
102
104
116
123
130
141
142
172
177
178
181
208
226
228
239
240
272
277
278
279
284
286
287
12
13
21
35
39
70
81
88
89
94
101
127
153
163
171
177
183
190
193
199
219
229
245
250
251
254
265
279
283
288
8
9
22
45
49
53
74
80
87
91
124
138
144
147
152
157
168
169
170
172
194
208
215
228
233
247
249
254
257
279
281
294
0
6
26
28
31
38
52
83
85
117
123
146
150
158
167
173
176
191
194
211
212
219
237
251
293
299
0
1
9
20
27
38
44
57
76
87
100
102
105
107
112
115
121
134
146
152
167
177
192
210
215
217
228
272
278
290
295
4
10
31
38
39
59
69
80
81
82
83
84
100
111
118
139
143
145
148
150
153
207
211
214
218
224
227
234
236
239
241
251
258
267
289
13
18
30
31
53
60
71
76
87
94
146
149
157
164
178
189
234
280
287
297
8
37
39
42
47
56
78
81
89
90
105
114
117
126
133
135
144
149
155
176
178
187
189
200
202
208
214
215
233
235
243
251
254
265
267
299
7
11
13
16
22
27
30
31
36
48
75
78
80
87
96
139
141
145
168
175
192
196
206
222
223
266
269
273
9
14
29
33
43
66
70
78
92
95
100
110
111
114
205
226
238
251
280
299
5
10
26
39
51
54
58
59
66
95
122
135
142
151
190
203
207
223
231
241
242
246
249
254
255
257
263
266
275
286
292
6
14
23
27
43
54
56
69
77
95
149
155
164
174
187
200
239
248
275
282
284
294
295
8
10
38
60
70
88
95
96
119
125
130
134
154
170
171
173
186
194
212
251
1
11
12
15
21
28
32
34
50
64
73
86
96
99
105
117
130
131
136
139
141
157
158
160
189
200
202
217
228
233
234
247
252
253
258
259
299
1
29
49
53
58
101
129
138
163
164
173
184
189
199
206
209
221
222
232
237
240
245
254
259
265
296
5
12
27
51
73
80
110
117
128
161
170
178
198
200
206
219
231
232
243
259
264
275
294
4
7
10
34
37
42
74
78
100
102
120
123
133
138
161
165
200
215
222
232
245
249
269
17
26
41
44
47
53
55
56
82
91
93
111
117
123
129
142
152
155
160
177
200
217
218
238
259
264
293
17
24
36
51
52
53
65
81
109
112
114
115
153
156
158
167
171
175
176
184
185
197
227
231
237
241
248
282
286
288
298
22
23
32
35
36
37
68
74
83
96
98
103
108
109
112
117
132
141
146
148
149
154
158
159
160
169
178
187
188
203
214
215
221
225
227
239
246
257
260
265
284
287
0
8
19
25
32
36
50
68
80
81
87
106
107
128
137
139
148
160
162
182
191
199
225
232
236
241
266
271
276
278
283
285
5
13
15
51
73
74
78
93
101
110
111
131
138
141
157
171
186
194
197
204
216
218
226
240
250
257
265
274
294
297
10
14
18
33
37
42
45
47
67
68
69
95
112
115
149
154
165
176
217
229
238
247
250
251
264
271
281
288
293
297
28
46
55
59
64
73
86
91
105
110
111
125
134
150
151
156
180
184
196
199
218
229
232
241
244
256
261
272
273
292
295
297
2
26
47
64
93
99
122
133
147
149
155
172
175
180
184
207
220
257
258
260
264
267
268
290
2
5
10
11
13
31
40
45
69
71
72
73
85
87
119
120
123
139
142
144
146
153
179
221
228
233
262
263
264
278
17
27
49
53
57
64
77
92
111
113
115
121
128
131
135
139
140
158
162
172
173
186
192
233
243
244
253
261
267
0
4
13
15
24
31
46
52
60
61
109
115
141
162
180
222
233
240
242
250
262
272
293
3
4
22
36
57
59
67
69
84
86
93
117
121
122
135
142
155
173
184
194
195
214
221
223
239
252
255
287
2
14
29
43
46
48
73
79
91
94
100
110
113
123
129
139
140
151
154
156
164
172
173
201
206
217
254
256
269
287
21
52
53
64
78
86
91
96
117
120
127
140
145
152
158
169
178
202
205
209
211
224
228
230
244
265
266
267
268
270
279
284
295
298
3
14
27
32
37
46
49
52
63
67
77
80
97
112
116
123
139
145
146
155
162
181
183
198
202
206
207
218
234
250
257
260
261
263
290
5
7
31
34
49
62
81
101
112
120
124
135
168
183
188
212
246
258
267
269
274
290
296
25
37
41
60
77
86
96
109
113
122
141
154
161
162
176
177
180
181
185
187
194
210
211
214
216
218
225
231
236
242
251
278
285
288
294
299
10
15
16
26
32
40
70
86
91
92
93
96
117
118
124
128
130
148
149
157
160
174
206
209
220
226
233
252
263
264
277
283
296
299
17
19
31
35
50
71
79
104
108
112
129
137
142
145
147
150
154
164
168
173
174
186
204
205
206
241
262
269
37
39
44
45
50
55
56
68
87
93
98
103
112
144
167
173
187
199
211
216
225
253
260
263
265
270
283
5
21
24
29
46
55
59
63
65
93
98
104
109
112
122
124
126
134
140
148
153
156
206
222
232
267
272
273
285
5
19
24
38
72
82
98
101
102
113
114
133
141
174
178
181
196
207
216
257
258
273
278
289
298
10
24
35
43
46
50
51
55
63
68
70
84
91
107
118
125
131
145
157
168
177
178
216
231
243
245
248
254
255
260
268
290
3
11
17
20
24
36
47
90
117
122
135
137
150
160
164
170
177
180
195
196
223
224
232
242
261
269
273
299
6
9
11
26
41
42
50
63
66
71
72
76
77
84
98
107
120
133
137
140
160
179
180
185
196
204
209
214
224
225
259
262
263
270
275
276
280
288
1
26
32
49
75
77
88
96
106
112
124
126
128
158
162
168
170
182
235
240
249
260
271
272
276
279
281
284
17
62
75
77
83
87
102
168
183
204
225
230
240
244
251
257
259
273
277
291
292
299
8
34
44
54
64
71
119
120
129
132
134
135
154
164
187
219
232
237
242
271
272
274
3
26
35
50
57
59
73
79
83
114
122
138
142
147
153
154
156
184
185
198
220
226
234
238
257
266
274
276
277
286
290
293
10
26
55
67
70
84
88
91
92
98
103
108
110
112
149
153
155
163
192
206
207
226
231
233
244
262
280
282
284
286
10
24
31
44
52
68
75
91
102
104
121
123
136
142
143
147
151
156
160
161
190
203
228
229
263
268
276
283
298
299
3
7
14
21
27
35
36
39
40
81
89
92
119
122
129
151
154
161
168
194
207
216
224
232
252
258
278
282
287
7
10
22
27
30
78
83
103
106
108
116
118
121
128
151
158
169
178
179
209
219
226
252
255
276
283
290
10
12
13
43
56
57
95
126
143
151
153
161
176
186
188
196
199
215
219
221
228
244
264
265
269
273
276
15
34
37
57
58
63
67
71
76
93
101
105
106
107
112
127
132
150
169
175
176
188
195
207
208
215
220
230
237
240
243
257
258
289
17
22
26
28
30
41
45
52
53
59
119
123
143
149
150
152
155
162
178
182
190
211
238
252
258
264
271
279
10
27
32
48
54
56
57
68
72
80
88
94
95
131
138
141
172
188
205
210
229
234
243
297
18
27
37
46
47
49
52
64
66
77
84
88
90
91
106
118
128
151
155
157
170
173
182
195
209
239
252
259
266
274
290
299
11
17
28
35
36
38
50
55
62
74
104
113
122
147
151
161
165
169
172
179
180
188
216
225
228
235
247
249
260
261
9
11
13
21
22
36
55
56
63
65
69
77
81
87
112
144
145
173
186
204
231
233
253
259
276
279
286
2
20
21
36
37
45
59
74
78
99
115
123
136
138
145
149
150
151
153
162
169
177
183
199
206
214
244
246
255
259
262
286
287
289
292
296
0
3
12
45
56
58
59
68
85
98
99
107
113
115
130
139
141
143
165
166
170
171
174
184
197
204
208
215
229
234
245
249
252
263
267
269
275
278
296
11
49
62
79
96
98
123
143
151
152
165
167
182
214
222
231
245
253
259
261
267
275
278
8
19
35
42
47
50
58
63
72
80
81
83
114
116
127
130
134
145
186
188
193
209
217
227
248
254
258
263
264
269
274
279
287
289
292
27
42
47
62
64
88
98
143
159
165
172
185
190
205
212
220
232
243
253
259
262
263
265
271
284
6
13
16
45
61
73
81
87
112
134
137
144
160
194
198
202
211
221
223
230
240
242
244
258
259
289
6
14
15
42
66
85
90
95
99
103
107
135
149
185
193
194
195
198
200
203
206
218
220
237
239
240
248
254
257
273
298
15
21
25
38
50
52
57
64
76
91
133
145
161
167
170
172
183
200
206
212
218
222
229
237
245
251
254
257
270
289
17
25
31
37
41
72
81
97
103
105
112
117
119
142
145
154
169
184
202
249
255
259
262
264
276
284
285
3
5
7
33
35
45
51
58
76
86
88
91
113
117
125
141
149
153
154
161
162
164
165
181
199
204
221
226
242
244
257
259
264
266
277
289
5
15
31
36
41
53
64
68
80
84
90
98
110
116
122
131
142
150
168
169
179
185
188
201
204
207
214
249
250
263
272
283
284
293
295
0
1
24
32
35
36
57
68
91
99
115
136
156
163
178
193
203
224
225
228
230
233
238
244
250
251
258
283
295
298
23
29
35
54
63
70
72
75
81
92
118
131
139
140
148
154
160
165
194
200
211
214
219
226
251
260
263
279
284
285
289
2
4
8
15
19
46
49
68
79
100
102
124
166
168
180
190
193
197
207
213
253
259
265
281
282
295
296
3
5
12
18
20
25
30
54
66
87
93
111
113
119
132
153
155
159
177
180
186
198
202
203
221
225
230
237
250
258
281
295
297
3
11
12
50
51
59
64
83
89
92
108
111
119
123
141
144
148
149
153
158
162
174
179
213
232
233
260
262
267
274
279
287
297
8
10
20
23
29
41
52
55
56
69
86
100
109
121
137
149
157
160
169
174
178
187
189
212
227
257
263
279
2
9
11
21
24
26
27
29
34
36
47
55
58
62
66
67
76
123
133
134
140
146
148
152
167
186
194
196
201
211
212
213
222
227
252
254
261
267
270
278
288
292
297
3
11
35
41
61
77
109
123
133
142
145
147
157
160
163
165
167
191
193
198
204
214
231
246
247
264
273
283
3
7
17
19
22
26
40
46
51
57
59
61
85
97
99
106
144
154
163
168
173
182
187
189
210
215
221
265
274
280
286
289
290
297
2
7
52
56
67
138
139
141
149
150
151
155
168
171
172
173
186
213
217
254
256
267
293
6
21
27
28
50
60
79
92
99
101
118
125
128
143
195
202
233
236
245
248
257
258
261
264
283
286
288
15
30
39
51
56
80
93
104
107
109
110
122
124
128
129
143
144
145
153
173
193
194
209
211
224
231
239
242
244
262
273
281
288
297
0
37
69
76
82
84
100
101
104
124
130
137
140
149
150
156
158
159
184
210
213
219
243
259
260
282
284
299
10
13
21
27
34
48
62
71
80
82
85
103
120
121
143
149
180
183
185
191
217
220
233
235
240
249
268
276
278
285
13
23
26
31
37
54
59
62
66
75
80
95
101
123
124
138
144
147
167
175
188
195
200
208
231
239
272
281
284
286
290
298
11
13
32
35
41
42
58
81
88
91
92
104
108
113
125
142
143
149
163
173
179
185
187
190
193
200
202
204
207
210
223
226
227
229
234
236
243
255
261
278
297
0
15
17
23
27
35
52
58
75
94
100
104
109
116
132
150
167
171
190
195
202
210
217
224
226
229
241
246
254
267
279
285
286
290
292
293
296
6
12
24
27
32
38
41
60
64
69
70
81
92
97
108
109
110
114
117
133
142
161
168
172
178
191
192
199
201
202
208
215
227
235
245
250
255
275
286
287
289
8
13
15
27
37
39
46
56
66
81
89
97
108
110
113
120
148
176
197
226
233
237
243
248
254
265
282
11
15
16
17
63
65
66
70
76
93
104
114
116
134
140
158
199
203
207
212
229
231
234
250
259
269
275
278
2
8
11
29
32
37
65
76
81
95
102
104
126
153
154
167
168
170
173
177
188
194
197
198
213
219
220
241
257
263
269
279
281
285
287
292
299
4
25
30
31
46
48
52
62
68
73
75
79
92
112
115
118
128
132
144
146
165
173
179
181
199
212
237
246
247
263
282
297
2
8
50
63
72
81
82
86
88
89
107
117
118
123
128
131
180
202
239
244
282
290
8
11
18
61
91
92
98
102
103
111
119
123
126
154
155
166
200
227
234
237
239
246
274
278
282
283
286
292
299
10
33
46
96
100
111
125
127
142
155
157
169
174
178
194
210
212
215
231
234
239
245
255
257
267
286
5
13
18
28
29
42
57
71
82
113
121
123
140
141
200
212
214
215
226
245
252
276
282
297
24
42
46
51
53
61
68
71
75
78
91
126
149
165
212
213
221
227
242
247
253
258
275
281
2
9
12
18
26
45
51
66
69
97
112
118
119
125
131
155
160
180
181
187
189
200
204
206
218
223
227
229
232
234
255
263
271
281
294
298
19
26
32
33
49
58
59
62
70
83
104
115
121
134
138
147
157
158
178
181
192
212
222
233
239
249
267
291
12
24
32
69
90
98
106
126
128
129
131
137
138
147
153
176
184
187
194
198
207
210
214
215
227
230
236
245
247
254
258
284
286
289
290
291
295
296
17
25
45
64
90
91
92
97
107
116
132
151
158
165
166
173
202
207
226
233
236
243
257
260
264
280
289
0
19
34
35
47
91
93
101
105
109
111
117
121
125
128
130
133
145
153
165
174
198
212
226
241
243
254
257
268
275
277
291
299
2
5
22
24
42
55
60
72
73
77
78
95
99
110
120
121
141
168
193
214
241
260
266
267
271
274
284
288
19
54
57
63
75
76
91
113
134
137
138
162
167
178
191
202
204
219
230
233
235
237
240
253
262
263
8
9
11
25
38
39
46
49
64
65
73
79
92
100
101
103
122
126
137
139
146
152
190
194
195
205
220
231
248
266
279
298
3
23
48
52
55
75
103
112
114
121
135
145
160
168
173
193
200
203
204
206
212
219
220
224
231
258
259
261
264
273
290
3
10
51
79
80
97
99
104
105
119
125
139
143
146
152
167
168
169
175
177
183
184
187
202
216
234
237
238
256
4
7
13
32
45
50
58
59
79
93
96
105
133
134
166
181
192
197
203
237
256
270
280
281
0
1
14
17
19
40
44
47
48
60
71
82
88
95
143
163
165
182
186
209
229
230
242
249
263
292
29
34
50
58
75
84
91
97
142
154
158
165
181
211
222
232
252
260
286
288
17
45
52
100
118
132
134
143
163
169
178
194
223
229
243
269
277
278
286
289
7
14
46
51
53
58
70
73
76
88
100
101
103
126
127
129
143
155
156
197
201
211
253
256
259
0
8
19
37
40
87
88
109
118
130
137
138
142
156
183
204
211
215
221
223
227
233
237
272
274
296
5
19
23
30
33
34
37
59
69
81
82
83
91
97
98
105
114
116
122
135
141
154
162
166
170
173
176
183
203
205
233
237
245
252
276
280
284
4
33
43
53
85
111
122
131
150
154
163
193
199
204
212
226
228
250
256
265
270
272
275
279
285
288
289
16
17
22
37
56
70
79
88
93
98
105
106
107
114
125
134
135
138
161
174
179
184
187
200
211
214
244
264
287
11
13
16
27
28
40
41
58
64
68
73
76
89
94
105
125
150
154
161
163
172
174
184
185
196
197
201
215
216
219
221
226
227
235
236
238
248
256
277
281
293
299
8
11
14
15
16
29
34
36
40
41
47
63
70
71
78
89
90
92
97
107
111
118
119
124
143
150
160
161
194
208
209
217
231
232
235
273
297
299
0
3
50
65
67
68
71
83
91
95
111
121
128
129
152
175
180
183
189
211
227
231
233
234
238
241
249
253
266
276
34
38
49
81
92
95
109
113
122
124
129
135
140
147
152
171
176
177
182
188
223
244
248
249
254
263
279
296
4
12
13
14
31
38
60
66
72
73
76
96
99
111
121
130
159
166
204
208
231
254
256
261
271
272
286
293
33
38
41
53
57
60
91
92
111
122
123
136
146
172
177
191
194
203
219
227
277
287
292
5
22
33
43
87
88
103
116
131
136
141
149
156
158
162
184
186
189
209
212
214
219
221
222
230
239
244
260
262
282
294
1
6
26
28
34
37
56
69
79
105
111
113
125
139
143
158
175
182
216
230
234
248
254
257
259
269
273
291
9
23
27
29
37
38
51
56
82
91
124
125
136
138
142
146
147
156
162
164
177
182
189
194
197
207
214
215
231
242
248
252
295
296
8
11
23
47
49
68
77
93
96
106
107
111
119
128
159
176
177
179
193
218
219
227
238
240
253
259
270
272
277
289
4
9
10
16
33
63
78
100
101
110
112
120
126
141
157
162
173
178
193
197
221
231
260
262
280
291
7
25
27
28
51
54
77
94
100
111
123
127
137
171
203
221
225
229
232
241
242
244
279
280
1
2
9
22
36
63
64
65
72
76
94
96
101
111
112
114
122
142
145
168
174
199
202
203
226
228
236
262
276
293
296
10
16
23
34
37
43
46
49
65
71
72
76
87
93
105
122
127
133
161
165
179
201
209
215
245
273
289
295
3
5
31
43
48
52
79
81
100
102
110
118
149
164
167
188
203
217
221
230
233
234
242
252
265
273
278
295
14
28
43
49
55
63
65
72
74
105
115
120
125
157
161
162
164
168
176
242
253
267
274
278
285
286
299
0
7
9
12
13
15
24
44
65
73
76
106
118
124
136
150
171
187
188
189
194
204
240
246
249
251
271
283
10
37
67
73
105
111
125
136
139
156
169
189
230
233
261
266
289
18
45
48
50
51
53
59
86
99
101
134
136
148
152
165
171
184
193
217
218
233
235
237
245
256
261
277
288
3
10
28
68
87
90
94
103
126
138
143
162
172
173
186
204
221
230
232
239
243
15
23
26
28
35
61
70
72
88
104
111
120
133
135
149
171
172
176
180
187
214
222
235
241
283
289
4
5
13
28
48
49
55
88
93
111
117
118
129
132
153
158
186
195
209
221
225
226
227
233
235
289
293
295
3
14
28
36
38
56
67
69
80
85
86
98
108
111
125
126
137
142
149
159
166
173
174
189
194
196
203
218
220
222
243
255
259
270
293
9
11
24
36
37
54
80
90
104
122
127
141
147
160
177
189
219
231
232
240
245
271
279
293
10
21
25
26
32
55
76
79
83
87
94
101
106
143
145
153
192
209
215
224
236
241
245
255
260
271
274
279
11
22
28
38
39
42
55
56
57
58
59
61
72
73
74
77
79
93
122
131
133
135
136
137
144
154
155
157
159
161
164
168
182
184
201
202
211
213
217
221
234
246
250
252
263
266
270
272
281
288
0
4
7
8
18
28
37
41
42
45
46
50
60
73
77
80
89
93
98
108
109
117
127
135
151
154
169
180
187
195
211
218
222
223
248
249
262
264
277
278
288
295
8
30
33
37
45
47
50
63
72
88
95
111
117
122
125
139
154
165
172
174
219
230
247
249
281
296
298
4
21
23
33
41
58
62
87
103
111
114
120
128
150
151
163
178
185
199
205
209
210
216
217
232
251
255
274
276
281
25
36
52
54
59
79
81
85
93
94
101
128
129
132
137
167
171
194
195
206
218
261
262
269
271
276
278
290
294
0
22
28
37
53
54
56
61
63
72
93
94
102
105
108
109
119
127
130
135
140
157
162
179
181
187
195
197
200
205
209
215
225
227
238
239
261
279
280
288
292
18
30
36
43
59
71
89
103
107
108
109
115
118
119
125
152
157
159
160
173
190
202
206
224
241
242
255
280
6
12
13
14
16
17
25
56
73
81
82
84
98
100
127
129
130
131
133
136
138
144
162
163
166
178
181
193
204
218
220
264
286
287
290
294
11
13
48
56
65
67
70
93
97
114
118
121
153
160
161
162
187
188
191
201
224
230
236
281
285
293
296
0
7
13
15
22
29
44
46
50
70
98
117
118
124
131
137
149
165
169
191
219
220
223
227
258
273
275
277
290
294
6
9
19
30
43
45
48
51
72
78
88
97
98
100
121
123
151
159
162
171
174
175
185
192
216
221
222
234
235
244
252
253
259
265
269
270
279
3
12
18
19
20
25
27
30
32
48
53
56
80
93
101
112
115
131
135
140
164
176
232
241
242
246
250
253
259
263
287
3
27
28
55
57
67
78
86
107
112
118
125
128
132
145
162
174
181
198
202
212
228
243
253
254
256
269
281
285
286
294
6
38
65
70
81
84
98
103
111
120
127
152
154
172
188
199
205
211
221
231
233
242
256
257
260
282
297
29
35
51
83
88
95
99
100
112
155
176
188
207
216
224
262
278
289
296
0
13
14
23
39
42
52
66
87
100
105
119
130
138
147
153
155
162
164
191
193
230
241
256
259
267
274
280
297
299
0
21
29
35
36
52
65
84
101
107
109
120
121
132
136
166
171
177
179
181
206
216
222
229
259
272
278
283
294
2
7
8
11
17
24
56
58
63
64
68
75
89
121
125
128
137
153
154
171
173
177
181
185
186
193
203
214
225
245
259
261
265
274
278
283
294
22
25
26
33
46
53
61
62
63
66
120
125
144
151
162
168
171
181
197
202
210
221
231
245
269
277
285
8
10
28
32
43
55
60
63
68
79
91
97
98
113
118
140
151
168
186
197
211
224
237
242
252
256
288
291
293
1
10
20
25
32
38
45
63
64
71
72
74
76
113
117
120
128
130
136
139
147
148
161
162
164
173
174
181
192
195
203
215
230
235
237
240
242
249
261
283
289
294
8
12
13
14
38
44
47
48
66
82
83
92
93
105
107
111
116
120
125
134
139
164
181
194
198
217
227
245
249
255
262
268
5
11
34
43
66
70
75
78
89
107
109
117
154
165
169
181
187
197
232
233
236
262
275
286
288
292
11
13
46
50
60
66
68
69
85
89
91
129
152
153
156
157
158
185
193
205
214
220
255
257
260
266
5
6
7
16
18
25
28
36
49
68
78
91
101
119
124
126
135
142
150
153
154
166
169
170
189
194
195
198
234
249
253
267
269
276
281
285
5
12
13
14
20
25
28
35
42
46
84
88
94
100
109
117
128
143
165
168
169
172
176
177
194
199
204
232
250
254
259
263
268
269
271
272
282
284
289
293
295
23
33
55
66
76
81
103
104
110
111
112
116
117
128
148
164
166
184
188
190
191
213
220
228
229
258
275
283
285
288
299
14
46
57
63
76
100
111
123
125
127
142
151
172
185
189
199
200
207
224
227
234
249
254
278
2
16
17
26
30
41
48
49
62
65
69
78
79
85
87
102
110
116
145
154
156
177
189
194
209
214
216
218
229
244
259
288
1
5
23
29
30
41
44
54
56
57
73
77
80
90
96
102
105
125
138
143
144
145
151
187
196
208
209
223
236
299
