169
16
48
64
34
197
212
122
51
137
137
146
249
191
27
62
44
124
236
169
187
246
223
111
212
52
208
146
91
41
50
80
102
121
214
83
238
172
105
55
165
170
77
105
50
183
36
91
44
43
12
194
239
229
146
249
163
69
180
176
116
192
248
217
203
77
98
248
201
13
104
10
118
170
103
195
166
135
146
70
235
102
65
8
30
66
135
191
145
211
204
51
190
17
45
219
41
98
112
139
182
3
112
25
24
220
137
4
176
199
31
109
236
27
9
13
201
173
110
36
157
253
35
181
12
220
193
87
180
181
179
41
90
215
103
64
135
121
156
244
165
157
44
142
74
12
223
125
134
86
109
135
79
92
196
159
29
24
219
24
118
41
140
100
60
159
83
89
44
120
136
175
114
198
188
167
71
42
19
14
152
28
116
13
229
9
71
162
135
169
53
86
135
68
131
111
59
148
32
34
79
105
72
40
206
44
145
63
96
185
147
164
205
39
9
189
159
41
102
164
106
198
156
142
75
20
184
104
87
235
195
79
2
163
77
24
70
61
67
3
56
85
77
48
136
195
75
22
153
173
82
13
134
35
22
143
23
220
41
51
211
141
226
13
254
72
173
46
161
36
65
137
60
20
123
118
151
221
112
48
104
207
238
119
227
19
128
119
5
239
229
25
190
242
217
86
67
153
17
179
236
143
110
121
54
146
34
239
184
88
204
177
126
76
27
87
131
254
208
223
198
126
216
136
233
185
29
88
157
56
248
1
211
232
200
30
236
41
246
54
66
240
194
237
94
99
14
118
20
94
39
120
100
34
201
195
179
1
53
165
68
249
55
30
203
245
165
150
171
145
238
56
95
221
162
145
131
21
66
181
28
115
149
244
94
235
249
185
132
110
143
229
174
138
75
114
133
220
79
21
52
4
47
246
49
245
220
32
7
149
23
126
89
246
226
58
213
16
243
110
64
247
35
232
62
107
80
86
175
161
235
4
135
133
248
167
61
128
42
185
28
165
147
58
231
71
53
32
222
20
193
250
42
39
56
109
55
22
3
132
50
27
173
134
91
113
148
29
61
178
151
133
213
114
222
128
74
245
16
225
156
124
217
76
217
9
217
67
170
58
210
160
68
60
217
152
154
53
8
108
212
103
91
251
194
72
168
138
190
241
210
202
90
8
12
19
68
243
203
105
241
205
37
253
204
254
237
113
203
94
214
229
170
156
68
44
8
208
116
23
98
184
233
132
37
9
188
53
38
241
236
144
194
212
35
182
13
15
172
232
52
172
166
178
169
68
171
37
68
1
202
140
62
61
85
203
39
202
141
145
79
182
10
168
6
90
65
55
247
194
48
107
120
32
39
33
249
81
71
246
212
5
1
191
174
8
195
205
31
97
4
204
113
219
51
224
151
129
63
241
139
244
127
34
231
235
30
107
61
40
20
107
97
158
71
138
144
12
204
179
215
178
156
76
94
76
189
77
222
247
132
232
161
35
191
132
179
150
207
219
107
64
135
20
1
48
44
2
161
54
165
65
148
186
162
77
244
20
153
101
76
72
177
217
5
110
246
244
128
191
127
217
60
188
155
231
110
82
242
110
197
200
2
52
87
163
245
252
37
92
96
23
109
2
147
155
7
14
241
11
146
170
234
196
51
178
49
167
186
37
48
125
212
178
28
119
14
195
168
126
120
63
29
152
231
226
241
194
57
171
238
56
158
95
23
99
163
159
5
52
252
159
145
194
250
167
185
30
50
53
239
192
19
23
10
146
219
217
26
152
251
95
79
242
12
50
58
190
175
29
4
12
169
222
149
14
56
101
73
241
245
12
115
180
137
239
133
247
253
252
213
211
97
57
118
154
254
100
13
39
125
163
81
219
204
253
56
54
105
49
190
77
157
191
244
168
149
83
186
64
117
4
29
128
19
73
187
14
105
40
126
218
111
24
69
26
251
32
87
13
142
219
221
64
8
77
2
145
135
11
178
197
7
230
211
23
63
189
41
245
210
21
134
134
48
218
184
143
197
17
42
155
117
6
180
229
207
64
19
198
46
38
206
18
44
18
27
28
179
65
130
193
102
39
116
16
121
16
65
222
28
89
102
172
142
170
120
119
240
163
71
91
197
1
190
88
101
101
100
171
236
61
222
7
82
174
144
193
240
181
247
217
154
127
126
49
144
185
159
13
15
62
186
180
192
89
1
71
242
223
5
140
85
246
215
165
202
154
84
33
156
240
102
143
250
247
179
188
122
97
189
225
185
85
8
253
247
215
8
181
240
13
131
36
152
236
27
22
248
217
141
123
196
144
192
96
211
229
126
135
39
230
172
182
59
189
102
34
112
40
212
68
226
221
158
35
27
221
206
192
116
183
156
69
123
215
231
152
230
168
206
80
195
5
32
154
129
249
113
220
239
202
195
188
168
216
147
221
69
180
252
76
115
246
251
124
105
92
49
231
223
87
115
51
195
189
180
45
68
32
91
131
57
9
238
32
230
10
38
129
172
163
221
51
234
120
214
184
231
236
152
71
213
221
53
124
108
183
133
182
189
125
20
129
150
161
13
19
2
81
104
216
86
176
28
19
242
223
86
64
130
158
7
235
112
147
162
158
84
125
160
197
193
5
46
140
119
9
171
205
247
30
227
117
141
71
96
56
185
198
238
134
118
89
190
220
209
248
179
87
2
37
52
213
40
245
1
234
190
96
170
118
241
120
76
37
213
187
101
244
238
88
201
12
186
203
55
41
79
17
148
99
92
90
185
66
240
71
98
102
17
120
199
126
88
204
99
157
237
190
65
37
123
72
133
96
223
61
150
211
127
162
239
29
40
56
183
123
75
47
216
90
242
24
115
22
56
32
154
158
210
23
219
89
228
45
209
198
143
90
7
197
75
233
113
132
64
237
111
53
35
74
132
125
220
137
231
6
69
51
15
116
68
5
248
230
220
127
141
227
36
217
45
64
214
195
74
89
8
160
242
174
150
39
79
249
38
96
120
100
139
155
197
42
153
209
223
88
95
11
140
79
61
21
229
252
190
242
212
108
227
98
130
245
84
220
240
59
54
147
242
61
65
2
221
32
167
107
63
179
42
19
43
94
177
18
55
34
163
152
227
15
82
27
51
32
230
157
152
68
218
127
68
36
101
98
68
165
197
91
48
105
199
114
82
62
160
87
181
142
80
95
128
196
202
60
74
183
254
97
191
48
241
135
245
16
109
59
203
119
99
71
124
205
156
212
143
198
41
96
94
78
148
126
115
140
42
120
53
250
25
214
188
79
70
175
222
237
100
75
130
44
138
167
96
158
124
8
11
36
13
22
159
62
222
244
39
152
126
114
160
211
148
168
85
55
4
90
216
209
28
114
107
94
163
69
105
39
176
5
203
250
217
182
94
48
245
244
49
151
113
59
104
106
80
31
104
25
8
119
23
111
100
157
50
237
152
41
215
251
84
11
139
212
30
56
29
115
193
233
5
161
112
102
94
79
169
21
212
1
162
231
152
26
29
241
246
73
224
106
159
152
199
199
164
163
243
116
137
118
170
223
21
29
63
224
62
166
160
48
121
4
248
223
28
149
99
111
19
142
99
127
80
208
248
200
191
244
26
189
35
28
120
25
96
42
130
73
99
109
30
38
100
17
131
167
175
21
55
115
235
188
164
35
153
8
1
113
66
26
91
152
43
13
200
223
45
171
181
196
74
244
225
220
155
90
131
59
171
22
43
203
8
119
202
144
70
234
122
74
60
61
228
57
19
112
1
238
188
112
146
238
158
29
77
187
160
177
227
102
88
4
29
186
94
44
97
96
97
127
195
230
152
210
137
160
164
105
88
78
122
94
224
13
245
161
202
180
158
153
99
135
169
242
39
64
72
71
46
128
84
177
136
73
229
154
160
138
173
197
254
136
124
141
107
5
25
27
232
187
228
139
163
1
144
57
246
169
136
207
174
134
159
165
8
111
215
12
232
228
233
138
59
209
213
37
187
232
102
18
13
144
161
211
193
34
161
212
89
139
19
73
8
160
227
36
42
62
178
212
206
47
86
99
164
128
186
198
56
192
191
80
81
10
157
212
152
207
127
208
74
199
120
202
205
116
211
231
138
77
196
145
162
225
122
87
207
253
227
62
228
221
175
126
54
108
230
175
3
11
213
13
18
21
126
140
110
81
63
75
232
189
74
194
113
88
152
1
85
237
36
112
44
99
66
67
180
183
225
20
218
44
225
109
128
214
163
193
184
176
108
140
74
1
39
233
79
254
50
224
185
213
232
98
131
127
109
124
229
132
145
219
59
30
28
223
23
165
149
15
119
106
93
252
196
113
71
199
41
22
243
149
24
129
57
68
186
133
186
87
146
230
70
146
145
12
63
49
174
80
70
172
182
27
254
130
216
201
97
117
130
239
23
232
209
227
139
94
83
10
140
15
50
153
154
104
128
85
160
240
64
109
173
146
86
249
79
200
69
154
107
145
201
101
195
183
229
81
221
184
198
247
31
234
46
203
126
166
15
52
1
63
41
144
5
182
168
168
83
25
238
52
96
134
235
176
45
150
7
198
224
150
230
54
222
107
149
247
203
125
6
87
103
119
140
187
245
228
201
15
92
35
83
67
23
86
16
73
206
51
97
147
55
47
180
12
4
194
89
230
76
46
114
124
25
7
220
240
167
70
105
182
54
77
92
3
63
183
130
151
202
19
184
72
31
62
34
43
228
230
52
147
53
117
62
206
135
100
27
189
227
99
61
82
46
165
22
60
249
232
174
83
160
118
151
175
233
177
251
53
89
1
183
68
64
222
204
46
26
233
83
29
164
51
158
200
65
162
133
40
101
254
17
53
161
86
216
66
195
253
223
73
156
250
164
206
241
75
53
87
47
191
51
130
104
95
29
63
172
248
202
125
159
132
66
156
245
253
194
200
230
242
184
176
135
74
199
169
125
26
28
51
221
219
134
74
159
192
91
183
126
116
118
26
206
205
188
24
16
113
4
153
66
194
10
14
115
51
94
244
5
167
105
81
247
224
106
194
225
63
14
14
94
5
184
157
251
191
179
164
82
131
132
105
136
14
242
240
60
228
90
150
169
134
154
19
156
211
223
22
192
203
46
157
95
227
129
197
76
250
204
254
58
165
65
83
254
133
144
157
163
200
153
33
38
60
140
203
234
31
152
33
250
184
75
228
165
60
117
218
192
147
77
200
60
35
7
171
134
210
106
206
36
130
235
112
65
6
108
88
141
119
46
53
113
145
47
145
84
114
65
13
146
81
200
66
179
146
209
189
226
55
250
55
76
159
49
3
96
66
32
63
186
37
185
175
185
96
94
92
36
95
231
223
47
65
210
113
254
71
176
200
38
48
183
90
20
61
64
235
65
127
182
236
195
140
121
203
100
11
102
4
94
107
124
30
219
149
94
93
203
73
161
27
135
15
58
128
189
155
194
241
20
121
190
1
81
36
100
202
74
220
243
210
221
63
186
251
3
19
69
134
13
214
178
147
238
205
62
19
68
56
119
122
229
85
226
119
251
66
88
86
97
196
20
142
220
99
167
163
75
31
244
172
19
14
103
73
70
253
237
34
122
221
34
242
59
160
162
127
68
178
169
24
86
239
223
252
26
53
127
71
194
205
18
61
6
225
225
3
188
111
246
194
203
142
88
192
185
103
108
176
66
100
69
87
113
26
143
57
159
13
2
141
189
38
142
116
227
77
244
142
142
118
92
104
47
51
28
244
176
238
70
31
87
140
12
59
82
236
100
86
222
245
134
252
232
244
179
68
167
237
211
111
149
136
43
78
85
193
109
130
18
84
109
144
106
115
106
179
64
108
61
55
236
238
97
60
181
90
207
146
39
46
7
8
163
189
49
212
111
32
100
93
81
201
19
225
33
31
228
36
228
6
145
136
65
235
114
142
70
115
127
167
166
106
161
252
176
211
197
249
195
137
31
32
35
220
253
88
242
71
175
228
150
185
108
244
128
144
198
101
136
81
217
75
77
211
145
6
16
33
45
58
187
203
186
30
70
2
9
245
123
188
110
230
62
232
138
55
175
146
76
205
203
155
107
100
217
52
40
114
182
8
56
95
137
85
219
244
254
86
32
63
46
241
57
35
166
151
19
72
222
200
208
25
125
62
227
108
7
87
2
86
14
39
27
162
29
32
161
70
107
228
73
198
76
165
96
229
161
180
138
92
34
43
83
74
4
169
109
44
135
237
92
219
114
173
171
123
18
175
130
187
229
33
48
173
109
230
218
219
76
250
4
69
152
199
21
55
149
38
247
145
130
254
146
139
29
53
104
227
248
35
253
228
23
235
209
150
125
239
217
159
23
211
87
188
43
241
171
104
17
86
54
212
152
134
219
213
61
124
222
252
71
177
137
173
61
41
82
101
222
93
148
139
37
101
91
145
225
21
99
44
227
52
246
157
233
44
236
179
188
61
54
129
241
70
189
25
32
199
186
173
231
173
131
53
198
241
205
225
107
241
63
36
135
249
166
51
3
23
8
97
180
118
59
83
154
130
169
186
100
72
107
74
103
53
4
234
1
121
167
138
20
229
142
154
39
87
69
18
210
96
129
249
129
105
85
53
173
215
242
141
199
164
13
111
129
59
12
226
132
78
66
52
73
89
246
213
16
88
123
125
62
77
89
190
180
81
236
89
11
77
223
245
145
254
184
191
135
243
59
253
182
183
131
212
202
116
18
85
30
106
42
148
70
3
101
68
202
36
41
10
204
149
38
4
90
153
22
175
235
245
246
21
27
124
238
84
254
206
160
180
173
150
242
33
143
26
127
68
62
98
209
219
35
102
139
138
191
171
130
183
101
134
33
215
41
129
172
201
54
190
5
50
24
10
253
172
190
254
53
101
244
25
32
106
180
232
72
58
201
165
244
64
40
167
17
42
107
62
133
144
90
122
79
20
25
1
37
98
148
46
61
178
253
21
40
112
1
169
106
200
76
117
25
119
141
26
6
113
240
21
163
250
224
157
187
158
114
109
172
173
65
179
128
2
216
177
24
67
165
168
170
178
104
81
63
179
250
84
7
104
206
42
162
220
142
249
178
225
231
48
154
220
42
84
10
106
41
12
17
141
92
184
105
87
46
199
220
191
219
19
239
169
167
111
8
183
250
114
72
115
132
172
140
232
84
44
59
76
58
27
143
84
50
109
8
57
252
228
231
46
82
109
146
148
220
157
246
198
229
54
168
238
160
14
187
225
208
199
105
240
74
162
244
212
219
214
150
173
15
136
119
27
5
251
240
73
19
1
159
17
197
65
127
138
200
30
153
52
205
87
250
143
86
171
43
24
138
213
251
177
200
108
78
174
133
8
125
25
124
219
219
163
50
110
39
54
205
146
59
11
142
253
111
160
226
36
39
237
33
38
120
85
113
113
66
168
232
127
154
118
40
112
45
122
138
52
46
224
120
125
83
62
11
227
20
74
236
154
175
58
117
176
55
65
162
104
211
2
251
52
185
27
18
6
23
179
155
36
14
115
129
171
160
41
146
191
200
245
158
55
201
137
196
244
207
56
139
77
182
116
251
173
108
206
250
140
224
34
196
115
9
72
107
160
61
50
72
206
17
245
179
229
51
99
198
228
188
80
161
172
56
194
56
141
147
53
71
137
94
99
119
205
26
43
50
205
189
34
68
127
198
176
151
158
251
13
93
26
25
87
232
130
84
147
211
55
9
3
204
140
170
165
211
47
108
113
65
37
17
209
170
42
39
76
28
119
40
24
182
175
184
77
224
30
139
37
71
37
109
98
71
227
14
157
100
218
219
190
238
123
156
124
152
224
73
200
159
69
235
45
18
132
242
154
109
133
66
199
121
180
91
138
46
13
40
236
67
121
252
167
242
238
248
13
155
226
208
79
141
203
105
27
220
39
199
100
63
238
236
29
129
20
238
96
205
79
32
203
141
134
108
69
19
32
164
237
25
120
233
199
122
244
49
106
79
41
188
73
155
11
201
182
43
93
198
166
132
10
35
121
226
72
44
118
49
121
148
229
25
213
142
38
6
133
138
77
83
194
132
91
62
188
61
60
92
240
74
7
136
48
248
225
253
61
30
136
171
175
100
50
37
60
101
28
105
81
91
116
53
206
243
222
146
75
92
71
95
13
169
168
140
77
7
10
87
129
17
17
203
40
45
134
6
141
59
118
28
14
18
142
24
71
131
190
215
42
215
14
63
195
25
86
184
194
64
184
159
202
133
23
254
200
2
171
250
231
216
101
107
66
236
153
202
132
249
121
226
168
225
189
103
10
83
80
176
49
76
169
44
99
3
166
217
57
199
152
20
120
91
172
205
140
168
109
50
231
21
194
87
207
60
165
109
27
92
245
171
73
227
185
174
3
152
250
107
95
154
170
183
139
235
17
138
33
45
248
11
206
129
7
127
106
106
179
169
138
50
7
208
24
3
37
30
134
25
2
106
2
169
233
91
254
16
161
251
87
17
192
212
50
223
209
27
213
212
25
12
250
56
176
54
16
57
78
39
95
2
250
157
187
143
219
21
34
23
210
188
37
230
23
61
173
163
44
251
132
226
225
230
86
68
178
47
159
172
153
202
227
103
218
139
189
13
28
57
221
176
245
91
79
231
152
63
5
57
86
105
101
198
225
83
125
241
175
170
19
64
126
181
62
161
61
200
100
167
211
102
72
218
139
71
222
37
213
79
93
219
100
16
55
239
50
219
26
14
33
115
251
184
113
60
178
68
172
110
102
160
17
221
105
166
62
189
204
169
171
112
122
220
243
186
97
250
90
6
117
43
233
25
93
213
60
222
108
240
59
82
225
210
185
5
51
7
148
193
58
29
59
104
234
232
155
177
204
72
127
25
16
35
213
84
235
148
131
28
171
114
87
146
211
140
188
229
213
22
143
225
65
98
2
114
45
217
106
130
158
60
33
67
10
5
44
83
37
184
48
63
193
108
202
199
26
147
33
1
1
86
252
193
82
58
131
33
14
178
113
228
69
111
47
150
50
163
244
231
244
211
46
199
132
152
101
178
179
166
16
77
238
93
150
84
209
27
19
167
57
73
41
172
246
80
61
55
86
70
200
16
173
66
111
21
192
215
136
223
106
144
153
103
197
89
183
124
219
105
47
89
159
33
146
196
219
41
229
25
4
174
103
193
185
166
125
204
253
194
152
135
103
180
109
250
72
89
195
113
167
155
177
249
76
196
42
77
78
231
191
72
117
246
203
49
169
157
187
162
151
127
170
28
6
57
78
219
18
183
209
216
74
94
81
159
205
221
9
236
114
246
119
72
184
188
105
77
215
164
177
178
224
209
5
16
159
166
210
95
88
132
86
175
233
191
23
53
219
152
40
44
167
204
173
184
66
19
126
8
175
226
136
157
111
195
59
137
76
82
16
244
214
20
118
159
5
234
172
104
241
133
36
245
32
98
67
81
125
121
35
22
183
66
16
29
123
159
247
39
196
128
150
171
108
28
163
106
213
155
114
192
239
16
50
16
176
180
86
1
143
183
122
197
64
70
4
150
33
219
48
97
46
8
1
179
153
207
4
253
207
38
55
91
20
105
78
129
203
108
223
65
67
12
117
248
127
4
47
15
4
70
66
68
21
132
117
73
41
249
38
202
90
118
127
222
116
61
62
16
7
96
109
235
57
26
93
33
190
52
9
208
130
247
179
76
16
155
59
39
252
196
15
200
163
90
130
97
100
107
160
223
95
80
36
124
253
149
124
117
242
199
69
13
131
193
29
110
113
17
96
222
236
216
193
195
91
74
108
246
137
18
243
3
145
65
212
105
125
86
169
180
211
200
111
2
172
13
245
46
118
162
128
253
188
144
23
101
103
139
221
32
239
206
223
73
225
203
140
246
162
57
203
132
68
135
228
63
169
148
91
182
131
152
2
67
98
45
39
167
103
252
16
208
100
158
99
155
242
163
31
224
202
174
2
224
160
252
77
224
217
148
227
74
36
79
253
89
126
49
83
18
2
218
156
225
225
197
185
66
112
144
142
7
64
113
105
123
44
113
203
184
124
31
150
150
144
230
151
50
39
23
195
116
124
217
220
157
166
242
7
1
183
8
86
227
241
106
64
59
20
111
57
6
139
208
36
143
139
34
120
150
59
103
109
44
24
131
3
35
179
95
252
64
41
106
88
132
113
28
78
201
195
251
226
81
252
91
33
129
9
229
151
35
105
22
44
227
211
10
185
186
62
253
144
227
150
47
194
60
23
3
232
220
175
56
183
165
215
23
62
21
74
20
89
23
44
250
132
210
75
157
198
243
140
101
150
189
118
76
38
116
15
62
199
101
52
45
31
170
238
177
130
2
41
44
186
44
53
72
105
252
223
128
58
176
94
109
175
43
233
233
85
21
214
245
226
144
179
239
205
181
195
158
85
201
225
169
85
138
49
150
33
45
215
145
235
52
230
68
104
226
133
64
72
184
163
186
120
46
38
203
133
150
215
227
65
167
76
196
140
68
234
26
31
195
112
67
119
80
235
108
194
43
7
62
160
190
243
120
122
207
227
93
213
127
236
44
188
220
4
237
84
125
109
245
136
232
21
125
159
82
217
76
210
214
207
117
24
156
251
39
24
165
93
233
253
56
249
237
73
216
113
58
104
236
131
90
190
244
141
36
223
75
60
80
59
39
36
72
146
214
221
174
36
224
27
75
84
24
200
38
200
103
81
109
139
215
134
170
231
48
151
111
187
190
43
94
47
172
190
5
90
225
46
201
205
125
144
237
86
181
51
174
163
14
140
33
197
200
81
197
2
86
43
230
189
168
97
180
5
16
112
241
249
43
137
116
101
220
41
101
65
145
164
69
159
167
232
18
24
44
169
104
52
225
159
34
76
151
78
117
146
162
20
71
175
212
129
222
150
68
170
83
53
238
24
153
7
37
84
215
231
1
179
238
176
106
180
173
164
65
137
71
147
132
241
214
224
140
253
95
165
104
47
115
101
139
222
94
19
181
207
16
186
202
203
237
63
69
43
97
210
162
152
133
27
127
226
187
237
189
131
30
216
151
42
70
154
144
249
136
130
74
23
177
188
201
139
8
228
155
105
18
218
26
204
135
188
54
209
253
77
80
183
210
218
90
94
178
10
239
24
117
8
240
29
242
158
159
8
20
59
198
167
118
82
209
17
47
248
96
204
109
36
155
123
34
176
138
80
178
100
142
144
110
59
8
128
164
74
185
247
105
240
37
148
202
245
154
39
93
21
117
2
172
239
177
94
81
104
41
153
176
244
30
237
72
70
105
73
73
246
82
13
10
169
171
63
157
80
192
31
118
185
26
45
213
136
213
5
128
107
152
48
191
215
147
60
202
225
180
130
40
183
254
66
150
220
175
4
141
13
225
99
195
141
50
35
219
124
217
102
186
184
91
48
220
106
129
243
242
3
199
146
211
125
186
195
170
246
229
251
197
36
10
6
23
88
136
229
132
205
51
239
33
138
173
205
17
145
216
91
240
112
193
174
73
217
225
123
183
197
252
34
223
41
77
231
161
227
133
136
72
209
230
92
88
186
148
158
79
16
75
87
18
78
158
246
115
143
187
78
19
212
229
39
104
176
232
28
200
253
56
33
216
16
179
241
134
176
249
167
185
75
82
159
235
132
136
90
200
180
212
162
249
181
89
198
8
20
48
254
54
139
129
54
19
55
105
31
206
62
203
253
222
18
252
222
229
201
16
35
224
150
238
251
123
222
98
53
6
217
105
166
65
111
205
112
28
110
225
205
184
115
138
214
113
240
182
40
9
195
220
250
154
224
119
203
110
79
123
234
184
116
171
213
160
26
86
5
253
206
212
150
83
103
170
208
86
164
68
17
251
194
113
92
176
162
47
19
85
32
86
212
13
83
165
52
107
237
195
223
220
229
77
222
243
126
248
169
217
208
152
89
45
18
89
251
250
209
212
126
122
161
60
15
227
239
212
227
72
55
210
99
114
171
97
55
224
244
119
13
236
236
147
83
43
53
62
28
186
118
104
241
97
253
72
36
150
1
115
191
21
32
46
53
83
106
84
230
122
91
73
165
55
147
74
195
227
50
251
252
139
174
63
174
89
52
84
182
64
238
6
154
144
195
187
46
63
224
24
28
72
106
65
94
65
59
29
113
195
67
241
243
44
197
133
28
214
86
79
84
67
43
68
152
218
101
215
111
179
57
252
114
144
61
236
113
212
216
3
206
40
12
28
80
101
84
34
251
248
87
89
48
123
200
201
210
192
160
43
218
143
96
152
135
115
15
189
78
169
247
45
87
170
178
12
242
138
13
129
146
107
87
206
210
28
144
153
199
3
27
29
225
15
124
100
136
45
21
199
5
239
72
19
101
56
209
55
207
118
186
191
130
10
147
209
205
85
35
199
108
236
88
142
22
72
110
41
3
175
168
126
211
166
188
57
145
139
243
176
4
37
184
185
231
56
38
112
102
223
182
46
247
192
236
90
225
47
173
124
194
53
148
97
97
57
222
54
33
113
111
193
21
23
135
217
120
238
237
209
143
9
232
38
27
83
3
211
57
157
136
129
30
48
212
100
68
8
89
159
143
239
54
236
133
112
107
68
231
31
92
35
153
82
115
253
222
199
75
39
54
39
23
235
51
191
180
71
40
142
94
30
87
129
170
69
81
111
130
59
229
239
129
226
206
6
113
239
152
27
65
32
1
31
150
161
162
70
163
228
164
119
80
67
43
173
173
174
163
129
207
29
244
114
246
5
154
182
3
135
13
179
102
79
195
59
229
194
241
126
131
98
108
229
57
29
34
107
225
114
33
143
173
65
42
252
35
5
16
132
111
139
215
54
207
183
237
196
111
100
143
188
229
42
149
18
86
44
20
125
49
190
245
166
4
254
124
219
98
24
232
252
59
234
180
233
5
153
195
1
1
203
94
215
182
63
253
172
238
125
156
129
141
155
219
115
165
228
44
202
37
242
185
227
84
10
28
234
26
130
53
221
90
58
44
209
218
96
47
134
195
158
72
121
181
26
127
161
4
232
43
175
201
105
157
64
169
157
160
57
245
36
168
104
233
13
86
220
179
94
183
186
17
15
241
77
185
17
150
9
18
223
230
185
14
96
41
131
189
205
198
4
136
136
42
31
111
133
97
145
110
68
248
244
110
167
168
49
13
24
26
107
32
36
91
169
83
202
145
129
210
26
114
164
94
160
223
202
222
124
207
230
46
4
220
98
42
11
180
113
5
128
246
83
61
148
76
190
222
59
185
116
137
79
102
19
28
23
232
69
158
88
207
200
43
226
37
215
126
235
34
175
119
40
107
77
133
241
3
25
31
122
75
156
201
44
111
236
17
95
96
221
52
157
215
236
92
85
96
36
62
208
234
242
93
195
81
6
35
128
119
142
121
21
18
232
170
235
100
139
118
177
23
34
54
217
99
185
83
169
90
173
152
133
178
11
206
78
165
186
99
93
146
117
149
87
7
215
208
171
149
23
63
2
165
252
8
153
208
76
79
200
158
16
242
91
233
175
85
161
139
114
156
69
130
186
161
153
223
38
89
184
181
200
85
106
219
39
214
236
45
136
220
121
119
10
48
48
120
3
95
248
138
131
75
53
120
110
11
150
33
82
143
187
115
86
200
205
165
115
198
49
163
182
152
39
166
168
172
130
58
174
243
245
26
196
83
76
53
196
45
209
226
215
66
203
99
117
76
90
191
175
89
73
242
8
127
30
128
80
2
19
25
77
113
12
154
244
184
209
250
87
187
104
182
134
233
140
254
115
99
45
112
165
67
193
182
245
75
76
110
207
91
48
128
237
202
27
70
177
11
238
102
113
39
121
201
247
67
181
125
167
19
238
61
9
117
142
123
234
96
103
30
166
225
18
114
69
152
187
210
101
33
88
55
6
154
241
203
241
41
11
171
8
27
86
197
133
177
170
122
98
142
143
35
174
148
230
21
168
104
162
64
3
83
183
116
128
254
135
67
185
84
224
169
95
30
163
99
126
51
190
245
189
142
250
6
105
120
201
91
76
107
170
102
111
37
72
33
39
228
19
105
195
103
46
130
186
209
236
73
26
180
153
184
201
123
29
237
200
126
132
52
205
143
24
204
207
253
106
206
212
102
72
167
191
226
107
222
126
8
143
20
38
8
187
165
77
143
220
235
245
124
29
41
81
41
135
120
26
116
220
67
87
137
173
71
23
138
144
248
145
1
219
206
76
21
12
67
88
86
238
190
54
143
64
210
139
56
219
148
105
13
193
137
159
11
86
238
49
29
247
67
36
74
158
244
222
100
119
91
127
223
31
140
248
244
164
233
198
1
49
207
128
40
100
138
104
194
43
29
58
39
216
76
232
228
217
107
77
143
17
189
108
207
33
39
157
92
138
132
155
86
227
229
63
180
157
21
173
11
55
170
171
40
97
31
183
14
114
32
28
11
103
27
107
137
45
163
3
218
40
228
177
199
116
16
87
213
170
89
28
149
254
215
62
163
230
214
39
93
103
244
237
19
103
176
73
132
13
56
181
8
144
222
163
182
216
213
50
145
60
119
130
74
251
48
55
208
169
5
200
144
183
18
222
27
129
181
162
209
76
80
236
41
62
46
160
118
114
181
34
232
203
68
127
206
70
73
6
200
55
135
54
39
138
134
176
179
158
156
243
211
22
249
20
61
56
30
28
169
177
160
203
218
21
133
51
220
55
202
18
61
215
241
93
246
144
137
80
193
4
209
192
115
182
218
170
165
31
165
79
52
81
51
46
118
254
232
40
93
137
90
180
155
225
137
228
122
31
101
218
66
169
211
13
75
15
240
95
82
163
94
227
124
244
193
139
97
166
71
60
241
3
163
120
235
238
175
1
145
179
214
22
105
60
219
128
179
47
58
249
217
246
181
65
167
147
167
55
209
168
184
206
233
3
232
63
142
26
134
29
20
245
247
115
9
49
92
167
202
182
4
115
70
179
215
123
249
106
142
86
115
216
185
21
63
26
177
68
73
3
89
115
247
196
93
211
128
210
73
32
159
166
133
53
62
155
75
132
247
27
236
183
148
60
134
113
59
248
208
42
76
30
49
208
44
104
209
36
116
42
154
34
241
70
207
219
233
80
110
48
157
125
164
108
220
119
156
171
43
145
162
179
145
15
87
205
146
173
28
177
233
199
135
150
53
145
108
70
160
180
177
152
193
210
193
14
245
34
35
133
200
252
108
111
187
23
4
172
56
152
92
44
46
135
37
71
183
52
15
231
157
184
30
197
165
75
169
221
146
114
69
147
166
117
180
217
227
236
103
145
122
101
119
103
30
102
196
222
54
145
209
100
11
58
145
253
204
131
74
108
114
201
69
221
66
102
132
92
213
185
23
157
100
87
243
160
11
228
63
80
241
80
51
75
178
39
121
199
1
205
239
99
58
238
161
142
93
150
77
54
209
212
60
254
178
241
35
13
93
241
101
86
88
229
227
197
248
216
225
138
3
26
139
58
48
59
104
115
5
212
98
124
186
152
33
189
198
16
153
195
102
51
120
52
198
149
138
18
135
57
98
225
44
5
253
147
35
171
179
4
50
78
173
44
66
17
68
113
76
153
126
184
242
94
70
76
187
178
213
82
194
124
34
75
174
204
77
189
162
58
66
204
174
206
144
55
89
36
202
48
99
160
66
132
38
8
253
20
110
90
132
243
112
165
124
74
209
65
107
5
237
6
247
141
124
248
209
98
116
203
147
27
72
230
121
83
90
104
44
99
24
155
208
72
162
175
249
173
1
201
216
30
3
246
76
102
16
30
84
19
186
58
118
54
183
156
195
69
133
133
166
68
63
112
149
68
86
21
35
91
50
67
30
196
213
170
45
27
61
159
22
126
184
159
8
179
142
150
13
107
232
244
15
10
94
192
57
39
157
158
19
73
240
229
166
145
233
159
219
213
141
136
146
20
152
87
167
1
71
80
64
132
73
100
253
18
62
248
155
43
158
93
106
47
141
76
181
124
249
129
235
95
106
48
154
133
128
156
208
31
78
153
186
34
153
233
59
98
74
102
95
11
63
42
115
146
227
189
19
65
195
232
242
15
199
198
212
149
70
28
140
185
39
111
150
134
60
41
58
90
41
214
71
238
248
67
108
23
2
6
18
16
234
96
171
181
30
74
73
39
106
11
14
137
124
235
172
223
108
43
162
176
179
200
130
184
239
71
230
61
44
185
100
210
181
137
237
202
73
96
31
221
153
244
151
88
75
42
38
11
17
76
44
160
75
28
75
118
64
57
134
229
197
197
139
146
82
142
126
229
191
220
46
249
236
134
168
153
235
109
130
197
208
70
230
180
38
108
60
150
187
153
172
191
159
196
156
94
213
5
175
159
214
237
214
24
172
225
213
227
77
93
37
125
22
41
31
42
10
38
156
68
9
120
180
145
215
240
193
63
172
131
243
221
25
113
69
202
68
210
27
136
83
236
78
14
175
124
4
234
22
108
84
121
67
41
222
173
101
96
15
51
120
43
15
42
139
122
23
130
26
104
253
50
172
181
194
178
223
35
156
243
74
18
147
35
78
34
66
218
120
86
80
44
101
9
122
111
241
235
104
36
204
41
129
94
162
120
197
34
88
65
15
148
172
196
175
183
152
99
44
3
1
103
74
142
60
86
213
116
86
104
5
85
105
218
233
173
48
136
232
203
67
12
48
187
98
150
199
25
252
64
11
118
199
249
53
106
186
131
185
57
191
42
225
99
143
85
164
110
21
84
133
195
68
219
37
225
231
236
165
29
65
124
221
250
141
168
50
206
9
117
61
229
76
254
114
124
14
235
82
169
63
198
237
155
67
77
105
219
110
65
222
122
79
138
212
163
137
211
11
68
48
129
211
134
247
151
44
41
221
60
75
105
58
80
212
21
122
21
59
18
218
149
24
235
161
67
237
131
167
33
200
52
122
191
81
149
234
20
35
97
188
200
250
184
43
96
106
210
4
195
64
24
1
46
57
6
77
205
130
40
5
253
63
7
32
238
199
173
241
40
232
151
142
51
18
172
204
102
100
242
73
245
1
197
213
27
193
5
11
54
167
21
236
52
225
217
96
102
67
104
16
157
196
134
38
9
91
65
42
39
93
197
225
62
242
78
87
23
129
107
120
3
67
251
153
146
1
142
37
224
225
229
156
210
217
113
181
240
161
12
31
56
69
182
142
203
140
159
59
33
55
104
70
236
129
243
70
204
202
52
241
236
179
47
121
49
23
238
63
55
63
111
225
202
130
178
219
121
147
108
55
17
148
219
136
94
206
168
136
160
191
245
238
70
159
14
56
51
105
63
85
112
68
61
59
95
112
69
18
85
245
62
146
105
159
190
47
213
13
239
200
187
12
34
199
131
126
122
243
130
9
151
186
204
156
114
74
12
157
111
186
164
95
179
206
192
26
59
174
222
218
253
138
97
245
76
77
243
237
183
187
80
103
101
85
159
135
173
123
206
212
89
216
77
33
166
56
211
28
245
51
55
65
22
95
123
237
78
26
119
218
111
133
1
102
46
123
248
243
67
78
53
7
60
252
220
229
191
57
45
76
200
4
167
232
23
65
130
225
238
210
228
176
183
53
83
106
81
51
77
11
29
52
158
149
160
83
165
168
67
148
166
253
155
72
119
212
217
54
54
22
55
154
6
138
18
7
78
66
140
8
12
240
5
3
14
41
186
188
218
57
38
112
140
148
83
87
230
135
204
32
185
62
71
179
184
3
169
193
162
5
17
132
14
90
105
60
4
181
61
49
178
244
27
160
53
92
153
181
252
123
226
53
68
83
55
194
69
185
195
54
142
228
158
177
213
177
134
188
219
187
245
140
165
59
190
57
252
178
56
40
59
239
170
118
165
235
174
193
72
212
97
147
48
136
223
242
172
94
65
84
7
138
197
231
70
223
78
84
213
130
50
181
207
103
13
87
163
169
31
78
128
140
166
32
224
220
109
151
13
48
78
215
12
198
241
173
79
149
115
30
166
96
199
149
145
83
33
170
8
10
184
148
102
123
75
69
122
153
238
66
75
251
153
253
208
252
99
66
124
46
142
171
232
175
114
94
165
164
178
24
237
119
149
243
40
174
107
196
83
209
210
217
17
238
181
121
121
106
155
183
191
243
78
24
174
195
124
248
149
130
206
195
152
14
196
47
135
212
196
41
198
14
142
187
115
101
2
61
129
200
101
130
60
164
8
56
103
122
98
69
166
203
187
34
130
125
101
38
98
176
38
132
200
63
123
199
8
50
155
86
22
177
120
99
17
108
240
190
198
203
179
29
44
215
41
152
235
137
236
229
37
236
55
108
152
79
51
220
30
144
124
143
84
50
215
40
35
45
135
214
120
166
237
187
121
32
233
239
169
37
178
86
180
31
75
32
80
187
101
84
58
25
206
234
168
159
221
127
230
112
166
108
63
178
90
56
79
27
26
57
249
60
58
49
116
201
148
61
249
12
54
241
41
157
64
236
99
1
191
199
129
201
212
46
244
190
206
210
74
204
185
29
155
233
168
173
209
157
143
120
24
51
68
37
86
87
137
170
206
19
143
36
20
121
59
41
117
173
40
162
119
166
240
22
169
75
1
51
152
45
181
27
241
191
144
105
6
233
39
110
64
46
217
212
117
111
82
19
208
62
231
77
195
50
14
245
35
62
29
238
133
53
97
155
84
166
91
225
58
228
115
121
120
70
72
252
109
158
81
26
28
205
168
44
162
72
36
72
156
75
174
222
35
151
84
197
154
14
208
251
144
158
234
181
51
143
74
231
233
69
5
16
147
62
247
129
14
186
125
144
46
147
121
191
34
179
156
49
42
137
189
5
4
84
154
86
35
171
132
103
145
210
63
103
86
216
183
229
173
197
188
178
52
82
174
220
99
31
215
157
31
141
230
230
198
27
167
220
225
186
195
168
127
28
114
145
250
126
158
107
178
16
143
240
151
106
18
97
228
120
232
189
228
99
219
70
97
187
123
186
2
20
66
243
62
37
206
128
113
19
137
50
217
148
129
137
248
139
246
157
15
10
60
122
37
60
99
96
56
245
93
121
134
75
14
69
157
106
25
242
183
96
84
94
104
79
29
107
45
230
102
36
207
110
51
60
23
7
66
103
173
154
212
39
164
217
25
184
182
201
145
3
214
249
165
188
13
20
30
14
161
194
230
180
75
212
96
59
130
194
96
159
233
40
124
76
34
81
204
135
121
97
229
211
105
218
33
101
182
145
238
163
16
95
174
46
91
162
154
10
191
128
86
83
90
64
166
99
183
1
23
170
249
149
32
122
184
152
47
247
206
175
128
222
203
45
237
105
225
224
107
251
30
220
196
36
125
69
126
56
219
13
81
69
193
159
30
201
46
45
112
119
179
111
45
141
17
63
134
245
48
88
244
94
189
61
79
30
149
64
153
43
109
78
216
182
168
103
150
29
128
161
104
151
36
35
182
15
119
176
96
167
208
171
137
78
117
106
167
104
195
229
222
80
67
135
82
55
135
36
212
27
192
103
172
155
108
249
81
45
160
182
76
26
166
88
140
31
64
134
94
172
172
178
53
106
237
12
144
165
143
44
212
145
216
180
117
250
58
75
152
227
14
11
222
63
186
83
220
53
68
129
7
119
61
17
33
25
90
99
58
30
129
225
205
134
143
201
176
137
53
55
36
208
81
66
118
2
211
80
29
199
21
190
74
54
175
234
215
180
57
2
59
208
228
37
136
219
7
164
123
186
186
117
191
18
232
234
10
49
7
199
61
10
76
17
222
55
115
165
18
112
87
196
224
81
98
48
125
198
89
213
108
28
1
187
168
173
245
221
54
155
7
247
52
3
212
127
63
242
146
174
128
161
121
135
197
164
1
50
74
74
17
129
57
233
218
86
43
113
48
163
202
91
16
162
125
132
3
8
110
122
71
91
76
96
106
171
51
51
57
3
176
25
164
204
223
229
92
141
212
185
182
67
101
6
138
23
251
235
222
151
114
46
46
78
31
114
194
121
230
100
22
253
99
155
104
82
151
175
103
244
7
16
174
61
173
239
144
12
147
141
238
33
66
101
88
196
194
23
133
89
124
21
76
31
37
10
140
113
188
26
86
171
112
19
18
204
169
250
140
246
120
162
232
164
118
84
64
47
204
55
21
20
176
213
84
148
190
229
207
92
129
57
221
158
153
17
43
82
3
120
118
64
6
186
77
213
224
105
183
70
197
183
116
154
128
120
133
235
159
169
68
145
137
121
167
243
46
37
198
104
175
203
187
51
211
198
235
68
103
249
164
185
254
253
141
183
213
204
102
113
125
58
58
199
153
71
236
139
217
9
70
232
60
100
254
88
115
27
163
194
92
49
183
196
46
152
16
69
228
17
132
5
85
166
145
23
225
54
126
38
206
110
48
89
201
101
82
109
198
195
186
195
5
252
197
162
64
253
162
76
