0
35
65
99
126
155
178
202
238
264
298
325
358
383
409
441
471
503
533
568
605
635
666
696
726
757
781
803
832
861
888
918
949
977
1009
1028
1049
1067
1095
1130
1158
1182
1214
1249
1282
1315
1348
1381
1412
1437
1468
1498
1532
1570
1595
1623
1658
1696
1728
1762
1802
1833
1861
1886
1918
1959
1983
2009
2044
2076
2107
2138
2155
2182
2212
2243
2276
2306
2340
2371
2407
2446
2479
2512
2540
2562
2602
2631
2662
2692
2713
2738
2772
2809
2833
2864
2899
2925
2948
2975
3013
3042
3068
3097
3124
3158
3179
3201
3236
3264
3293
3320
3345
3364
3402
3440
3468
3492
3516
3539
3567
3597
3640
3674
3700
3733
3770
3807
3833
3861
3884
3925
3955
3982
4009
4035
4066
4092
4117
4144
4171
4199
4236
4273
4309
4344
4374
4406
4439
4466
4492
4516
4547
4579
4603
4636
4663
4694
4720
4750
4778
4809
4841
4867
4893
4918
4949
4993
5027
5048
5073
5099
5138
5161
5195
5222
5252
5290
5317
5349
5378
5402
5437
5467
5504
5536
5560
5585
5608
5653
5687
5715
5742
5770
5797
5837
5875
5908
5944
5970
6003
6037
6066
6091
6119
6144
6181
6209
6239
6275
6291
6325
6360
6381
6408
6438
6466
6504
6546
6575
6603
6637
6671
6690
6726
6756
6791
6824
6855
6887
6912
6943
6979
7012
7041
7070
7088
7110
7137
7175
7199
7233
7271
7304
7331
7366
7395
7416
7444
7476
7510
7542
7573
7610
7639
7661
7700
7734
7758
7774
7798
7837
7866
7891
7917
7944
7966
7993
8031
8066
8097
8127
8159
8190
8217
8252
8274
8303
8331
8361
8398
8431
8456
8487
8527
8558
8590
8619
8655
8680
8718
8749
8782
8818
8849
8874
8902
8932
8965
8996
9028
