0
1
15
16
33
39
43
44
51
59
66
68
70
79
84
105
116
128
144
157
158
159
185
186
199
202
219
233
246
248
256
261
267
278
288
1
4
14
23
26
43
72
82
103
115
118
134
137
141
143
150
155
160
172
198
207
208
215
217
219
230
241
257
260
277
3
4
12
22
28
75
79
82
83
98
107
129
139
142
147
152
158
170
174
180
195
200
205
214
224
230
243
250
255
256
269
272
284
294
5
22
40
60
65
93
99
100
101
104
116
122
134
146
150
160
185
186
214
224
236
238
256
260
270
276
282
0
4
8
9
24
33
44
46
67
68
76
78
103
108
118
122
123
141
146
159
190
209
225
230
231
254
260
289
296
2
6
11
25
36
50
77
78
90
98
104
109
114
128
149
163
226
227
229
246
259
262
293
14
26
37
47
66
69
97
109
126
137
166
178
192
202
206
210
212
220
228
230
235
241
254
299
11
18
22
23
36
37
46
51
52
59
94
102
110
118
119
135
137
151
158
161
170
177
181
183
193
203
205
211
218
222
238
258
261
273
290
296
8
27
40
58
66
67
92
97
104
107
113
115
146
159
185
186
190
198
218
239
252
262
277
283
287
293
5
13
16
18
29
39
41
51
55
62
93
108
116
131
132
138
154
170
178
180
186
200
217
228
231
234
239
245
250
253
255
281
282
284
29
36
45
51
75
91
95
137
138
139
147
152
162
193
195
196
229
255
267
268
270
275
282
291
292
294
299
10
19
27
35
55
64
71
75
80
93
99
112
127
151
152
184
186
196
199
219
223
234
239
242
248
249
256
259
264
271
275
291
292
2
7
10
29
34
55
56
74
110
133
140
157
159
169
176
204
206
211
215
230
234
239
243
255
287
1
7
11
15
16
48
49
101
120
138
146
151
153
173
175
182
195
202
220
229
232
242
247
261
264
268
0
1
12
14
19
22
24
25
63
68
83
89
92
114
121
133
141
151
161
166
184
201
225
238
245
261
263
279
282
288
291
297
6
19
29
31
48
58
99
107
110
113
124
132
137
139
140
144
152
161
176
183
188
204
211
223
224
258
276
283
291
295
2
6
9
11
30
32
49
55
57
61
68
72
75
78
79
107
114
123
142
144
151
152
160
163
170
174
217
227
267
270
272
291
8
29
34
41
46
60
77
83
99
104
128
136
157
159
175
191
196
203
209
212
223
235
242
258
264
274
276
285
287
288
3
8
21
40
42
49
52
68
70
71
73
78
82
90
93
109
112
118
125
129
131
152
182
190
225
234
238
244
247
251
261
267
277
280
296
7
10
17
19
21
22
23
28
33
37
38
40
50
56
57
61
64
67
75
84
92
121
136
161
172
188
201
211
213
230
232
233
241
245
263
280
288
11
37
44
54
57
63
64
88
112
120
121
123
124
126
128
138
139
147
153
154
183
189
201
204
210
233
236
255
276
290
1
6
12
19
30
31
38
64
66
98
103
112
122
123
125
140
142
170
173
182
183
197
230
233
244
259
275
279
287
292
293
0
5
14
28
38
42
50
51
67
85
91
92
94
99
107
117
131
148
159
160
180
181
197
204
217
255
268
276
290
295
3
9
10
13
20
47
55
62
69
105
119
125
126
130
147
155
159
211
226
227
230
231
249
260
264
265
269
281
295
296
17
21
25
30
32
33
52
58
62
75
94
111
117
129
132
157
220
221
223
228
251
252
255
258
259
270
279
282
285
293
295
2
7
30
35
49
90
99
121
129
145
146
149
172
194
205
221
239
240
246
254
267
281
294
299
27
40
54
57
61
89
115
116
123
139
151
176
200
215
234
257
270
282
283
284
297
299
2
32
37
58
62
68
84
88
89
109
113
115
127
164
191
192
202
211
212
213
220
227
231
240
248
257
277
296
298
18
25
33
38
40
44
48
56
60
74
83
95
103
155
161
174
191
192
218
243
252
254
263
264
266
267
268
276
282
35
41
45
51
65
66
88
91
92
94
101
153
181
187
193
194
200
212
216
223
225
235
255
279
286
296
298
1
8
15
16
19
53
60
61
90
92
131
134
147
149
150
161
175
186
211
227
229
241
253
260
281
285
287
289
292
294
29
35
62
70
75
77
78
86
88
89
94
128
137
152
158
185
187
189
191
196
212
224
240
245
257
266
268
269
280
289
293
10
13
28
36
42
46
47
48
55
56
88
104
120
124
130
132
138
139
151
174
179
199
203
224
258
270
276
289
10
12
13
35
39
58
75
78
82
86
99
104
106
113
120
122
125
141
147
151
162
164
177
186
189
197
225
228
246
259
274
291
6
7
9
18
27
65
80
83
145
153
182
187
193
200
206
267
275
278
295
31
37
52
66
100
101
117
150
220
222
227
228
244
247
252
263
269
270
287
288
295
18
37
82
85
89
95
134
153
163
169
179
180
185
188
228
238
273
284
3
16
21
30
45
80
82
100
135
149
152
155
179
191
196
206
237
242
247
251
254
258
263
280
286
288
289
299
2
5
8
9
15
17
23
35
36
45
46
68
84
91
97
112
121
124
128
142
143
171
172
173
183
186
198
204
230
253
258
264
278
288
291
7
14
17
32
37
64
79
84
88
89
93
105
123
128
135
181
196
198
199
217
218
224
228
234
265
269
283
286
18
28
43
88
91
95
96
111
128
132
135
141
151
159
168
170
173
187
242
251
289
291
294
297
6
39
45
50
52
76
79
81
85
94
100
121
128
138
139
148
149
165
177
178
201
208
216
219
223
227
245
254
257
260
296
297
0
2
27
30
62
63
75
98
99
103
104
116
122
124
129
137
149
153
154
164
169
176
182
188
199
202
209
219
226
236
245
248
254
266
284
0
7
14
50
59
69
85
113
121
128
140
148
155
157
158
165
168
180
181
185
196
223
228
239
243
246
255
256
259
279
286
294
299
15
19
21
28
31
32
36
39
42
43
53
64
67
102
108
115
121
128
137
139
152
157
201
203
205
207
215
237
239
270
272
279
296
8
11
15
17
31
33
36
50
76
83
115
133
134
141
171
176
179
182
190
194
195
208
214
217
244
247
248
254
258
274
280
284
298
4
9
24
26
32
37
38
54
63
83
91
105
108
109
114
130
138
149
165
201
210
225
227
234
256
257
258
268
280
283
286
292
293
12
23
33
70
73
76
83
84
85
103
111
114
118
124
145
147
150
164
174
198
203
217
235
244
260
273
278
280
283
293
299
14
17
26
32
38
53
67
68
88
108
109
118
123
131
140
168
174
183
194
214
230
246
264
276
291
8
10
26
54
78
101
115
119
127
132
140
141
155
164
175
204
211
213
216
224
227
234
239
240
262
266
267
277
284
288
293
5
8
10
14
25
27
36
40
56
68
73
82
88
100
120
126
134
149
152
160
218
224
231
239
266
268
270
285
288
299
13
20
25
26
31
35
41
50
68
81
90
97
102
103
108
115
124
140
159
165
171
177
190
197
201
208
210
211
224
236
251
258
280
290
28
29
39
45
52
56
62
66
76
77
89
107
111
115
116
133
142
152
154
160
165
176
180
186
187
214
226
231
235
244
247
254
268
272
281
291
296
299
11
42
45
58
65
86
87
115
125
141
142
147
148
152
186
191
192
214
235
238
241
267
278
283
293
2
10
46
49
56
76
99
101
105
109
118
128
145
151
159
164
180
194
208
223
240
248
255
273
280
287
290
299
0
23
36
45
46
57
67
73
78
83
99
105
106
110
111
120
137
140
146
148
156
159
172
183
214
221
231
233
248
253
266
283
286
291
298
6
7
15
31
36
53
60
75
87
100
102
103
104
118
119
130
143
145
151
158
159
174
191
193
194
197
200
216
220
229
258
265
271
272
275
285
287
288
18
27
34
38
46
55
56
78
82
84
95
117
124
126
136
156
168
175
177
183
193
210
216
244
245
247
249
273
283
288
290
299
1
2
32
33
46
47
63
64
65
70
82
88
96
102
119
122
128
130
145
163
187
191
196
201
207
216
217
227
236
247
252
269
277
289
3
13
18
21
25
31
54
59
62
80
85
93
113
123
127
130
131
132
134
152
153
156
157
158
172
195
200
209
211
222
227
231
250
251
267
269
273
287
292
297
5
33
36
46
67
74
112
116
125
130
132
133
138
164
168
175
179
192
195
228
230
241
245
246
250
260
261
277
279
284
288
14
18
37
40
44
59
60
64
74
77
79
116
124
125
136
137
145
168
174
216
227
236
247
258
261
274
276
292
3
15
22
26
44
52
55
61
70
104
121
122
140
143
146
166
183
192
202
223
228
232
233
267
276
9
11
12
17
28
30
54
56
61
65
80
87
150
158
160
175
185
192
194
213
214
218
221
226
228
230
247
249
257
266
270
290
8
10
26
32
34
53
69
71
90
92
102
104
112
120
121
125
127
136
147
153
170
188
193
194
202
209
211
212
223
227
235
241
246
247
248
261
273
279
292
296
299
3
37
44
53
63
90
148
150
157
169
172
176
181
183
196
201
225
264
265
274
275
281
284
291
8
42
52
55
76
80
87
99
100
106
109
128
129
138
172
174
188
205
224
260
263
264
271
281
285
291
11
12
35
40
54
55
58
61
70
75
83
95
99
103
106
109
119
134
154
155
169
186
191
200
214
224
226
235
239
242
258
259
276
283
298
8
32
35
41
50
62
73
74
88
89
105
108
109
110
119
139
143
146
149
155
161
163
172
173
181
187
196
206
212
227
281
299
0
19
43
45
47
62
63
69
71
77
101
102
108
121
126
129
130
132
137
144
161
175
202
234
243
249
250
265
271
282
289
2
3
7
21
24
29
43
45
49
62
82
86
88
95
99
103
105
109
122
134
157
163
166
178
188
192
203
215
234
246
298
17
20
99
103
134
137
146
171
174
175
179
186
209
223
266
278
297
0
4
8
19
24
59
75
78
79
84
111
124
152
220
231
233
238
257
263
275
282
287
288
293
295
298
299
0
6
9
20
22
25
30
34
42
45
47
72
81
94
110
130
135
147
180
182
190
201
216
222
248
249
256
257
277
278
4
6
20
25
28
30
38
43
48
55
56
66
75
91
95
98
112
137
147
150
160
206
223
227
242
263
264
271
274
277
298
9
13
18
32
36
47
58
76
87
91
112
117
125
147
150
152
188
196
206
207
211
220
226
240
241
243
247
249
250
266
278
281
296
17
22
27
73
77
83
92
101
105
108
115
125
131
141
143
158
182
185
194
196
199
208
212
220
242
261
273
274
289
299
5
11
23
36
37
40
41
49
70
77
82
87
118
128
138
151
177
191
196
205
208
209
212
214
230
247
256
265
271
276
282
290
291
298
3
5
6
12
17
20
26
37
38
51
87
134
136
138
143
148
164
168
190
203
205
211
215
225
234
240
255
256
261
267
274
8
9
25
32
41
43
47
61
86
89
102
109
120
132
139
144
151
154
158
171
175
180
181
198
204
216
223
232
233
237
251
253
279
286
287
290
17
20
21
24
40
45
47
52
58
63
68
72
90
112
113
116
138
152
160
163
169
182
196
199
201
212
214
215
219
232
233
244
256
259
260
264
288
289
294
13
29
30
34
45
47
53
73
75
107
117
123
155
164
168
174
184
188
193
203
213
218
223
228
247
255
260
262
282
289
290
293
295
5
10
15
26
36
48
55
56
75
76
77
87
95
105
118
120
155
170
177
198
202
208
215
224
237
240
260
270
278
281
284
295
296
2
30
34
55
64
76
88
96
104
135
152
164
169
174
184
189
194
196
206
223
224
228
230
242
272
278
279
281
1
24
32
56
70
91
92
94
101
111
114
144
152
178
183
193
199
226
269
280
286
290
23
30
32
34
38
65
82
90
113
121
126
141
154
170
172
181
188
191
195
200
202
204
208
217
218
221
240
244
249
250
251
254
255
262
265
272
290
293
296
298
14
19
38
40
50
65
74
77
86
111
115
120
123
133
158
161
174
179
185
191
198
216
224
228
249
257
258
260
280
7
13
25
28
31
50
52
64
86
112
116
124
127
129
130
143
147
151
155
163
165
166
184
199
206
208
218
251
261
281
283
22
24
28
29
32
71
73
75
84
92
111
123
134
135
137
144
149
152
156
172
176
191
196
200
204
213
221
262
273
278
29
47
66
76
77
127
142
145
147
169
175
178
185
206
213
220
247
266
287
293
297
12
13
24
28
34
40
41
49
52
68
74
78
94
162
193
200
220
226
244
247
255
265
269
279
298
1
5
34
35
38
53
86
97
114
131
135
136
149
151
158
192
205
213
224
227
235
237
241
242
244
252
253
256
274
282
283
288
292
293
8
19
28
29
31
53
56
57
59
64
75
115
126
135
140
153
156
165
166
176
178
179
180
194
201
227
232
248
255
256
260
262
268
280
286
293
298
3
10
12
20
37
39
45
54
56
62
75
83
152
164
168
173
175
202
215
223
245
258
270
279
48
57
58
75
111
130
134
137
138
141
150
152
165
205
207
208
211
214
222
224
226
238
250
251
256
263
265
267
277
284
295
1
8
17
18
24
25
28
35
44
45
46
49
51
62
71
76
103
106
110
113
115
125
142
158
159
197
215
225
235
254
266
271
272
279
282
20
25
42
52
55
70
100
106
117
131
132
138
156
165
179
200
211
213
227
231
240
245
256
264
282
288
14
16
31
34
40
56
76
77
79
94
135
139
181
182
184
191
196
199
221
238
265
268
297
64
73
76
78
83
124
149
154
160
161
165
176
184
193
203
204
213
218
220
227
243
245
251
261
265
286
291
6
9
11
38
41
48
49
58
64
65
66
67
68
70
87
101
114
118
128
141
167
168
176
182
188
193
200
222
223
226
228
237
240
253
257
286
290
293
1
4
13
28
34
40
78
79
80
89
91
99
107
113
115
116
127
199
205
216
241
242
248
254
263
278
280
285
291
5
9
28
33
36
37
69
73
85
93
94
112
134
135
166
167
172
196
213
244
263
267
282
283
284
294
16
64
76
100
112
116
121
125
131
148
160
175
201
202
212
214
216
219
225
227
238
244
256
267
269
277
285
289
297
5
17
20
46
57
99
105
116
139
149
151
156
165
175
193
196
198
205
227
234
241
243
248
276
284
288
298
15
16
29
33
36
45
59
78
96
110
117
121
144
145
146
154
155
158
164
172
173
202
208
237
244
255
265
268
270
283
285
286
292
294
19
31
41
78
87
103
104
142
143
144
145
146
156
180
181
187
198
201
205
214
218
29
52
81
82
105
118
132
153
158
161
171
174
175
177
199
209
243
256
257
261
276
277
10
33
43
66
67
74
76
94
97
101
135
139
141
144
150
155
156
170
181
190
198
199
211
215
217
218
229
233
234
240
245
250
256
259
261
0
5
33
41
76
87
111
125
127
133
138
148
151
153
165
189
192
193
219
240
248
250
251
266
274
280
290
295
1
19
20
21
26
30
65
74
83
87
94
102
106
107
111
118
151
172
185
187
203
236
238
243
262
263
268
277
297
5
9
16
22
32
37
43
55
74
96
123
139
145
147
149
156
166
174
177
187
227
260
265
270
274
281
284
4
22
27
30
32
42
47
51
75
80
83
94
125
130
151
163
175
176
179
211
214
221
257
264
292
15
35
47
76
84
92
117
118
125
160
165
172
198
245
247
248
274
291
295
3
14
15
22
24
31
39
46
54
78
100
107
109
112
119
135
138
151
154
160
161
170
182
187
190
192
197
199
211
224
228
242
246
250
267
277
278
286
4
12
13
22
49
54
56
68
75
92
94
103
109
114
117
119
131
138
141
143
146
148
157
158
163
178
187
188
203
215
225
231
241
252
254
262
265
285
17
32
79
126
128
135
142
152
169
174
195
196
198
201
204
205
206
208
229
241
261
265
268
270
280
288
290
292
12
18
19
30
39
50
51
64
94
99
100
133
136
147
178
185
201
211
212
226
227
237
246
250
14
20
27
32
34
36
82
147
151
158
166
213
217
219
225
236
251
253
265
272
279
282
296
297
13
47
61
79
84
86
89
95
116
137
145
168
178
179
187
194
201
211
220
263
265
283
294
26
48
53
84
87
100
114
130
133
146
158
166
168
173
186
187
188
196
205
208
226
231
239
256
266
268
282
294
5
30
60
63
68
69
78
99
112
113
116
129
130
139
149
168
169
173
185
188
190
196
205
220
226
243
250
256
282
284
10
12
18
35
41
45
46
57
64
66
68
69
71
74
79
97
100
138
139
142
152
161
163
164
167
170
176
180
196
200
202
215
224
226
235
236
244
247
255
279
281
283
297
0
3
4
11
17
25
28
35
40
45
56
58
67
75
80
82
85
100
107
110
137
140
147
149
161
189
200
214
224
236
245
261
269
278
1
9
25
51
54
69
79
97
101
114
127
134
144
151
168
179
181
190
203
208
227
240
249
252
277
299
10
11
13
14
18
30
50
60
65
93
95
96
99
108
118
124
157
170
171
173
181
184
203
219
220
224
229
234
243
251
261
265
272
6
15
16
31
33
46
52
65
73
79
81
85
98
134
143
150
153
166
196
198
199
203
218
223
228
238
244
246
255
259
260
262
266
273
274
288
299
9
13
26
38
69
73
77
85
96
97
112
122
124
128
134
136
148
164
174
184
192
194
203
206
213
236
242
246
251
262
265
269
284
285
291
295
299
13
17
18
29
49
59
62
66
67
70
87
101
105
126
153
159
183
193
197
199
224
235
244
264
291
298
3
17
25
27
29
58
68
69
100
103
124
132
142
168
176
187
194
197
200
205
210
224
256
261
277
282
298
299
11
23
54
60
84
89
98
118
141
145
204
205
230
233
234
235
236
241
247
266
287
296
298
10
11
12
18
33
37
44
49
56
73
80
83
96
114
120
126
128
136
155
163
179
185
190
200
201
209
211
215
220
226
227
232
240
245
253
256
265
281
284
285
293
4
35
60
65
71
84
95
102
109
135
147
151
152
158
171
177
178
184
185
201
202
207
222
235
252
265
272
274
276
281
2
4
8
10
36
51
67
75
96
99
106
126
127
130
139
140
184
201
214
216
241
248
250
255
260
266
286
7
15
29
33
42
45
49
51
70
81
89
94
126
132
141
148
164
189
198
222
246
257
258
265
275
281
282
5
45
55
57
64
71
77
78
91
93
103
104
106
113
131
146
177
188
194
206
233
252
259
260
272
282
1
4
6
12
14
15
18
20
24
26
55
77
100
104
120
130
136
150
169
179
199
200
204
211
212
214
217
226
239
267
280
10
22
27
52
53
79
105
121
143
162
182
183
189
202
206
207
213
235
236
242
258
260
268
270
289
295
1
17
73
76
91
98
101
104
135
141
150
162
165
168
173
175
184
188
190
200
203
243
252
269
282
0
12
17
31
37
39
65
78
83
96
102
113
126
128
173
185
186
196
203
215
234
240
249
251
270
295
296
13
27
31
37
54
67
72
96
107
109
116
122
133
145
151
160
172
188
232
238
241
259
268
277
279
282
294
14
36
49
52
58
68
71
96
97
101
104
106
173
177
195
209
211
230
234
242
246
248
249
274
281
282
290
298
3
4
7
18
26
27
40
42
45
46
56
86
88
99
103
106
116
134
136
139
148
168
169
172
183
208
223
246
251
257
259
268
272
286
289
290
296
2
11
17
19
21
26
30
38
43
54
68
72
75
80
116
122
131
132
133
136
138
139
143
161
164
187
207
221
222
226
242
249
253
258
270
289
296
1
13
36
37
43
63
65
70
75
83
85
90
100
101
103
116
120
124
125
136
139
141
158
165
175
199
207
208
219
231
242
266
270
278
291
296
10
16
38
39
43
58
65
74
79
96
99
106
112
128
141
144
153
170
180
190
197
200
233
234
241
242
249
255
257
277
284
286
289
297
299
18
19
25
38
39
41
45
54
65
75
82
137
143
146
147
156
159
207
209
210
214
218
219
221
233
236
240
271
296
297
4
5
15
16
17
19
74
91
93
111
126
127
139
143
145
165
171
172
173
176
188
199
206
210
216
221
229
230
238
251
253
267
2
15
29
37
46
59
67
74
81
84
95
104
105
115
119
122
132
133
149
153
155
157
170
172
176
195
217
222
227
237
246
250
289
3
11
12
13
37
57
64
71
73
86
95
117
133
135
140
145
168
187
190
196
202
205
212
224
239
265
266
3
6
37
43
55
56
108
116
142
149
153
156
171
210
215
224
227
229
235
248
249
258
263
276
286
297
24
50
57
63
65
87
98
106
124
151
155
166
206
218
222
228
232
235
249
253
261
263
270
272
22
24
25
30
31
38
50
89
94
99
103
105
127
138
150
151
159
164
165
194
211
244
245
254
256
257
260
265
268
280
290
11
23
26
37
38
42
67
86
96
107
108
128
134
137
153
156
166
170
174
185
193
194
210
231
235
244
247
249
287
288
295
296
42
59
66
75
77
84
98
99
118
127
129
151
156
158
168
190
193
229
239
252
258
273
279
293
2
24
31
44
60
66
70
75
80
82
103
112
114
118
119
138
139
141
144
162
165
166
168
171
185
203
204
209
216
237
240
244
298
29
38
39
45
51
70
74
76
78
87
88
94
96
109
111
113
160
174
181
185
201
206
241
256
259
288
289
2
26
27
48
51
84
97
113
136
161
181
199
202
205
206
207
209
213
217
223
228
233
235
240
248
257
259
281
283
285
287
9
54
56
81
98
106
115
126
131
140
148
161
171
181
190
194
208
212
227
229
240
256
261
283
298
299
17
31
32
41
43
54
55
59
79
81
87
101
113
140
146
160
169
186
190
196
205
208
210
234
242
253
255
284
289
292
0
9
19
23
24
39
53
55
66
98
100
109
114
130
134
145
157
161
168
182
191
207
218
226
230
270
292
294
1
15
27
54
65
86
101
112
118
126
151
160
164
177
187
199
203
208
224
225
228
231
234
242
253
256
273
276
282
286
287
5
8
11
13
18
26
38
40
46
55
63
76
77
80
86
87
108
111
122
136
139
166
171
176
182
185
193
208
252
257
275
281
15
21
26
30
44
50
70
73
78
95
105
119
154
158
163
168
204
220
242
251
256
258
265
271
273
284
0
25
31
37
67
73
85
95
115
131
134
142
145
151
181
191
197
204
219
231
236
244
246
264
274
276
4
15
33
41
57
78
100
113
127
130
131
133
139
154
161
175
198
200
203
208
243
259
260
263
281
30
31
33
46
51
61
66
70
90
104
106
113
123
125
129
146
160
161
164
179
182
187
188
202
227
238
264
275
281
286
298
2
16
27
38
39
41
44
55
66
79
86
89
94
100
103
108
119
120
121
125
128
135
137
138
160
171
185
188
204
206
212
213
220
227
230
232
243
252
254
256
272
275
289
298
4
15
18
39
47
75
76
79
94
95
98
106
108
112
126
128
133
134
138
140
147
149
151
153
187
191
215
217
246
251
277
284
293
296
3
11
14
34
40
73
95
100
102
147
152
196
205
216
232
239
240
255
267
281
286
1
11
16
17
72
73
77
82
84
87
91
92
113
121
140
147
166
194
200
217
275
280
290
293
294
6
14
21
24
27
28
48
52
54
76
83
85
131
134
135
139
141
142
146
171
176
193
220
236
280
286
5
9
24
47
63
67
74
82
84
85
90
93
105
106
116
131
133
135
138
145
154
158
171
173
174
187
200
205
215
237
241
242
257
261
262
264
275
276
283
5
10
22
24
50
61
64
75
89
96
97
103
112
114
133
156
159
193
198
230
238
249
256
7
50
55
57
58
63
78
101
108
117
131
136
141
148
163
165
175
176
181
205
214
216
218
220
226
227
228
229
243
252
254
268
290
296
2
6
9
25
41
51
63
65
66
68
70
93
98
130
135
138
181
198
201
203
215
217
219
221
232
242
272
0
31
48
53
68
73
77
82
94
123
124
137
154
162
188
194
203
218
219
222
238
244
248
252
253
262
265
290
296
299
3
5
11
23
31
38
45
62
67
74
80
97
100
110
120
124
148
149
153
163
175
181
187
200
203
205
207
217
219
230
253
258
268
272
275
282
286
296
7
15
25
26
29
35
50
68
80
82
92
104
129
130
145
169
189
197
201
219
251
273
274
280
285
290
296
1
18
25
32
33
38
40
47
57
76
81
90
99
108
111
118
125
131
172
175
183
187
205
210
223
240
250
254
264
266
290
293
22
61
70
71
84
86
88
91
96
100
116
152
178
187
193
196
199
204
212
217
224
225
244
249
253
256
282
288
291
5
17
18
28
43
57
82
96
102
105
106
154
170
192
219
221
234
237
249
255
276
289
291
293
6
32
36
42
43
44
46
82
84
93
97
100
105
132
139
151
164
165
166
169
175
180
185
188
202
203
205
206
225
237
244
250
284
287
291
17
24
36
51
61
72
77
78
79
95
123
124
139
157
176
183
192
203
206
207
209
226
244
247
253
259
271
293
297
298
13
17
20
37
43
48
56
66
74
76
80
84
122
156
172
173
186
197
198
202
215
217
219
226
233
239
249
254
255
258
263
278
279
280
283
291
298
6
20
42
47
50
52
55
59
67
73
77
84
93
113
116
117
123
130
142
147
157
173
176
188
198
214
220
239
246
269
287
299
1
5
10
14
25
37
54
55
65
76
91
96
98
99
171
174
175
179
183
208
217
264
278
279
6
44
59
62
73
74
96
112
116
121
135
141
153
159
167
185
209
211
224
229
241
244
261
264
289
3
39
62
65
69
80
91
98
110
112
122
138
167
174
175
213
222
223
230
234
251
257
272
6
18
22
25
33
36
60
72
74
80
81
97
102
108
111
118
121
130
135
139
149
150
153
154
161
166
174
175
184
185
187
191
194
210
213
215
216
228
258
259
260
280
284
286
288
5
8
11
40
50
58
70
78
87
91
102
103
111
121
142
153
161
168
169
170
185
186
194
202
204
220
230
242
252
258
265
271
298
299
0
3
6
26
36
84
95
100
102
108
117
120
121
126
147
156
166
185
198
201
229
231
241
269
285
289
294
296
15
16
31
39
63
69
74
81
83
93
103
129
133
154
156
174
175
177
208
224
226
238
251
261
277
279
290
12
48
58
61
74
75
89
114
118
129
141
147
154
164
169
174
175
199
202
213
218
237
246
263
285
290
293
294
6
10
18
25
50
71
76
115
123
125
138
146
161
166
173
189
206
219
221
223
258
264
273
284
291
292
297
17
23
37
46
50
58
68
70
84
88
89
93
108
109
129
131
134
135
153
154
161
162
165
171
200
204
208
211
218
222
228
233
255
259
261
263
268
278
279
287
0
1
9
20
22
30
62
67
69
70
71
74
79
83
84
87
120
137
142
143
148
167
168
175
187
190
191
195
218
221
236
249
255
264
268
272
274
278
13
20
24
31
32
51
64
65
73
99
100
103
112
113
117
172
180
189
209
212
216
218
223
226
228
235
239
252
281
283
288
290
293
10
14
17
22
29
42
50
62
76
91
92
102
103
105
118
125
137
140
147
168
170
172
188
191
199
221
224
234
246
254
266
270
278
280
285
291
31
35
36
52
58
66
96
97
114
131
140
150
183
190
192
204
218
220
232
242
246
277
280
281
282
293
2
22
25
26
45
52
78
86
108
120
142
149
185
192
199
202
207
211
214
216
218
229
232
257
258
263
264
273
274
275
284
290
293
29
31
32
38
42
44
48
54
59
62
64
68
72
78
83
96
100
103
111
135
149
157
169
189
195
196
198
211
225
250
273
281
284
297
17
19
24
25
46
51
61
69
71
79
94
100
106
113
120
125
141
145
161
165
171
172
186
211
228
258
263
275
285
12
22
28
55
74
79
80
84
115
119
140
141
151
155
162
166
173
174
189
192
216
221
243
255
281
9
13
26
37
50
52
77
85
110
119
139
152
176
178
183
207
209
210
231
238
248
250
251
261
263
278
298
299
1
5
22
37
38
44
50
57
73
91
94
112
114
125
153
163
164
195
215
227
241
250
256
261
295
0
3
12
13
30
57
59
65
78
86
88
102
110
113
116
118
121
122
126
128
133
137
166
187
191
196
201
202
217
219
240
243
248
254
257
261
281
22
29
46
56
63
68
81
87
88
100
102
164
170
172
174
191
204
224
227
237
240
246
251
254
255
273
288
290
0
19
20
38
52
70
85
90
98
100
105
119
131
134
141
147
152
166
169
173
182
187
189
216
248
268
281
282
295
298
9
15
16
17
29
31
35
44
46
47
48
77
85
105
106
111
124
129
148
156
164
182
196
197
207
213
215
222
225
229
250
254
263
284
287
297
16
30
31
38
48
54
79
85
86
98
104
128
172
210
246
293
2
16
18
19
26
29
48
56
61
63
68
89
103
106
107
113
114
124
132
154
161
178
194
218
231
249
256
261
265
273
274
278
281
294
13
28
40
48
65
78
88
92
96
102
105
107
108
113
126
131
143
157
158
159
167
191
195
200
214
218
229
241
248
255
273
275
279
280
281
2
18
37
38
46
75
85
126
130
134
140
146
168
171
204
221
235
241
251
257
290
5
6
26
47
57
61
64
80
89
100
105
110
112
135
146
178
196
204
205
206
210
214
245
246
280
289
291
1
7
20
27
31
33
53
64
65
73
81
100
104
110
113
123
125
137
143
176
193
203
213
221
254
264
277
282
283
289
3
7
40
51
75
88
101
127
128
129
132
153
156
157
172
195
196
206
211
218
227
233
234
236
248
268
270
293
2
5
6
17
22
25
43
53
84
86
88
98
105
106
112
121
124
125
135
140
148
164
167
179
188
205
206
209
214
225
237
240
248
260
264
293
294
295
10
13
16
17
34
35
42
50
56
58
61
75
81
85
92
93
95
111
116
125
129
141
150
152
160
172
178
198
201
221
225
239
253
262
263
274
276
279
288
292
293
294
5
6
12
13
30
36
39
77
98
100
104
123
136
152
185
187
198
199
208
214
216
231
237
264
270
271
277
289
291
4
8
13
15
29
31
32
66
79
83
95
116
125
128
141
157
166
180
186
198
216
219
227
265
268
274
290
292
10
11
20
27
28
32
59
64
72
101
105
111
128
159
165
186
197
203
208
212
220
221
228
230
237
246
248
249
271
274
289
295
298
299
3
5
22
32
46
47
59
69
84
97
99
107
121
137
141
142
153
159
195
201
207
210
215
226
238
242
243
254
264
265
267
272
273
285
12
15
34
64
96
110
130
142
167
169
170
179
182
187
232
246
268
293
299
3
20
22
31
34
61
67
70
93
110
116
117
119
120
127
137
139
140
141
143
185
200
204
206
229
234
235
250
257
265
268
278
284
286
293
299
5
12
15
17
30
45
57
61
62
68
85
102
104
111
125
130
162
167
168
189
190
193
201
204
218
226
231
258
264
298
2
8
11
31
43
47
52
68
75
84
91
102
106
109
121
122
146
154
155
189
192
199
201
218
227
229
230
244
245
249
256
259
261
263
290
4
14
23
34
39
41
42
55
70
71
78
85
94
107
113
124
128
132
150
171
172
199
202
213
217
221
222
228
231
239
244
267
273
5
11
13
33
35
42
44
48
64
69
76
78
85
106
122
132
134
139
150
151
154
174
176
182
210
212
247
252
278
290
295
3
8
14
16
23
32
35
40
48
49
61
62
64
77
100
114
143
156
187
200
205
208
223
235
239
249
259
279
282
291
295
297
0
6
8
10
39
45
70
76
83
93
123
126
140
145
148
171
173
178
211
212
220
224
247
250
277
1
5
20
22
23
58
65
68
91
93
109
120
132
144
165
166
172
175
194
197
201
216
229
232
236
254
262
274
276
283
299
33
41
47
60
68
74
79
91
92
116
117
124
125
141
142
145
149
176
177
186
198
199
223
225
234
235
254
255
260
265
281
282
293
295
297
298
6
8
11
21
34
56
68
82
96
101
120
126
127
144
148
150
152
154
169
183
188
192
209
210
226
234
235
236
241
261
269
289
294
14
23
38
40
42
45
47
49
52
77
89
121
132
148
151
157
166
172
174
187
190
192
203
205
220
239
242
250
265
0
17
25
31
35
40
43
49
70
74
82
89
98
106
113
116
123
124
133
164
170
208
226
230
248
251
268
269
286
22
37
61
73
81
93
107
130
139
148
151
173
176
238
257
267
289
297
29
49
52
65
74
75
81
86
88
89
99
116
137
143
162
199
210
224
228
254
290
293
5
8
11
25
26
36
39
42
50
61
72
95
103
146
152
162
174
178
186
194
200
217
229
256
282
283
290
18
39
51
56
57
61
66
79
86
87
93
100
113
118
121
122
124
137
142
143
148
150
157
163
164
167
182
188
212
237
241
244
259
267
278
279
289
296
10
11
17
45
92
96
113
143
152
171
199
219
224
239
246
248
254
266
284
285
288
292
295
296
4
14
42
49
50
51
58
72
74
89
106
108
113
124
127
160
169
176
177
182
189
217
220
225
228
233
236
240
269
274
280
293
294
295
0
6
9
17
19
22
23
31
37
40
46
61
64
79
80
87
89
97
101
104
120
122
143
144
151
181
187
209
225
227
234
236
241
256
260
272
282
285
2
25
28
35
41
48
57
69
74
84
88
99
101
102
103
127
136
140
154
160
164
178
197
214
223
225
227
236
266
279
285
293
297
19
23
27
42
44
49
51
54
60
67
85
95
120
124
150
163
178
201
202
204
218
228
239
256
265
272
284
2
4
6
12
15
27
28
42
55
71
74
76
107
116
125
127
134
137
141
143
145
171
178
199
201
208
212
220
261
263
272
280
281
290
291
1
2
10
16
44
51
76
86
92
118
123
131
135
141
151
156
175
184
194
195
196
198
244
255
260
279
291
295
296
16
26
44
76
81
101
111
115
130
159
160
178
202
238
242
248
255
257
293
294
297
7
12
13
22
25
44
94
96
97
106
111
118
127
134
135
139
143
156
164
203
206
220
228
247
254
280
293
295
0
8
23
41
51
54
68
81
83
112
119
134
142
150
156
187
188
190
195
201
231
233
241
244
249
255
273
280
282
287
292
293
2
5
21
29
32
54
66
69
73
85
92
95
138
145
147
150
151
152
163
169
185
199
212
226
237
239
248
264
265
271
284
293
297
298
2
10
13
16
17
19
28
34
38
39
56
62
75
77
105
117
132
159
186
198
201
204
231
247
249
255
260
264
266
269
276
279
0
6
14
54
59
61
67
84
92
94
97
103
105
112
115
129
136
137
140
168
183
185
188
211
215
220
240
243
252
267
271
2
25
28
44
48
49
58
69
71
85
87
93
99
118
121
122
134
139
142
153
176
184
195
198
205
212
215
234
236
246
249
255
261
271
274
280
297
6
8
17
52
60
66
86
88
103
104
110
113
114
123
131
155
170
173
184
188
211
216
220
226
233
246
277
283
285
31
48
53
59
77
87
96
128
142
151
178
179
190
191
192
204
210
214
230
268
270
293
1
5
13
14
28
31
52
59
65
96
97
98
102
110
116
118
121
134
144
147
155
162
177
185
192
199
202
210
224
235
240
255
263
270
273
279
280
286
289
7
13
14
16
35
39
42
81
93
126
130
162
166
173
187
191
198
204
205
207
209
225
238
241
255
258
259
263
270
271
274
287
289
291
11
16
28
37
45
62
84
97
104
112
113
124
125
135
151
173
191
223
228
266
271
272
283
288
1
4
51
61
79
84
103
115
222
236
240
247
265
266
276
295
8
28
38
56
59
82
83
91
110
119
122
136
151
162
169
172
182
211
257
269
282
286
289
293
1
7
9
23
29
32
34
36
49
52
73
77
81
88
93
94
111
116
123
127
135
140
141
155
182
193
198
200
202
207
221
255
260
265
269
280
287
290
297
44
46
49
51
53
57
64
75
80
81
82
87
88
105
122
125
135
136
138
160
167
180
183
197
219
226
237
244
289
34
36
43
51
53
57
62
68
69
97
106
135
136
158
168
192
195
210
211
212
220
235
241
242
243
9
12
14
17
21
24
48
51
65
80
89
108
139
141
157
159
165
176
198
215
218
222
230
267
287
297
18
27
31
34
42
46
54
60
69
87
88
94
114
134
143
144
147
152
174
193
194
197
203
215
232
295
299
9
12
39
78
82
102
136
139
141
156
174
181
182
185
209
256
273
277
278
282
294
298
11
31
36
40
61
77
88
92
94
98
132
173
176
180
194
198
208
211
244
245
248
253
258
274
286
292
295
3
17
30
36
46
49
64
76
78
83
89
100
104
110
115
118
133
140
152
156
157
159
163
168
174
183
188
190
191
192
205
215
227
235
284
288
290
293
4
6
20
24
25
32
39
49
55
58
63
73
80
101
104
124
136
156
157
171
174
183
189
190
192
200
212
235
242
249
267
279
288
290
293
9
14
22
25
27
31
35
49
56
64
106
107
114
126
142
145
151
153
162
164
166
171
227
228
251
254
257
274
277
286
296
1
8
12
17
51
57
67
78
84
87
88
100
104
110
142
152
164
173
186
189
190
207
212
252
256
275
276
285
297
298
1
8
17
23
37
44
55
72
80
90
97
117
134
151
159
161
168
171
184
185
202
206
209
213
234
238
256
258
263
264
272
290
28
32
44
50
55
56
62
63
65
94
95
113
114
127
138
155
171
174
176
184
211
221
225
230
239
241
250
254
276
286
287
15
22
32
43
80
93
94
97
107
118
134
165
169
171
173
181
182
193
197
201
224
241
242
260
268
273
277
6
10
16
27
31
33
40
46
53
67
82
87
114
120
121
143
149
170
178
179
193
202
205
215
216
218
224
231
240
253
257
263
275
291
295
36
45
48
66
74
79
84
91
102
155
160
163
177
201
212
221
228
252
256
260
279
296
14
17
18
32
36
40
55
83
96
99
100
111
131
133
134
135
143
159
174
200
229
232
233
237
240
252
271
282
295
26
27
49
58
60
84
87
95
116
121
124
126
139
151
175
183
185
197
205
206
217
220
240
246
259
269
272
274
2
33
45
50
58
62
67
76
82
98
100
110
120
123
126
171
179
184
202
215
227
229
234
235
245
258
259
267
269
288
1
4
10
18
25
31
35
48
50
55
56
63
69
83
89
115
117
136
138
140
144
155
158
181
193
198
206
224
234
235
239
240
242
249
254
276
286
1
20
31
39
44
60
65
80
90
97
110
115
120
122
138
143
153
154
178
183
184
186
190
215
219
228
245
248
256
263
280
283
287
7
8
29
40
52
77
82
119
148
159
162
166
183
194
199
201
216
227
230
234
254
277
284
286
291
1
34
37
39
46
67
83
84
92
96
105
108
109
125
131
149
156
168
169
170
191
221
229
240
241
246
247
251
260
290
296
6
16
21
31
36
38
54
55
67
68
74
76
79
84
88
90
91
97
99
100
123
138
139
140
148
155
174
176
185
196
211
231
234
242
258
259
263
264
283
297
7
18
32
38
48
70
77
94
96
134
140
142
149
158
166
170
173
183
184
194
203
210
217
228
236
242
253
263
282
297
299
0
8
14
17
32
37
41
42
46
50
71
93
98
103
105
136
162
176
180
181
203
210
214
228
243
245
247
264
274
284
295
298
1
5
21
34
40
58
69
70
75
101
109
117
123
128
133
140
141
165
195
227
228
230
242
251
255
260
263
279
298
15
40
43
44
49
58
67
71
74
80
85
88
113
118
126
165
167
169
170
172
182
186
188
189
209
213
220
238
241
247
248
260
261
278
284
296
19
38
46
53
60
63
68
77
81
94
108
128
141
151
162
169
183
194
208
211
230
233
235
286
287
3
8
11
16
25
34
37
46
57
66
82
106
139
145
152
160
162
166
167
169
175
177
186
191
193
198
211
214
228
230
235
236
240
257
259
265
267
277
10
30
31
32
40
49
53
56
67
74
75
110
112
122
124
148
150
155
172
175
179
183
194
225
232
244
265
269
273
293
296
8
9
26
27
40
41
44
48
49
53
76
85
88
89
104
111
118
147
153
158
177
203
214
219
220
226
232
250
252
264
284
286
297
0
16
22
28
32
41
44
46
52
56
60
63
80
99
100
102
142
145
158
170
182
186
195
214
220
222
224
250
254
255
258
259
268
270
292
294
37
50
72
78
79
84
85
94
95
98
100
119
121
141
153
154
162
185
186
187
209
213
217
250
252
259
261
277
285
295
296
29
46
57
62
94
95
114
123
133
137
138
147
153
154
167
171
172
176
177
189
223
268
278
292
293
1
12
22
54
60
70
119
121
144
155
160
172
175
176
191
193
199
207
214
224
227
241
243
252
267
275
296
299
1
9
19
29
40
43
57
58
61
69
79
90
94
103
106
107
121
128
129
163
167
182
196
206
215
217
242
254
268
279
12
22
36
40
43
46
57
58
91
92
102
120
122
125
139
141
155
175
201
203
210
228
234
238
256
263
270
278
279
280
292
294
296
16
25
31
33
35
38
52
72
74
85
92
95
112
140
148
149
150
157
176
195
204
205
213
233
237
239
242
259
263
276
289
17
37
48
65
73
90
99
111
114
117
120
123
144
146
178
189
195
215
222
226
229
237
247
248
250
253
264
267
269
274
284
299
