0
28
58
86
119
151
176
201
234
271
296
323
357
400
436
468
494
524
560
587
620
655
685
718
755
776
808
841
874
901
936
956
990
1022
1051
1073
1105
1139
1162
1183
1207
1240
1281
1314
1345
1362
1388
1417
1440
1468
1497
1526
1557
1585
1620
1664
1692
1721
1759
1789
1817
1842
1873
1907
1933
1954
1987
2021
2057
2085
2114
2143
2172
2198
2222
2248
2277
2304
2339
2375
2400
2428
2458
2491
2523
2553
2584
2619
2649
2674
2714
2747
2776
2800
2828
2860
2888
2924
2954
2983
3007
3036
3066
3100
3135
3164
3188
3207
3238
3267
3314
3339
3380
3411
3434
3475
3502
3537
3566
3600
3643
3676
3700
3731
3749
3774
3799
3829
3855
3888
3917
3940
3977
4007
4039
4065
4096
4131
4151
4187
4215
4235
4266
4289
4309
4346
4372
4395
4418
4445
4476
4518
4550
4580
4610
4642
4666
4696
4725
4748
4776
4806
4840
4875
4898
4934
4968
4996
5023
5052
5077
5109
5137
5175
5203
5225
5247
5279
5309
5339
5368
5395
5422
5456
5484
5508
5540
5570
5597
5633
5672
5695
5730
5755
5781
5812
5842
5869
5905
5940
5970
6001
6028
6061
6094
6122
6165
6193
6227
6250
6277
6311
6339
6369
6401
6442
6479
6520
6547
6575
6612
6644
6666
6695
6721
6745
6769
6805
6833
6871
6898
6931
6959
6985
7017
7048
7077
7101
7127
7147
7167
7192
7218
7255
7282
7311
7353
7391
7421
7449
7477
7500
7531
7559
7593
7623
7649
7673
7704
7732
7760
7787
7815
7832
7860
7881
7907
7935
7970
7994
8022
8072
8114
8141
8171
8200
8241
8269
8305
8332
8362
8399
8430
8461
8488
8507
8537
8566
8603
8630
8659
8701
8733
8759
8785
8821
8862
8893
8917
8949
8979
