106
98
205
33
67
2
21
210
60
85
188
189
217
163
56
228
132
93
180
233
247
88
84
171
250
36
4
188
222
106
151
242
103
45
119
250
70
154
82
59
70
25
121
219
250
114
233
168
51
140
136
188
145
226
55
203
45
21
106
230
57
247
95
24
184
16
217
83
227
156
25
78
153
4
18
92
183
215
117
152
128
8
203
226
191
15
77
69
23
38
248
94
37
1
32
236
29
131
180
238
41
207
196
202
112
128
69
60
47
211
187
119
133
124
111
74
146
69
130
116
69
95
254
92
69
18
249
165
226
249
245
172
247
69
169
90
101
95
109
169
242
1
74
108
71
3
122
159
249
192
9
43
214
188
250
105
5
34
46
65
200
111
222
46
240
208
170
7
149
27
149
22
220
131
91
5
247
69
251
170
210
10
181
45
39
179
100
216
233
163
33
249
186
70
195
71
15
60
58
141
79
188
33
122
245
59
139
74
19
92
76
52
70
61
55
186
114
71
74
136
224
58
10
81
170
209
242
231
149
39
34
211
129
237
75
23
205
107
185
159
214
145
52
211
164
232
242
148
177
98
60
6
70
124
77
160
74
143
239
110
19
70
206
216
236
16
11
240
148
1
234
162
190
58
234
142
124
214
36
228
77
120
221
222
174
210
189
148
78
250
59
77
13
75
121
117
205
222
172
42
50
166
14
183
1
47
171
88
15
79
232
187
147
91
112
184
209
49
161
32
69
43
80
101
220
171
168
5
83
15
186
68
58
221
160
242
155
8
74
2
238
198
154
243
137
90
62
191
205
222
15
52
10
170
8
139
26
4
176
163
144
232
72
253
5
215
167
244
11
150
170
71
18
195
228
103
106
170
186
24
72
36
60
209
226
5
22
94
38
203
143
57
177
139
146
97
230
110
140
209
203
98
30
205
176
104
51
254
201
172
111
219
74
167
234
47
31
106
29
41
193
113
125
138
183
112
184
37
71
178
34
204
138
234
240
116
2
211
159
208
87
125
147
222
141
42
175
159
29
140
130
149
21
208
139
133
143
82
78
117
145
85
108
220
24
193
84
195
49
123
54
134
31
3
105
24
184
116
151
20
199
186
55
22
189
56
182
154
247
105
74
250
8
160
135
86
243
30
229
66
40
116
155
40
152
71
90
35
62
135
121
39
151
178
61
92
122
80
131
103
213
149
80
4
168
177
103
39
169
52
13
110
223
117
50
136
114
239
61
170
175
141
128
189
185
90
124
191
68
244
212
162
226
177
160
221
209
115
98
123
50
21
201
254
232
120
51
77
101
111
253
113
197
113
66
210
98
201
249
6
173
16
88
38
11
97
220
92
24
179
10
8
164
178
184
247
115
141
215
137
198
223
107
155
31
172
107
215
29
73
232
57
131
66
63
146
108
29
17
222
122
159
134
58
163
3
160
138
213
229
208
119
196
154
174
236
214
156
253
228
182
97
226
66
170
115
69
95
10
247
248
18
62
241
226
128
155
188
226
47
96
237
152
146
121
41
234
88
26
127
11
63
187
19
88
18
158
135
246
132
50
133
7
140
139
135
14
98
71
198
92
55
118
5
210
133
58
84
147
69
175
20
47
43
47
31
228
228
167
244
249
84
221
97
44
19
63
135
234
129
142
96
133
203
114
27
221
132
48
49
252
216
100
193
230
124
211
61
104
114
251
142
72
66
98
199
197
232
29
46
173
2
158
96
139
192
76
5
155
29
192
119
9
237
204
218
104
101
141
82
98
236
167
127
63
51
109
187
159
117
235
108
209
122
16
222
101
37
80
151
174
236
29
16
245
215
191
185
107
226
196
123
10
114
204
186
122
86
253
241
175
178
87
74
235
196
253
86
176
122
215
97
230
213
177
207
224
185
93
50
239
19
98
66
65
197
120
236
76
53
34
129
143
27
162
139
54
249
100
233
111
181
24
193
35
217
110
31
128
19
221
88
15
82
52
239
7
87
181
26
8
181
78
189
136
35
72
57
252
85
35
132
142
66
77
48
37
2
1
104
209
145
73
7
217
228
192
59
124
201
36
123
98
198
137
223
250
9
156
30
18
233
97
83
135
242
52
21
212
96
228
234
112
158
78
248
4
179
64
104
39
64
234
113
241
56
98
89
202
181
156
225
124
164
47
69
122
74
35
10
209
12
162
194
206
71
181
250
245
79
217
61
33
215
199
210
5
128
98
151
203
195
92
64
233
59
249
221
250
201
121
33
129
61
100
5
94
199
127
88
76
192
226
189
187
7
253
161
127
20
30
64
132
234
93
91
55
32
153
250
62
15
200
175
144
191
39
254
52
151
121
109
29
58
61
104
208
219
135
50
23
24
120
156
56
77
136
57
196
208
106
14
101
145
192
17
60
11
187
185
148
141
53
159
102
149
245
5
25
83
112
1
155
196
175
116
68
234
212
47
179
167
63
225
164
164
8
11
165
207
98
185
215
153
68
6
57
166
214
3
1
31
243
118
236
43
76
239
12
7
208
20
121
170
98
247
38
199
230
9
13
167
244
69
81
29
243
127
40
155
84
94
86
53
7
57
66
218
121
63
80
108
193
250
50
136
134
190
166
153
104
99
136
189
197
50
193
85
196
19
82
142
34
250
228
40
251
95
80
88
132
78
151
139
61
125
148
198
204
136
186
43
191
161
198
19
8
156
151
121
147
88
124
59
171
1
60
137
194
138
251
108
121
123
177
207
239
171
196
148
149
237
53
235
51
91
101
97
159
203
71
57
8
73
153
49
207
74
7
88
199
33
104
76
217
100
40
210
71
215
33
117
232
3
76
11
1
75
31
151
84
99
193
27
169
31
114
29
32
204
82
84
75
79
179
55
150
66
240
127
19
10
246
137
25
114
249
74
125
71
122
165
50
78
195
154
229
128
148
242
234
7
56
174
51
68
144
128
227
150
218
188
42
247
162
245
242
87
246
12
181
91
99
175
246
89
21
177
159
8
101
108
189
109
224
45
183
163
227
67
115
247
24
115
228
39
129
42
117
29
114
191
101
63
177
245
212
78
136
167
127
89
233
239
27
132
168
186
164
221
147
77
20
114
62
14
50
254
18
228
244
127
223
59
50
10
125
95
175
149
52
146
45
177
158
22
10
65
202
250
136
208
164
91
123
196
62
186
211
23
140
41
68
95
187
124
134
55
85
79
74
246
16
72
83
191
124
218
76
112
238
1
181
32
132
247
209
92
126
166
52
94
158
76
163
191
17
180
235
18
46
41
196
150
143
155
205
99
34
112
169
171
161
139
184
49
35
189
11
4
5
206
30
227
56
133
63
36
254
169
137
137
114
180
116
10
205
8
239
143
110
244
169
226
73
206
226
19
13
248
110
252
237
198
187
253
247
5
83
35
224
93
180
222
9
67
162
125
213
5
175
74
203
65
174
126
94
137
199
43
77
121
105
228
81
192
54
108
164
50
195
154
39
218
208
235
170
80
99
243
91
119
200
95
214
172
15
171
51
174
204
84
224
147
144
94
147
226
233
136
79
64
53
225
210
82
102
48
229
157
130
39
235
150
132
51
35
45
177
33
83
248
240
14
180
31
33
56
39
149
99
1
237
245
66
155
246
167
64
229
203
174
36
36
214
130
146
172
4
84
105
35
167
194
51
17
42
69
246
40
169
40
74
81
155
36
241
106
21
101
201
207
136
2
233
247
179
175
158
228
209
41
93
24
101
61
50
239
102
20
125
23
66
126
51
65
166
209
168
220
194
227
239
169
205
165
123
155
120
187
231
119
59
92
227
150
117
116
239
121
185
227
228
6
31
8
147
234
253
179
232
114
190
33
225
216
160
81
26
236
118
42
122
154
180
51
138
101
177
138
111
215
170
252
241
100
25
199
172
37
222
200
121
157
197
74
79
20
18
123
189
63
104
242
228
184
76
61
137
115
45
87
199
127
229
230
115
22
150
146
251
211
252
16
119
97
165
28
50
21
191
48
152
104
18
59
174
222
28
73
248
104
254
19
38
203
72
187
38
245
80
34
203
66
8
242
27
156
225
2
196
34
91
231
67
142
91
132
29
210
241
166
46
143
187
236
51
131
250
10
241
168
194
1
165
12
72
32
193
220
24
94
216
94
222
44
161
31
2
234
214
57
177
214
147
240
43
19
59
232
206
204
149
93
41
118
135
110
129
210
109
239
15
220
158
6
199
4
191
35
136
135
43
201
82
75
16
21
58
210
235
104
206
162
99
54
133
223
171
82
198
72
50
21
232
71
62
204
197
230
53
156
13
234
163
223
195
217
103
198
75
60
109
221
145
10
117
71
152
151
166
69
83
20
213
197
179
53
117
199
26
126
38
83
29
194
230
4
254
219
173
42
222
70
134
55
28
221
154
138
115
136
36
201
148
1
1
189
111
101
192
212
179
114
114
88
173
38
127
125
115
38
73
248
250
227
212
192
40
51
243
9
229
153
226
3
136
137
119
123
197
168
213
197
49
251
95
127
160
143
4
6
14
138
75
231
67
179
195
33
140
22
165
220
128
170
45
48
101
162
35
138
233
31
91
239
12
177
223
218
131
242
77
80
160
199
126
101
100
109
24
3
254
46
42
154
238
42
78
181
137
226
17
100
37
164
115
201
141
94
182
179
89
90
5
208
8
137
75
213
245
208
42
22
156
14
226
176
52
97
164
124
185
137
231
191
184
211
175
63
174
250
233
209
16
216
210
97
180
236
242
216
152
70
173
33
61
63
215
165
150
190
18
155
201
109
65
111
35
9
8
118
209
69
168
59
181
26
251
62
109
24
116
189
125
108
225
72
48
233
101
122
205
147
7
251
84
208
53
14
29
148
21
139
142
60
160
69
248
146
189
107
195
138
132
238
228
74
251
167
58
23
144
201
15
218
97
200
160
183
14
134
217
151
148
78
249
45
56
222
15
212
72
173
129
13
30
211
3
98
212
172
202
81
21
204
234
49
190
224
207
4
72
185
30
216
224
228
7
67
154
225
215
11
209
244
79
222
39
61
141
155
39
69
213
33
103
71
254
210
242
243
112
240
232
74
212
157
78
221
91
142
167
16
231
219
131
18
201
187
110
210
68
29
169
72
221
4
9
121
181
150
137
172
169
26
205
224
68
43
47
171
153
6
92
3
188
148
28
138
36
9
49
241
229
105
204
170
197
187
61
82
60
18
162
9
230
236
218
182
102
73
224
62
120
144
254
180
234
25
22
126
161
87
223
38
142
244
35
214
211
113
54
32
140
165
200
17
235
9
36
42
3
1
52
70
179
171
6
129
233
240
100
79
99
75
63
113
22
163
123
177
181
240
109
62
185
14
83
40
39
234
166
172
37
120
139
11
217
125
202
68
89
92
62
184
87
218
6
104
181
120
57
51
203
184
16
133
160
121
51
79
12
224
174
203
46
52
98
139
131
223
186
250
242
200
221
74
110
155
122
90
230
194
72
226
32
95
182
9
239
237
193
44
61
149
208
13
7
185
126
172
116
53
52
74
101
19
70
166
40
86
97
96
211
186
235
167
180
228
230
19
104
174
25
153
29
173
7
216
119
18
68
120
28
18
138
193
238
184
54
213
212
49
14
148
52
44
246
24
173
163
92
24
192
208
101
207
95
56
188
55
102
135
13
144
147
136
35
108
254
120
138
119
33
89
147
30
195
74
220
94
138
1
165
22
52
97
24
90
168
127
200
49
29
13
132
2
39
53
135
254
6
12
31
152
170
247
174
35
132
252
75
145
38
205
136
91
220
133
103
111
195
170
212
215
93
158
175
233
171
102
250
215
200
85
96
202
87
55
78
65
222
222
89
167
116
178
108
36
217
214
160
143
47
114
114
105
200
254
102
86
189
253
240
177
132
79
246
153
63
181
92
159
77
154
212
234
190
220
15
119
130
11
66
6
34
50
19
15
253
123
241
84
225
237
231
221
215
181
185
54
214
78
93
160
70
51
105
14
208
196
90
123
101
171
42
95
111
188
138
49
250
136
125
115
190
235
83
172
11
139
217
74
89
23
111
17
75
228
122
22
70
136
6
153
193
134
78
177
212
102
30
124
12
210
206
245
215
242
98
201
166
48
153
100
71
65
103
78
62
208
18
28
83
45
134
49
47
191
134
166
120
218
126
229
181
68
82
48
46
57
66
10
61
151
52
98
142
165
177
156
231
116
12
81
243
196
196
17
213
119
76
228
213
56
189
109
164
42
1
218
253
22
148
160
26
65
53
243
212
229
18
222
56
21
3
176
86
173
103
35
191
97
15
65
10
22
208
207
89
195
250
233
116
89
211
16
72
238
230
242
227
114
177
215
124
112
243
212
103
77
115
221
34
18
201
62
69
67
221
197
179
242
61
78
147
207
114
122
185
88
32
185
108
204
102
94
169
154
190
248
52
129
192
220
46
99
185
175
70
46
50
210
122
113
212
111
146
116
109
254
19
158
51
85
24
246
93
210
128
85
230
133
51
77
30
24
172
93
124
248
129
118
212
129
79
98
38
43
201
230
228
17
168
102
52
240
60
235
99
179
110
28
189
140
209
198
171
173
230
145
124
50
113
18
120
57
225
166
99
13
156
120
200
72
28
232
161
49
238
192
179
223
15
174
187
172
64
63
57
141
150
36
147
161
252
112
206
26
212
198
68
154
213
117
216
23
208
185
115
186
63
167
41
137
79
181
215
112
219
170
39
129
11
172
231
156
71
3
165
47
25
200
168
71
49
117
226
204
52
179
163
252
29
109
129
100
118
69
21
85
237
87
146
96
5
102
38
14
120
202
63
131
15
106
208
200
215
175
18
103
186
249
77
118
2
127
71
123
4
41
174
110
49
219
44
93
66
245
29
123
200
27
9
239
188
84
105
95
139
179
200
28
241
53
67
165
172
195
71
246
212
182
49
171
20
90
220
151
75
121
246
67
24
240
30
209
36
65
162
60
155
154
170
23
187
193
95
70
174
179
200
12
241
39
154
211
40
139
66
46
50
44
106
117
70
240
174
22
211
134
103
216
10
66
48
127
105
189
176
99
189
19
207
1
117
85
162
36
6
94
223
235
150
223
92
217
24
66
88
110
203
89
52
48
40
178
212
188
73
77
201
95
70
122
83
109
3
228
219
121
141
205
179
119
22
171
216
130
175
7
6
193
60
81
193
173
183
141
16
224
238
161
198
148
31
213
250
203
5
170
249
16
207
41
81
44
244
112
116
91
70
96
4
193
50
126
96
169
14
38
28
120
86
36
179
40
240
6
34
79
123
201
93
185
87
38
147
32
68
105
135
14
195
122
100
157
187
110
181
193
182
14
175
234
17
135
189
82
113
158
112
14
195
9
243
119
55
81
118
62
111
238
16
254
182
102
173
77
244
219
58
115
79
95
98
176
213
187
31
188
185
250
218
2
129
155
1
188
72
3
85
4
108
112
129
138
245
229
151
66
7
100
114
223
254
56
150
74
135
67
127
157
236
109
243
19
54
167
8
216
241
112
87
110
55
157
97
125
113
20
19
11
45
145
8
191
183
92
97
59
132
1
234
192
183
194
199
91
246
183
220
59
171
102
69
244
101
165
20
140
100
4
211
234
179
21
89
13
227
128
111
36
57
159
217
89
215
116
206
100
153
121
222
113
192
70
61
166
211
176
94
179
43
80
28
119
67
120
95
138
49
230
192
10
225
8
161
87
187
156
209
189
11
125
232
242
184
187
209
187
212
193
100
184
115
112
220
8
123
10
72
193
129
84
174
89
8
124
12
102
3
88
18
203
130
186
101
57
44
182
211
142
73
23
35
190
73
89
111
119
94
27
94
26
21
227
85
66
192
134
108
160
232
113
184
23
251
221
200
46
46
37
248
201
129
69
167
234
246
12
120
77
124
124
56
102
62
161
161
91
22
107
178
121
221
8
211
55
172
203
151
3
171
91
138
149
110
206
174
162
86
174
17
84
172
43
244
71
221
172
54
245
58
140
121
143
106
214
53
246
58
70
163
93
125
52
42
110
77
195
21
159
253
16
17
32
16
182
247
88
233
253
109
20
38
69
11
182
44
27
182
254
64
196
141
153
50
193
216
170
203
217
133
162
59
54
39
173
210
58
74
94
248
118
84
69
246
46
43
235
151
247
102
202
79
39
150
207
10
135
87
200
187
114
81
178
168
176
166
8
170
206
220
14
113
91
79
82
96
179
209
62
118
51
59
111
193
195
240
163
150
21
56
119
234
74
83
56
61
103
133
153
187
50
202
67
108
111
104
49
153
175
44
88
68
22
184
207
12
131
179
23
90
132
134
222
12
103
84
226
124
243
4
30
109
143
175
248
40
27
215
131
151
196
203
133
251
93
87
31
24
249
99
64
157
8
76
98
114
67
90
89
134
81
218
240
66
77
145
107
126
42
86
7
130
245
41
94
61
231
55
74
211
220
116
164
139
143
180
249
229
97
137
6
244
117
222
110
96
118
74
153
91
155
176
196
88
76
152
92
170
247
9
163
226
101
243
217
60
69
7
62
118
191
82
170
110
174
191
210
113
252
157
229
51
3
154
218
100
196
203
132
95
232
19
211
252
206
192
67
32
77
145
7
13
5
22
22
60
40
254
180
47
226
110
145
136
94
130
91
163
80
123
73
204
183
235
54
138
10
172
46
129
17
114
164
179
87
93
43
226
76
179
206
253
216
77
96
147
202
213
214
248
54
116
200
198
40
11
243
154
107
27
98
32
89
81
3
171
173
244
2
1
85
162
212
131
170
174
252
17
121
233
11
107
79
148
17
177
52
42
59
106
63
106
19
116
155
14
213
22
177
40
16
134
234
63
86
33
36
216
189
252
31
138
10
143
8
162
122
154
196
100
84
11
194
188
103
221
113
202
113
215
157
110
62
75
104
68
127
245
14
100
100
225
84
61
155
36
24
50
142
248
230
49
160
232
125
207
166
182
48
140
128
233
211
36
17
184
85
178
113
194
213
6
196
178
162
245
47
201
187
70
129
28
86
128
223
86
189
3
149
216
193
44
99
209
44
120
63
243
241
240
51
40
98
185
170
28
51
110
57
195
208
123
177
101
63
50
89
6
229
11
31
64
40
228
248
168
209
250
101
145
21
112
106
9
251
177
244
210
238
24
228
85
241
176
180
243
244
81
117
181
56
79
137
239
158
242
241
187
240
230
124
130
173
125
148
252
189
41
137
3
37
13
7
59
213
120
110
172
157
183
74
16
86
2
230
43
143
146
132
174
109
241
248
111
234
18
198
12
96
77
14
189
139
182
105
233
20
98
34
148
127
213
128
161
172
206
155
149
81
45
65
118
135
183
204
205
246
219
189
4
75
39
107
98
179
21
108
58
34
216
36
235
157
32
59
95
96
30
231
69
106
108
103
89
91
8
32
142
151
214
167
221
112
109
117
250
191
200
46
82
112
147
161
113
210
120
223
147
157
19
133
43
158
214
204
8
154
205
55
64
92
242
115
15
216
24
89
168
109
108
90
143
206
140
150
123
53
95
36
36
128
142
181
106
87
23
165
219
127
3
207
60
158
64
143
38
38
208
162
236
180
222
159
231
26
55
54
235
81
142
13
151
201
130
61
220
206
211
67
189
155
89
67
141
234
68
150
33
126
115
191
138
116
249
84
113
111
12
143
235
139
166
21
72
157
55
232
186
81
24
26
40
105
192
159
30
83
59
172
235
195
237
192
188
192
80
53
133
155
139
163
87
233
133
200
32
189
161
203
104
190
251
49
110
222
180
38
66
211
126
6
226
133
177
31
175
36
163
144
81
73
3
196
240
184
95
246
234
147
14
177
80
161
86
115
31
151
107
29
154
226
102
8
207
154
231
156
201
60
87
94
161
190
31
39
249
151
16
89
146
75
107
76
148
138
179
15
245
242
186
141
126
30
224
160
192
219
57
135
27
143
213
81
9
52
141
32
22
225
47
158
63
212
187
123
144
192
80
13
253
81
164
242
233
188
41
241
151
48
247
77
67
138
67
21
136
34
236
123
76
33
93
252
88
143
99
71
243
91
191
111
132
77
182
35
145
147
32
55
90
150
108
136
85
188
72
18
183
216
93
228
31
118
228
193
28
114
78
197
246
76
46
192
254
121
212
91
219
15
169
104
121
247
28
246
191
120
65
102
81
38
22
140
194
128
95
166
189
129
170
84
94
210
180
9
249
159
22
46
161
165
17
98
83
121
12
177
237
79
201
205
214
195
156
218
78
145
212
252
147
213
222
55
50
188
217
221
206
161
130
216
83
125
75
151
10
178
246
251
115
50
10
131
65
137
19
193
36
169
144
118
242
98
35
227
67
150
128
164
45
253
6
227
118
144
192
224
155
200
56
4
170
129
177
133
70
64
85
176
103
112
175
44
118
103
79
162
154
22
231
69
48
11
130
91
140
253
13
187
144
56
97
233
116
217
117
205
107
163
127
104
30
185
25
236
31
109
94
130
178
234
201
99
253
131
26
137
137
249
95
241
128
71
83
194
208
20
195
25
226
101
152
151
210
122
236
220
150
2
5
18
41
105
97
39
219
137
5
193
72
98
234
136
125
83
86
78
171
34
15
229
116
14
5
109
70
73
181
80
33
85
50
106
54
241
244
86
82
200
242
81
178
84
116
195
155
1
161
233
48
213
61
124
109
42
185
49
208
174
152
21
168
168
216
250
125
123
73
20
248
98
49
60
244
245
11
152
37
230
87
165
165
45
214
4
174
97
141
193
104
230
27
76
158
197
210
97
104
182
110
234
25
107
91
177
28
83
97
190
72
166
143
95
199
223
130
117
50
62
228
209
161
3
31
254
184
114
146
80
210
15
243
54
128
237
58
83
231
42
82
249
123
185
3
174
11
165
19
179
152
143
210
134
54
109
196
124
112
47
77
241
236
253
24
108
197
183
253
158
123
212
209
184
48
201
121
247
176
187
159
230
44
249
187
111
42
249
169
45
193
153
25
17
235
163
70
78
51
231
106
193
175
127
131
80
197
94
84
171
211
242
20
131
228
123
55
22
207
203
60
211
86
63
187
219
110
43
143
176
104
204
196
246
210
197
52
46
46
87
119
250
70
106
215
204
196
245
112
54
215
136
150
98
143
14
136
74
61
107
190
108
185
137
49
18
78
82
98
146
231
100
100
249
159
83
234
126
205
121
16
140
210
89
56
206
16
157
185
20
88
98
242
72
188
81
98
199
210
189
111
220
170
27
230
40
121
233
48
11
31
219
129
159
169
239
43
187
143
130
53
86
111
90
132
218
233
45
187
161
116
131
94
91
239
123
152
42
111
22
108
27
55
203
39
123
211
29
122
2
209
16
225
143
155
191
62
98
43
5
44
134
83
6
234
30
73
99
106
140
59
97
120
17
165
44
57
122
34
13
199
63
216
104
58
252
125
159
121
84
155
155
128
193
91
183
103
247
34
14
122
10
23
197
212
86
173
252
90
80
95
119
254
93
104
36
143
176
95
158
30
201
239
55
31
178
249
154
134
149
250
26
210
254
83
136
82
234
70
69
108
80
202
126
227
210
243
189
208
218
40
90
95
152
117
142
130
32
180
70
247
205
46
235
40
25
95
194
101
87
97
78
218
82
66
57
228
209
193
239
198
7
41
224
198
211
65
229
241
218
29
167
156
252
215
167
142
7
103
106
3
68
53
201
86
167
152
208
243
10
151
80
8
38
236
194
53
115
253
109
69
190
39
138
188
21
197
246
136
117
130
24
214
178
211
115
65
201
134
76
41
129
112
51
109
85
226
202
143
182
5
16
6
224
218
151
53
248
234
163
178
247
218
200
63
53
176
152
116
166
72
149
169
169
17
213
30
253
205
8
30
153
134
90
217
142
4
108
42
198
217
169
25
167
18
91
102
176
21
5
212
14
5
14
105
85
156
45
80
213
248
173
149
26
101
201
227
120
84
211
120
209
55
94
222
245
160
42
139
155
244
39
64
72
186
137
124
246
190
178
74
9
100
190
17
203
75
107
224
12
227
74
136
52
27
217
74
105
206
104
212
127
163
217
2
59
134
122
50
87
142
221
208
67
94
38
90
157
39
220
66
133
218
129
200
251
122
206
199
129
129
249
219
91
31
125
226
143
186
191
211
118
185
226
225
222
138
60
143
52
185
159
243
235
204
218
45
197
100
44
175
79
62
203
124
199
40
74
231
26
165
31
78
193
224
142
236
236
121
83
9
30
122
181
182
188
150
82
191
29
51
28
113
199
50
238
203
9
93
44
57
43
3
216
184
33
229
202
70
13
207
229
44
24
17
67
57
2
151
68
160
250
227
199
108
48
59
147
232
32
73
247
109
32
241
113
89
110
44
143
226
120
66
108
155
64
240
18
171
165
249
133
217
101
152
254
98
197
143
148
87
2
69
117
39
85
184
70
1
196
9
121
170
200
235
74
230
147
207
135
109
177
224
68
145
108
76
176
83
125
97
194
236
112
99
74
145
244
185
174
88
206
7
82
170
222
188
9
150
7
206
37
84
240
138
253
192
24
200
206
156
71
229
115
214
247
3
49
193
208
147
245
184
12
22
204
38
112
208
113
122
112
60
132
119
67
172
118
232
21
153
62
29
93
45
91
179
115
23
9
122
18
192
32
165
253
141
51
46
138
130
208
157
8
219
71
221
177
188
113
172
58
223
101
66
148
56
104
155
160
214
39
118
249
36
44
118
216
248
55
99
132
227
240
40
49
28
102
63
139
192
228
20
233
93
183
176
146
111
52
173
121
21
26
147
9
144
148
158
180
25
85
85
27
93
167
71
182
123
105
241
37
47
2
235
240
188
104
148
245
247
195
150
140
23
154
173
208
147
253
141
15
229
139
231
91
30
130
89
112
50
36
137
58
59
116
203
112
115
17
208
217
254
163
118
216
133
191
113
150
219
73
107
123
219
219
32
88
56
236
134
18
128
13
14
108
53
203
222
162
7
117
26
251
91
120
108
188
182
201
128
187
158
205
124
223
189
38
123
19
199
222
128
68
31
197
94
101
214
202
201
26
231
54
130
142
45
253
248
185
252
107
71
171
24
216
90
131
54
6
213
45
180
58
239
28
133
235
206
197
124
196
174
15
11
59
12
203
220
147
35
153
199
252
158
114
85
15
189
221
7
230
56
24
213
240
106
96
183
204
190
10
95
221
99
70
181
105
34
206
19
42
103
228
224
121
198
85
135
198
207
171
240
177
15
53
3
96
18
113
182
113
180
163
67
235
161
202
64
167
78
46
64
76
163
94
88
52
90
200
215
188
123
196
90
168
242
171
49
111
15
162
222
226
17
36
129
180
210
56
25
10
208
26
18
226
15
29
180
118
176
60
14
86
135
196
37
24
114
213
144
46
233
97
240
101
140
47
61
84
98
211
97
53
220
111
193
149
70
134
90
213
253
28
115
30
93
75
71
204
3
87
186
157
119
190
222
105
250
239
250
216
116
35
34
10
181
246
15
178
175
84
174
31
45
115
169
247
100
186
169
237
226
241
133
30
61
36
197
55
168
77
116
186
149
19
131
71
160
181
137
78
173
72
122
141
196
189
2
151
8
200
76
147
106
59
46
229
168
236
32
121
105
81
111
36
147
114
128
180
160
41
36
208
201
189
15
109
212
155
108
54
143
221
137
1
17
57
252
108
55
227
135
105
192
21
181
154
249
50
135
6
112
147
205
150
156
154
215
86
123
231
117
185
47
175
54
126
2
6
2
66
175
61
36
236
79
194
74
123
215
219
185
245
239
166
132
115
56
134
30
139
157
32
201
28
155
180
203
47
95
55
141
134
234
62
1
52
47
18
8
10
245
162
91
44
111
94
68
71
147
152
251
219
214
253
85
51
204
121
235
136
55
149
63
127
242
161
125
196
254
8
138
209
21
64
4
30
169
250
173
167
142
46
213
167
19
151
133
239
13
175
79
124
62
70
94
29
114
52
69
164
166
60
125
102
131
204
202
12
125
148
158
88
29
59
83
114
150
10
44
43
15
179
55
126
76
208
64
226
165
170
211
131
135
13
171
69
41
97
235
171
6
37
234
231
119
39
206
240
190
52
249
16
67
174
196
58
73
136
159
80
39
96
227
55
114
127
15
125
159
127
31
36
249
180
112
240
251
70
32
64
154
28
104
211
195
118
241
105
33
238
94
85
193
5
108
186
46
55
212
121
118
241
191
251
139
178
113
113
106
130
68
74
226
169
46
82
71
224
53
171
86
33
4
230
31
56
172
208
203
215
100
4
123
245
87
37
111
118
38
69
85
82
79
192
32
17
159
69
155
248
65
9
34
191
10
22
34
95
123
58
15
42
33
253
140
202
149
186
46
179
63
9
39
141
95
93
68
17
149
56
225
32
46
108
92
98
122
144
204
165
67
191
91
235
240
212
175
115
84
164
63
1
166
32
40
145
129
95
8
208
104
217
165
169
35
204
86
192
90
219
209
13
13
113
169
230
149
21
224
153
234
150
223
84
33
63
67
120
168
13
202
96
14
240
7
248
84
246
19
51
52
101
20
149
173
248
116
180
157
68
80
173
252
227
189
250
202
51
72
208
224
152
238
251
156
87
205
249
223
189
92
74
240
76
77
163
170
250
216
193
205
177
224
158
164
237
222
115
131
90
174
62
135
158
204
247
72
1
145
215
206
128
100
82
71
38
162
57
25
198
215
210
246
135
44
240
93
167
156
69
228
31
89
146
168
151
189
235
137
227
216
252
126
220
173
54
14
211
2
41
103
225
245
47
49
194
140
116
3
35
114
122
23
74
231
41
136
189
182
219
226
80
164
54
78
40
28
178
91
172
243
172
165
163
154
31
83
9
118
64
190
238
206
254
94
92
141
188
154
25
51
47
162
165
63
83
217
224
69
4
143
121
155
181
181
10
109
166
76
235
184
27
252
198
124
119
157
142
235
151
146
7
150
162
86
196
180
102
202
230
193
139
189
143
18
54
20
232
22
215
155
152
54
83
8
204
132
164
205
174
181
20
60
225
114
150
237
198
33
128
68
160
14
14
113
93
44
82
77
234
82
190
129
228
131
79
184
39
226
157
187
78
185
79
23
230
206
52
101
248
181
107
32
254
111
159
186
8
58
192
9
79
254
228
190
28
9
21
250
244
183
72
61
213
58
62
107
8
100
6
177
200
31
225
76
209
88
167
118
227
129
228
152
124
74
250
139
163
22
247
24
114
43
244
118
205
134
136
130
76
90
95
235
56
73
207
133
73
198
71
217
223
54
231
166
80
228
183
2
84
188
27
85
205
254
12
240
222
198
85
130
152
37
164
129
137
204
1
105
244
178
43
205
210
132
119
135
2
40
104
135
8
206
173
156
191
160
106
102
131
140
14
209
24
93
157
244
63
52
202
148
22
3
98
123
1
76
7
16
204
241
211
65
215
113
155
110
120
96
172
28
142
104
116
38
37
197
207
80
132
54
174
245
119
201
155
166
9
123
93
12
58
124
247
122
86
208
150
167
174
30
183
246
85
4
69
221
187
240
211
152
186
243
119
108
4
48
55
105
28
227
143
213
170
202
202
245
243
39
234
22
122
141
171
224
244
18
16
109
5
136
43
181
98
87
231
7
54
166
121
33
212
61
195
53
252
15
154
252
156
84
123
99
195
224
223
176
238
232
96
164
165
87
244
109
115
248
15
223
217
34
61
115
10
181
95
238
141
119
220
149
109
163
75
228
33
107
183
224
28
195
223
151
228
85
39
103
89
130
250
181
79
192
241
108
48
202
33
231
247
24
199
118
216
226
213
183
191
148
176
138
167
53
130
152
123
241
110
17
130
19
184
91
92
133
117
96
232
173
1
162
194
55
95
242
143
63
143
16
192
155
11
123
152
250
151
88
79
198
16
34
62
71
142
193
85
58
94
203
221
175
26
46
167
2
222
69
225
53
144
223
121
82
46
231
93
207
239
163
46
3
148
26
194
174
239
27
73
103
184
251
213
222
112
82
103
142
41
61
250
160
195
214
157
146
149
206
25
83
128
169
104
194
59
213
214
129
234
117
189
243
45
106
96
119
232
11
105
9
95
78
47
92
220
56
116
16
216
177
113
119
76
142
125
250
179
248
141
218
7
200
209
86
179
84
39
240
136
231
182
49
171
190
187
241
231
143
87
20
195
59
169
249
79
63
237
23
133
191
161
220
31
24
189
229
32
118
164
133
177
33
49
162
2
192
183
31
245
15
4
124
25
208
76
137
2
129
78
56
72
181
22
57
215
211
177
232
71
252
64
208
178
216
154
63
17
49
108
131
142
221
171
203
254
168
123
60
9
84
125
144
200
39
244
126
1
171
13
115
72
250
24
119
143
34
73
151
106
30
219
16
76
36
110
2
179
241
91
226
251
239
244
202
251
198
174
93
215
236
65
187
93
163
215
174
146
93
75
220
220
48
2
100
63
132
145
74
65
120
215
73
27
48
64
91
146
123
208
228
188
25
86
203
82
172
219
3
203
187
58
226
175
160
232
220
95
125
71
60
140
144
223
60
124
79
218
74
93
47
30
181
160
34
194
226
235
93
30
100
105
102
253
196
33
242
238
24
204
93
18
178
128
214
77
111
167
166
184
248
216
173
108
55
87
233
171
170
217
136
46
231
191
163
15
59
94
225
82
194
198
98
1
131
188
18
101
234
184
171
202
111
119
232
5
153
240
179
8
64
38
5
100
142
250
35
112
74
221
235
156
111
48
55
64
240
45
139
21
154
108
167
166
139
208
137
33
8
149
101
65
118
4
73
1
61
97
212
37
53
28
178
35
39
30
49
85
129
149
163
46
113
120
136
206
207
79
133
104
251
30
22
1
48
144
190
93
214
130
143
13
216
164
205
108
202
172
34
67
90
143
1
140
156
40
191
143
203
52
118
48
50
21
20
156
180
8
71
89
16
180
88
159
200
161
141
66
133
230
224
57
115
251
116
189
243
94
214
20
215
110
10
152
78
54
70
207
196
23
220
64
114
107
159
172
122
99
90
6
172
170
26
202
143
155
149
52
175
249
66
122
207
7
253
175
29
66
6
9
159
240
146
15
74
175
13
100
42
221
88
59
30
130
168
228
34
66
222
134
250
184
243
55
127
16
230
42
92
61
217
189
119
187
9
120
127
242
127
198
239
141
246
175
192
4
6
80
50
48
174
190
252
236
71
60
146
54
159
251
123
137
12
219
235
18
151
105
239
213
75
218
120
193
6
233
124
244
215
215
199
70
211
4
38
21
139
5
169
176
137
219
136
158
72
191
121
192
227
193
168
252
170
243
223
32
53
107
156
109
170
39
27
117
1
122
187
111
73
217
176
6
91
135
220
151
142
44
166
169
128
239
66
41
92
134
212
192
38
1
176
3
59
16
223
165
246
254
223
145
220
174
165
80
137
175
2
1
101
106
110
237
107
36
161
203
81
230
220
155
118
150
194
204
38
199
209
16
180
133
165
173
124
168
100
7
10
57
76
35
91
145
113
49
181
97
101
138
59
151
75
75
71
5
40
16
200
41
244
197
239
220
246
50
216
119
170
96
229
132
137
249
127
153
41
160
155
198
121
19
163
253
82
119
53
175
148
191
242
178
174
217
2
31
235
12
25
96
111
47
187
32
157
170
128
186
122
158
2
18
101
69
60
40
66
13
249
140
64
213
254
150
106
199
66
146
78
193
195
222
192
63
93
146
164
177
143
10
34
53
245
194
167
122
22
4
210
253
75
125
4
86
236
14
198
137
87
142
78
27
123
224
15
2
190
136
11
200
112
235
50
145
81
107
168
37
205
241
23
40
210
84
77
110
95
137
43
25
240
230
50
213
36
223
117
167
97
100
244
172
21
136
239
140
85
74
151
54
223
219
127
235
128
167
191
178
4
69
217
205
104
41
247
68
195
235
123
241
237
145
171
43
180
149
242
201
146
29
193
228
233
182
141
112
221
41
236
227
58
135
110
155
12
44
220
204
242
153
37
134
58
38
63
12
248
67
186
43
201
99
121
203
2
219
222
221
187
212
29
63
211
27
104
141
20
104
232
19
191
109
241
79
243
112
173
44
228
79
4
188
126
216
24
110
9
152
55
36
143
204
62
181
79
46
232
189
16
185
126
71
6
217
201
223
69
135
129
183
137
251
47
81
160
245
192
135
221
38
158
10
48
84
24
37
42
69
102
18
166
226
177
106
26
17
170
248
28
48
186
53
13
55
227
6
122
130
177
254
20
251
188
39
33
170
183
64
250
51
186
9
139
217
140
95
122
159
244
8
155
231
76
106
148
130
130
53
194
68
244
146
56
109
115
202
78
20
216
70
57
192
198
160
99
29
102
177
11
152
18
23
135
92
20
155
26
40
27
227
252
126
235
5
99
10
8
240
44
96
45
141
17
60
8
207
5
9
178
23
114
154
179
213
91
165
200
101
68
37
195
48
132
122
52
248
175
47
107
23
185
125
241
207
147
145
163
59
184
193
193
232
73
65
218
85
246
154
236
143
181
221
54
205
233
200
241
229
51
183
220
217
179
44
132
187
233
14
231
32
12
51
248
76
29
34
245
115
246
111
152
2
250
8
229
68
72
150
35
169
219
81
177
172
34
33
238
49
227
223
221
23
252
100
73
113
54
172
18
49
232
59
58
65
160
197
239
142
38
94
191
89
128
54
4
83
156
4
193
222
171
222
197
221
222
74
41
115
171
9
146
221
238
234
14
171
30
189
214
177
23
172
167
61
52
173
69
59
41
253
45
122
79
31
58
90
77
215
64
107
231
150
18
21
252
244
97
50
120
65
141
37
29
237
25
73
227
132
107
58
135
126
61
31
215
16
249
213
181
245
194
239
253
52
253
83
75
92
101
190
73
192
242
73
214
106
195
24
155
210
122
106
135
23
239
218
74
64
88
127
99
4
192
109
157
18
119
96
34
15
131
227
143
252
216
62
121
253
126
110
37
115
240
151
137
245
150
202
164
139
112
140
195
143
95
176
2
113
73
202
10
241
58
48
238
150
254
172
81
202
152
129
95
47
238
185
93
154
242
126
43
139
127
93
110
96
227
132
238
18
236
99
206
230
128
156
144
246
27
113
176
166
46
124
128
7
128
175
9
91
30
7
205
6
130
181
90
149
120
184
11
81
227
50
17
178
32
90
222
44
242
135
218
250
80
30
90
159
15
218
17
184
211
217
115
179
235
173
57
86
241
200
36
64
51
71
186
140
75
167
202
188
234
38
52
66
140
170
73
11
233
136
196
24
244
148
63
10
248
8
187
181
125
235
169
234
172
110
74
41
228
84
167
106
231
25
245
166
219
119
44
217
119
118
197
117
54
123
188
152
138
117
247
16
55
222
138
234
171
196
150
9
68
224
121
101
160
175
250
170
117
232
249
246
43
224
98
163
165
32
203
209
117
184
234
97
179
245
61
126
53
30
144
75
65
217
197
40
221
28
99
9
143
154
91
145
160
99
191
211
209
178
168
28
171
186
241
115
57
186
59
46
21
105
126
208
84
173
146
145
225
85
223
67
125
61
220
41
239
136
36
125
109
103
115
156
127
69
191
212
43
195
237
152
153
251
222
59
162
223
1
145
139
188
63
124
151
16
223
236
212
234
212
186
140
81
33
28
118
178
10
132
149
68
100
93
67
185
115
203
242
207
119
108
42
198
62
190
232
152
153
79
38
123
116
230
13
56
2
250
236
74
254
242
95
188
206
157
208
213
232
6
55
66
126
116
168
122
1
27
23
125
236
1
254
221
2
193
144
191
64
80
180
26
67
182
60
96
20
53
245
77
172
16
247
123
59
184
24
211
71
101
208
54
172
26
17
51
67
25
247
173
146
113
21
120
14
81
91
129
196
216
159
87
187
54
28
50
4
138
52
205
80
151
22
92
244
171
101
34
35
3
156
202
69
69
168
153
106
7
28
154
211
252
90
1
244
55
59
45
125
37
189
245
25
123
48
207
179
139
115
92
118
44
173
114
211
214
51
177
179
58
4
100
30
47
191
68
248
98
175
244
220
77
226
43
96
95
25
8
244
126
171
51
253
67
235
115
228
237
194
47
60
10
47
161
92
174
80
240
72
207
201
250
214
40
139
222
248
183
124
112
46
236
186
189
193
207
86
123
141
150
118
122
242
189
133
14
19
29
28
78
26
75
90
224
44
168
212
28
251
199
49
224
213
142
124
156
94
158
223
120
182
71
68
139
234
50
222
82
124
105
226
213
40
169
155
202
99
81
2
130
245
81
50
212
117
126
234
14
7
130
67
138
176
72
64
28
126
206
96
177
86
133
211
155
231
220
82
23
115
157
232
250
87
87
234
185
7
198
37
164
104
80
68
41
71
