0
266
543
815
1094
1366
1642
1914
2182
2450
2719
2986
3257
3529
3803
4068
4339
4607
4869
5140
5390
5669
5934
6205
6480
6749
7013
7292
7563
7830
8096
8360
8636
8911
9185
9453
9727
9997
10265
10539
10816
11085
11350
11621
11886
12148
12417
12682
12952
13222
13493
13760
14023
14293
14560
14833
15108
15386
15661
15930
16197
16470
16744
17013
17273
17547
17816
18079
18338
18604
18870
19144
19405
19677
19944
20209
20478
20749
21020
21293
21560
21829
22098
22379
22647
22915
23179
23452
23723
23996
24272
24539
24808
25067
25330
25601
25881
26155
26428
26697
26954
27225
27494
27767
28037
28306
28572
28842
29114
29394
29666
29940
30208
30474
30746
31006
31270
31544
31797
32066
32345
32622
32899
33168
33439
33708
33986
34264
34529
34808
35076
35343
35608
35873
36144
36418
36692
36961
37239
37511
37782
38052
38322
38586
38852
39125
39394
39669
39942
40207
40471
40735
41002
41265
41544
41818
42092
42368
42642
42909
43186
43458
43728
43995
44267
44539
44814
45091
45357
45628
45893
46163
46432
46702
46970
47246
47512
47785
48053
48322
48592
48858
49132
49412
49683
49951
50227
50500
50774
51044
51318
51587
51853
52119
52378
52639
52902
53173
53441
53720
53995
54258
54532
54800
55078
55347
55616
55888
56167
56441
56707
56977
57240
57515
57784
58055
58330
58601
58868
59134
59399
59663
59931
60204
60471
60752
61023
61304
61573
61836
62103
62370
62648
62924
63194
63462
63735
63989
64253
64517
64789
65064
65339
65609
65885
66160
66434
66698
66975
67246
67512
67782
68060
68338
68617
68888
69156
69421
69681
69954
70231
70493
70763
71028
71305
71563
71828
72092
72354
72627
72909
73189
73465
73733
74006
74283
74554
74830
75104
75375
75640
75908
76184
76449
76708
76982
77251
77515
77785
78056
78327
78593
78860
79137
79399
79669
79944
80214
80488
80750
81024
