0
1013
2013
3013
3980
4962
5967
6992
7993
8992
9962
10967
11951
12943
13925
14957
15957
16927
17909
18960
19937
20957
21978
23002
23992
24988
26000
27008
28031
29044
30070
31045
32058
33031
34018
35023
36006
37038
38045
39023
40010
41080
42113
43132
44111
45094
46065
47070
48060
49061
50100
51113
52122
53133
54119
55132
56147
57169
58203
59184
60190
61180
62177
63172
64162
65168
66141
67152
68171
69154
70112
71116
72114
73119
74095
75072
76084
77056
78061
79080
80057
81089
82060
83063
84055
85059
86052
87063
88056
89051
90013
91017
92035
93037
94043
95028
96022
96998
97993
98995
99952
100931
101958
102955
103959
104973
105980
107004
108031
109004
109979
110940
111960
112964
113966
115010
116015
117001
118050
119057
120054
121055
122038
123028
123994
124986
125941
126926
127878
128900
129920
130924
131917
132896
133881
134862
135859
136853
137838
138857
139869
140893
141901
142933
143945
144962
146014
147014
148064
149044
150064
151082
152052
153062
154081
155076
156089
157096
158109
159117
160146
161147
162169
163189
164212
165200
166168
167112
168109
169113
170105
171118
172115
173077
174107
175110
176113
177077
178070
179043
180064
181082
182097
183084
184088
185064
186055
187044
188075
189058
190068
191039
192013
193032
193994
194990
196026
197044
198070
199075
200075
201099
202093
203116
204114
205094
206075
207100
208097
209101
210136
211151
212191
213189
214146
215165
216159
217166
218178
219193
220194
221188
222152
223127
224093
225054
226100
227094
228072
229114
230116
231070
232075
233085
234073
235080
236103
237096
238088
239060
240048
241057
242049
243061
244060
245037
246018
247011
248019
249072
250072
251054
252053
253072
254101
255080
256099
257138
258192
259207
260171
261165
262151
263147
264132
265093
266113
267061
268069
269044
270065
271066
272068
273032
274029
275019
276065
277059
278050
279046
280013
281050
282033
283060
284087
285108
286117
287143
288118
289152
290131
291140
292110
293113
294148
295149
296179
297159
298178
299183
300182
301171
302184
303165
304175
305195
306207
307185
308196
309134
310144
311147
312167
313206
314223
315177
316144
317172
318179
319223
320228
321223
322216
323216
324216
325224
326221
327226
328178
329167
330168
331191
332201
333198
334216
335202
336238
337193
338164
339148
340143
341143
342117
343103
344116
345163
346171
347189
348175
349186
350190
351162
352162
353151
354173
355169
356140
357153
358160
359161
360186
361198
362193
363181
364192
365162
366148
367175
368154
369140
370127
371138
372124
373184
374181
375165
376209
377221
378209
379241
380220
381205
382197
383223
384242
385238
386237
387243
388282
389315
390314
391313
392294
393319
394279
395310
396316
397360
398329
399366
400331
401334
402325
403310
404320
405351
406295
407268
408270
409262
410270
411306
412332
413317
414319
415268
416251
417263
418259
419260
420256
421288
422299
423277
424270
425289
426291
427330
428335
429281
430242
431207
432216
433228
434243
435251
436213
437200
438183
439171
440191
441162
442211
443199
444206
445173
446186
447176
448203
449223
450222
451203
452220
453234
454255
455251
456252
457266
458251
459210
460246
461276
462262
463239
464208
465209
466210
467219
468226
469204
470189
471183
472173
473150
474208
475202
476230
477236
478203
479201
480184
481186
482186
483156
484109
485128
486145
487155
488183
489158
490145
491150
492143
493169
494123
495134
496141
497139
498144
499148
500129
501146
502176
503244
504241
505282
506283
507294
508339
509343
510374
511379
512388
513389
514382
515371
516354
517320
518321
519349
520383
521364
522356
523373
524429
525446
526480
527484
528472
529469
530430
531471
532499
533498
534507
535505
536508
537484
538504
539487
540495
541507
542560
543560
544552
545561
546541
547518
548524
549509
550497
551497
552507
553513
554515
555544
556547
557562
558527
559513
560487
561481
562445
563422
564405
565389
566404
567373
568373
569345
570350
571352
572354
573360
574359
575433
576409
577414
578372
579370
580373
581425
582443
583466
584474
585515
586510
587492
588473
589471
590467
591481
592447
593455
594483
595490
596497
597507
598486
599495
600461
601461
602480
603469
604438
605475
606483
607509
608522
609525
610498
611517
612468
613418
614394
615394
616419
617389
618384
619424
620461
621459
622445
623427
624381
625413
626434
627422
628417
629424
630415
631405
632398
633419
634433
635468
636449
637459
638411
639416
640432
641426
642390
643412
644409
645419
646454
647443
648418
649417
650386
651348
652337
653328
654328
655285
656309
657288
658273
659215
660196
661205
662210
663212
664217
665220
666243
667227
668260
669260
670267
671297
672272
673259
674263
675271
676266
677247
678291
679271
680273
681257
682258
683243
684236
685179
686183
687201
688174
689168
690159
691151
692159
693120
694085
695041
696012
696995
698021
699035
700000
701030
701990
702965
703985
705024
705994
707017
707987
708967
709925
710950
711950
712977
713974
715009
715995
716989
717994
719029
720019
721035
722028
723006
724009
724983
725978
727000
727988
728964
729962
730951
731924
732938
733910
734885
735855
736806
737792
738808
739809
740804
741818
742814
743786
744773
745802
746834
747802
748815
749807
750821
751826
752788
753766
754741
755709
756737
757713
758714
759718
760715
761728
762807
763819
764818
765816
766804
767778
768775
769778
770768
771801
772828
773798
774807
775806
776809
777791
778829
779855
780820
781821
782832
783834
784824
785800
786836
787854
788865
789844
790858
791882
792912
793914
794929
795956
796974
797992
798975
799994
800992
801966
802944
803965
804972
806004
807029
808034
809021
810055
811063
812064
813091
814084
815066
816055
817085
818058
819063
820031
821043
822080
823069
824058
825044
826039
827064
828069
829074
830079
831103
832094
833098
834103
835078
836110
837089
838100
839129
840141
841084
842101
843087
844056
845024
846028
847010
848022
849005
850002
850987
851976
852981
853933
854938
855958
856943
857917
858918
859868
860838
861824
862842
863855
864847
865864
866907
867922
868880
869884
870888
871887
872867
873842
874872
875861
876860
877887
878914
879869
880879
881914
882910
883891
884947
885973
886938
887921
888879
889850
890840
891856
892843
893817
894815
895816
896805
897794
898802
899831
900843
901854
902880
903880
904926
905989
907022
908055
909010
910017
911040
912058
913077
914067
915098
916112
917111
918095
919096
920079
921056
922028
923050
924079
925107
926100
927076
928091
929081
930075
931081
932104
933079
934077
935092
936072
937046
938055
939025
940049
941063
942109
943124
944098
945118
946076
947089
948078
949081
950079
951077
952045
953030
954028
955012
956015
957021
958035
959044
960033
961059
962072
963088
964071
965075
966036
967012
967988
969009
969990
970954
971927
972905
973876
974864
975872
976849
977852
978845
979845
980862
981882
982876
983927
984894
985867
986869
987858
988813
989788
990814
991802
992825
993849
994827
995837
996824
997856
998860
999854
1000876
1001928
1002922
1003936
1004969
1005986
1007002
1008020
1009006
1010012
1011011
1012019
1013038
1013999
1014990
1015986
1017013
1017995
1018976
1019977
1020980
1021934
1022956
1023960
1024971
1025975
1027004
1028012
1029016
1029990
1030973
1031992
1032978
1033973
1034978
1036010
1037028
1038002
1038996
1039995
1041011
1042012
1043012
1044034
1045003
1045991
1046980
1047950
1048957
1049950
1050928
1051897
1052850
1053852
1054839
1055858
1056869
1057922
1058931
1059941
1060947
1061947
1062942
1063921
1064937
1065972
1066988
1067994
1068981
1069980
1071005
1071987
1072973
1073974
1074995
1075985
1077002
1077976
1078959
1079993
1080981
1082022
1083048
1084041
1085090
1086101
1087092
1088119
1089123
1090137
1091093
1092102
1093080
1094067
1095072
1096075
1097077
1098115
1099118
1100141
1101174
1102178
1103175
1104135
1105119
1106071
1107078
1108061
1109059
1110040
1111021
1112034
1113025
1114042
1115038
1116056
1117044
1117999
1118956
1119919
1120905
1121902
1122914
1123921
1124891
1125896
1126920
1127877
1128913
1129909
1130923
1131894
1132866
1133850
1134867
1135899
1136904
1137935
1138928
1139925
1140892
1141923
1142914
1143942
1144972
1145955
1146935
1147945
1148981
1149943
1150918
1151917
1152904
1153909
1154893
1155865
1156872
1157912
1158915
1159927
1160954
1161923
1162944
1163949
1164913
1165941
1166943
1167973
1168954
1169985
1170957
1171987
1172995
1173988
1174981
1175993
1176983
1177992
1178986
1179951
1180953
1181951
1182959
1183961
1185004
1185989
1186994
1188017
1189007
1190016
1191020
1192037
1193036
1194028
1195036
1196041
1197056
1198014
1199046
1200038
1201074
1202041
1203029
1204005
1204985
1205958
1206967
1207980
1208984
1210022
1211034
1212011
1212993
1214031
1215009
1215991
1217034
1218014
1218990
1219980
1220943
1221967
1222955
1223959
1224977
1225978
1226989
1227996
1228996
1229974
1230943
1231971
1232999
1233986
1234983
1235967
1236963
1237959
1238969
1240006
1240989
1241997
1243004
1243990
1245027
1246035
1247052
1248022
1249038
1250049
1251054
1252045
1253063
1254046
1255030
1256022
1257023
1258024
1259051
1260048
1261042
1262021
1262996
1264003
1265006
1266022
1266991
1268010
1269051
1270087
1271088
1272119
1273138
1274112
1275099
1276125
1277124
1278126
1279128
1280144
1281149
1282163
1283170
1284165
1285166
1286130
1287138
1288150
1289152
1290116
1291085
1292092
1293120
1294102
1295105
1296119
1297096
1298096
1299102
1300161
1301169
1302177
1303166
1304160
1305194
1306133
1307124
1308106
1309139
1310125
1311127
1312131
1313130
1314129
1315116
1316085
1317103
1318082
1319092
1320084
1321073
1322115
1323099
1324088
1325091
1326044
1327055
1328088
1329078
1330075
1331039
1332079
1333113
1334102
1335100
1336146
1337169
1338155
1339119
1340115
1341069
1342098
1343081
1344050
1345040
1346067
1347093
1348150
1349182
1350174
1351209
1352206
1353212
1354200
1355216
1356228
1357216
1358246
1359260
1360234
1361296
1362310
1363309
1364290
1365264
1366294
1367291
1368288
1369277
1370235
1371243
1372242
1373217
1374245
1375282
1376235
1377202
1378201
1379230
1380200
1381209
1382192
1383192
1384217
1385238
1386271
1387270
1388216
1389231
1390232
1391239
1392221
1393159
1394125
1395136
1396106
1397162
1398181
1399200
1400195
1401179
1402196
1403194
1404164
1405133
1406119
1407081
1408081
1409068
1410100
1411104
1412147
1413156
1414141
1415128
1416125
1417113
1418084
1419061
1420040
1421017
1421995
1422975
1423980
1424990
1425998
1426983
1428003
1428993
1429999
1431004
1432037
1433081
1434068
1435041
1436078
1437087
1438048
1439064
1440073
1441077
1442086
1443067
1444085
1445128
1446136
1447155
1448144
1449125
1450115
1451130
1452091
1453091
1454076
1455107
1456120
1457143
1458147
1459174
1460183
1461207
1462254
1463268
1464257
1465236
1466271
1467273
1468294
1469285
1470319
1471300
1472323
1473269
1474272
1475271
1476244
1477273
1478279
1479251
1480243
1481180
1482191
1483185
1484131
1485123
1486126
1487146
1488137
1489166
1490179
1491169
1492185
1493178
1494196
1495197
1496205
1497219
1498196
1499219
1500253
1501223
1502219
1503189
1504171
1505174
1506170
1507156
1508174
1509189
1510190
1511141
1512169
1513207
1514215
1515226
1516214
1517236
1518229
1519227
1520173
1521159
1522183
1523169
1524145
1525178
1526192
1527148
1528171
1529153
1530138
1531145
1532106
1533131
1534138
1535138
1536129
1537169
1538196
1539193
1540168
1541162
1542180
1543204
1544209
1545214
1546242
1547249
1548252
1549217
1550216
1551200
1552197
1553186
1554158
1555127
1556092
1557093
1558104
1559070
1560085
1561097
1562106
1563079
1564075
1565037
1566047
1567042
1568016
1569002
1569969
1570973
1571921
1572915
1573911
1574936
1575951
1576930
1577979
1578998
1580029
1581020
1582022
1583004
1583972
1584921
1585896
1586896
1587878
1588888
1589873
1590845
1591869
1592851
1593829
1594841
1595832
1596852
1597789
1598783
1599777
1600804
1601808
1602840
1603807
1604829
1605850
1606824
1607796
1608814
1609803
1610774
1611776
1612786
1613783
1614754
1615750
1616761
1617757
1618770
1619779
1620792
1621788
1622798
1623808
1624812
1625823
1626810
1627771
1628769
1629781
1630801
1631814
1632828
1633820
1634855
1635857
1636836
1637828
1638859
1639828
1640821
1641777
1642753
1643770
1644761
1645735
1646736
1647702
1648697
1649676
1650666
1651712
1652711
1653738
1654783
1655762
1656802
1657799
1658835
1659826
1660842
1661818
1662825
1663836
1664811
1665827
1666851
1667857
1668815
1669855
1670864
1671843
1672861
1673865
1674882
1675842
1676880
1677892
1678871
1679882
1680905
1681888
1682904
1683934
1684878
1685876
1686888
1687906
1688898
1689896
1690916
1691969
1692996
1694010
1695008
1696028
1697000
1697984
1698969
1699972
1700968
1701946
1702915
1703887
1704846
1705864
1706879
1707867
1708869
1709867
1710886
1711925
1712924
1713888
1714906
1715914
1716926
1717914
1718916
1719918
1720903
1721938
1722955
1723933
1724933
1725962
1726911
1727849
1728870
1729864
1730864
1731870
1732876
1733868
1734900
1735939
1736950
1737911
1738920
1739912
1740915
1741896
1742892
1743922
1744949
1745958
1746944
1747930
1748928
1749893
1750903
1751928
1752917
1753886
1754875
1755879
1756883
1757881
1758851
1759865
1760836
1761818
1762827
1763827
1764838
1765844
1766844
1767856
1768857
1769861
1770868
1771892
1772944
1773943
1774952
1775942
1776941
1777918
1778923
1779942
1780946
1781981
1782975
1783955
1784937
1785917
1786918
1787940
1788959
1790001
1790996
1791962
1792956
1793981
1794987
1795982
1796968
1797995
1798981
1799955
1800934
1801909
1802882
1803907
1804874
1805869
1806859
1807861
1808846
1809849
1810851
1811839
1812882
1813881
1814877
1815911
1816924
1817950
1818979
1819969
1820988
1821967
1822954
1823940
1824949
1825928
1826966
1827949
1828922
1829937
1830922
1831941
1832963
1833968
1834923
1835890
1836917
1837949
1838923
1839934
1840967
1842006
1842986
1844019
1844997
1845944
1846922
1847910
1848939
1849934
1850929
1851920
1852940
1853960
1854951
1855961
1856966
1857972
1858984
1860028
1861089
1862127
1863117
1864103
1865139
1866165
1867145
1868162
1869184
1870145
1871134
1872144
1873144
1874144
1875160
1876138
1877144
1878111
1879137
1880120
1881132
1882144
1883102
1884138
1885163
1886124
1887141
1888173
1889157
1890192
1891182
1892182
1893213
1894220
1895192
1896223
1897218
1898257
1899265
1900269
1901250
1902251
1903201
1904181
1905186
1906200
1907192
1908192
1909223
1910218
1911230
1912242
1913246
1914240
1915219
1916206
1917186
1918219
1919228
1920254
1921276
1922231
1923254
1924221
1925199
1926185
1927136
1928133
1929137
1930138
1931132
1932144
1933111
1934092
1935058
1936043
1937063
1938050
1939043
1940024
1941042
1942058
1943048
1944037
1945031
1946027
1947014
1947989
1948948
1949905
1950884
1951880
1952886
1953920
1954941
1955965
1956942
1957938
1958951
1959925
1960894
1961883
1962863
1963889
1964861
1965860
1966883
1967839
1968838
1969855
1970862
1971829
1972821
1973838
1974866
1975862
1976841
1977885
1978925
1979927
1980917
1981875
1982878
1983871
1984844
1985857
1986881
1987919
1988910
1989902
1990917
1991906
1992929
1993937
1994955
1995940
1996949
1997960
1998940
1999924
