0
998
1984
2965
3952
4925
5895
6929
7910
8891
9892
10872
11881
12878
13886
14880
15883
16940
17964
18988
19982
20982
21965
22956
23935
24948
25960
26971
28009
29035
30049
31022
32019
33028
34054
35058
36037
37049
38047
39047
40020
41048
42091
43106
44058
45048
46050
47014
48044
49030
50015
51012
52024
53015
53987
54945
55950
56959
57961
58948
59941
60913
61936
62940
63942
64931
65961
66943
67930
68914
69923
70925
71928
72914
73920
74913
75931
76908
77902
78892
79920
80914
81924
82886
83880
84910
85903
86911
87943
88937
89891
90898
91905
92939
93913
94916
95918
96922
97910
98886
99873
100873
101858
102865
103827
104804
105814
106815
107826
108814
109804
110826
111807
112816
113791
114815
115836
116843
117836
118845
119874
120869
121870
122893
123886
124855
125879
126875
127870
128857
129880
130884
131882
132850
133859
134870
135865
136858
137822
138818
139833
140804
141789
142785
143789
144813
145785
146806
147796
148814
149774
150762
151742
152760
153746
154747
155756
156747
157745
158754
159721
160710
161709
162712
163733
164772
165774
166759
167761
168736
169750
170772
171773
172768
173751
174745
175739
176723
177751
178734
179752
180760
181780
182760
183750
184764
185710
186723
187746
188775
189743
190759
191769
192753
193729
194716
195713
196722
197721
198700
199700
200729
201733
202692
203694
204693
205707
206716
207722
208731
209718
210730
211768
212766
213771
214766
215789
216792
217762
218780
219788
220798
221745
222772
223793
224761
225778
226805
227812
228831
229844
230859
231844
232824
233827
234812
235765
236794
237771
238785
239773
240738
241717
242680
243695
244696
245678
246648
247648
248680
249668
250637
251631
252601
253598
254589
255612
256616
257613
258624
259632
260659
261658
262711
263701
264699
265674
266695
267706
268728
269736
270793
271783
272778
273746
274746
275759
276789
277802
278824
279789
280741
281740
282737
283747
284738
285719
286726
287736
288782
289751
290766
291803
292782
293800
294823
295788
296788
297725
298746
299749
300762
301754
302752
303776
304764
305765
306778
307751
308772
309750
310696
311706
312724
313661
314671
315645
316639
317656
318632
319654
320663
321626
322606
323598
324618
325619
326615
327634
328653
329619
330614
331632
332673
333670
334647
335649
336676
337663
338663
339658
340660
341639
342675
343696
344670
345657
346684
347680
348673
349703
350658
351631
352608
353612
354593
355591
356577
357641
358665
359659
360631
361622
362640
363675
364707
365759
366747
367744
368751
369747
370761
371734
372726
373707
374700
375658
376609
377629
378648
379616
380602
381620
382648
383594
384583
385575
386593
387599
388606
389607
390619
391605
392617
393584
394599
395590
396575
397546
398546
399552
400535
401545
402533
403548
404546
405500
406501
407486
408515
409512
410517
411526
412510
413492
414486
415497
416481
417458
418460
419493
420505
421508
422516
423499
424463
425465
426468
427469
428448
429457
430443
431439
432404
433396
434399
435409
436422
437449
438432
439427
440418
441413
442429
443449
444430
445411
446394
447390
448421
449405
450377
451344
452389
453394
454377
455362
456350
457413
458401
459406
460395
461407
462434
463412
464433
465466
466464
467467
468494
469527
470541
471541
472522
473516
474529
475552
476578
477590
478581
479567
480528
481507
482489
483495
484521
485506
486495
487460
488475
489451
490443
491464
492442
493432
494433
495431
496412
497406
498415
499423
500416
501436
502462
503423
504447
505463
506514
507539
508510
509520
510505
511541
512524
513517
514532
515542
516535
517586
518556
519556
520482
521478
522473
523462
524444
525463
526533
527553
528553
529532
530551
531506
532527
533515
534488
535475
536485
537512
538520
539560
540552
541610
542593
543552
544583
545602
546564
547581
548601
549572
550566
551563
552558
553557
554594
555617
556607
557592
558589
559578
560552
561551
562558
563551
564552
565525
566500
567493
568451
569452
570422
571430
572425
573425
574408
575406
576415
577402
578389
579428
580436
581415
582443
583461
584481
585460
586480
587467
588485
589480
590464
591470
592429
593449
594469
595465
596463
597449
598479
599467
600479
601491
602465
603472
604488
605473
606520
607498
608449
609411
610414
611431
612432
613474
614450
615445
616443
617423
618396
619377
620347
621354
622356
623358
624325
625324
626299
627240
628264
629281
630260
631258
632268
633295
634310
635286
636260
637277
638330
639337
640341
641341
642385
643397
644399
645373
646384
647431
648415
649430
650426
651410
652443
653473
654478
655503
656475
657500
658520
659511
660563
661603
662611
663645
664625
665633
666611
667641
668636
669649
670687
671664
672661
673681
674708
675707
676706
677719
678740
679753
680769
681731
682711
683693
684689
685677
686650
687651
688691
689690
690662
691694
692699
693708
694742
695733
696719
697677
698679
699694
700754
701716
702722
703674
704685
705689
706627
707605
708604
709582
710563
711572
712578
713551
714520
715511
716504
717502
718518
719504
720524
721537
722547
723535
724536
725580
726585
727549
728568
729568
730553
731547
732525
733560
734504
735518
736500
737524
738522
739545
740558
741577
742624
743647
744622
745635
746609
747594
748616
749621
750604
751562
752526
753540
754490
755510
756528
757549
758594
759572
760558
761545
762530
763519
764508
765529
766509
767479
768471
769498
770541
771556
772559
773574
774557
775576
776542
777564
778582
779576
780625
781623
782668
783694
784712
785727
786720
787724
788729
789714
790743
791743
792718
793729
794765
795741
796721
797694
798695
799680
800699
801723
802734
803731
804737
805709
806716
807701
808709
809709
810724
811764
812763
813759
814747
815729
816694
817709
818701
819706
820704
821699
822716
823719
824744
825779
826745
827756
828765
829782
830780
831785
832805
833812
834815
835834
836844
837870
838883
839857
840854
841847
842830
843846
844864
845842
846848
847845
848827
849830
850843
851854
852843
853872
854888
855898
856887
857889
858847
859862
860873
861870
862869
863848
864825
865771
866800
867798
868789
869793
870821
871831
872841
873833
874831
875826
876848
877840
878877
879852
880854
881870
882833
883797
884788
885776
886783
887789
888820
889832
890811
891849
892840
893824
894808
895790
896823
897825
898862
899872
900886
901896
902899
903876
904917
905921
906916
907926
908925
909906
910883
911865
912892
913901
914908
915918
916921
917909
918935
919939
920951
921944
922953
923967
924990
926001
927052
928028
929052
930057
931057
932076
933096
934082
935108
936089
937107
938156
939160
940180
941208
942192
943175
944185
945212
946228
947245
948236
949226
950208
951216
952225
953226
954261
955254
956307
957327
958278
959286
960292
961286
962286
963304
964313
965323
966339
967322
968363
969326
970344
971322
972322
973321
974346
975336
976333
977343
978337
979357
980365
981396
982395
983390
984380
985364
986390
987366
988392
989399
990417
991423
992435
993430
994389
995383
996379
997364
998360
999366
1000324
1001321
1002326
1003321
1004276
1005283
1006321
1007342
1008349
1009348
1010347
1011357
1012350
1013382
1014390
1015391
1016372
1017333
1018286
1019308
1020326
1021354
1022375
1023380
1024366
1025383
1026377
1027348
1028359
1029334
1030343
1031374
1032399
1033385
1034362
1035335
1036365
1037394
1038361
1039334
1040325
1041359
1042342
1043325
1044349
1045364
1046352
1047330
1048356
1049377
1050399
1051374
1052368
1053335
1054365
1055350
1056345
1057343
1058321
1059361
1060326
1061317
1062280
1063278
1064251
1065259
1066266
1067286
1068336
1069326
1070314
1071351
1072339
1073345
1074303
1075284
1076294
1077276
1078282
1079277
1080243
1081206
1082204
1083245
1084244
1085227
1086229
1087214
1088192
1089171
1090179
1091163
1092138
1093119
1094082
1095098
1096114
1097096
1098044
1099048
1100035
1101007
1102012
1102997
1104015
1104997
1105966
1106965
1107979
1108943
1109914
1110906
1111885
1112866
1113899
1114898
1115918
1116932
1117897
1118892
1119886
1120926
1121952
1122973
1123950
1124940
1125938
1126949
1127932
1128895
1129891
1130947
1131943
1132973
1133966
1135013
1135987
1136995
1138004
1138990
1140036
1141064
1142085
1143106
1144119
1145129
1146145
1147140
1148122
1149140
1150121
1151121
1152126
1153126
1154114
1155102
1156130
1157086
1158098
1159130
1160139
1161147
1162112
1163106
1164093
1165082
1166069
1167099
1168108
1169142
1170122
1171116
1172104
1173122
1174118
1175112
1176119
1177144
1178150
1179137
1180144
1181143
1182144
1183109
1184068
1185111
1186091
1187067
1188072
1189074
1190058
1191083
1192066
1193067
1194106
1195133
1196161
1197172
1198163
1199171
1200178
1201153
1202145
1203116
1204132
1205117
1206133
1207140
1208146
1209161
1210194
1211195
1212190
1213150
1214130
1215123
1216104
1217139
1218125
1219114
1220106
1221093
1222060
1223078
1224046
1225062
1226052
1227070
1228050
1229035
1230038
1231046
1232047
1233012
1234006
1235006
1236042
1237061
1238066
1239088
1240071
1241050
1242026
1243014
1244071
1245108
1246097
1247137
1248135
1249138
1250184
1251176
1252195
1253202
1254150
1255158
1256140
1257132
1258144
1259155
1260177
1261146
1262131
1263090
1264154
1265131
1266093
1267109
1268089
1269077
1270123
1271139
1272118
1273107
1274117
1275109
1276095
1277109
1278126
1279174
1280183
1281202
1282214
1283228
1284256
1285241
1286255
1287266
1288288
1289300
1290272
1291297
1292299
1293301
1294305
1295321
1296324
1297334
1298286
1299269
1300277
1301255
1302258
1303224
1304220
1305228
1306240
1307219
1308220
1309230
1310226
1311255
1312260
1313228
1314250
1315276
1316303
1317309
1318327
1319333
1320310
1321267
1322292
1323326
1324340
1325323
1326311
1327343
1328309
1329317
1330309
1331308
1332330
1333329
1334319
1335357
1336326
1337342
1338337
1339299
1340334
1341314
1342300
1343276
1344287
1345271
1346257
1347239
1348252
1349232
1350227
1351223
1352231
1353205
1354204
1355238
1356268
1357250
1358241
1359234
1360196
1361226
1362225
1363222
1364219
1365248
1366248
1367261
1368219
1369223
1370254
1371248
1372269
1373244
1374255
1375258
1376290
1377314
1378336
1379319
1380310
1381329
1382320
1383327
1384303
1385311
1386359
1387345
1388392
1389369
1390412
1391370
1392374
1393390
1394420
1395400
1396445
1397439
1398423
1399420
1400391
1401409
1402399
1403435
1404468
1405458
1406476
1407469
1408442
1409455
1410450
1411453
1412460
1413451
1414426
1415437
1416443
1417449
1418429
1419422
1420399
1421399
1422423
1423447
1424446
1425431
1426429
1427448
1428453
1429464
1430426
1431446
1432452
1433442
1434384
1435378
1436355
1437342
1438304
1439311
1440336
1441322
1442332
1443368
1444353
1445354
1446339
1447370
1448331
1449321
1450346
1451267
1452277
1453312
1454303
1455259
1456265
1457220
1458190
1459200
1460163
1461158
1462184
1463199
1464182
1465161
1466159
1467125
1468098
1469069
1470031
1471037
1471995
1473009
1474007
1475010
1476035
1477069
1478060
1479069
1480082
1481082
1482072
1483062
1484069
1485068
1486070
1487065
1488045
1489057
1490057
1491070
1492041
1493045
1494053
1495066
1496057
1497053
1498078
1499076
1500111
1501082
1502092
1503082
1504076
1505065
1506068
1507054
1508046
1509066
1510101
1511085
1512110
1513060
1514076
1515097
1516070
1517090
1518130
1519107
1520099
1521085
1522085
1523121
1524146
1525148
1526160
1527128
1528134
1529114
1530136
1531097
1532071
1533089
1534106
1535144
1536132
1537121
1538102
1539142
1540176
1541167
1542182
1543204
1544156
1545140
1546165
1547151
1548173
1549203
1550226
1551235
1552191
1553187
1554191
1555188
1556172
1557162
1558142
1559141
1560128
1561071
1562066
1563074
1564075
1565056
1566068
1567078
1568139
1569138
1570148
1571162
1572189
1573202
1574162
1575133
1576130
1577107
1578109
1579079
1580084
1581079
1582068
1583030
1584054
1585042
1586076
1587079
1588063
1589055
1590101
1591106
1592123
1593116
1594155
1595146
1596173
1597136
1598131
1599106
1600091
1601097
1602090
1603126
1604115
1605126
1606165
1607173
1608166
1609182
1610211
1611209
1612217
1613261
1614271
1615283
1616275
1617293
1618276
1619314
1620321
1621363
1622326
1623297
1624266
1625255
1626265
1627213
1628232
1629201
1630235
1631242
1632249
1633279
1634257
1635307
1636279
1637268
1638291
1639297
1640272
1641265
1642328
1643294
1644267
1645297
1646286
1647340
1648310
1649307
1650293
1651327
1652312
1653317
1654339
1655365
1656407
1657416
1658379
1659410
1660387
1661363
1662342
1663353
1664386
1665360
1666324
1667333
1668327
1669335
1670346
1671348
1672341
1673387
1674396
1675402
1676411
1677417
1678415
1679427
1680405
1681347
1682359
1683338
1684320
1685319
1686334
1687348
1688339
1689336
1690342
1691322
1692334
1693316
1694302
1695294
1696287
1697293
1698311
1699365
1700379
1701383
1702345
1703347
1704367
1705361
1706385
1707388
1708411
1709390
1710359
1711397
1712415
1713453
1714450
1715453
1716424
1717425
1718427
1719476
1720515
1721518
1722535
1723541
1724553
1725538
1726555
1727553
1728542
1729542
1730554
1731526
1732540
1733528
1734517
1735564
1736573
1737548
1738544
1739513
1740489
1741479
1742489
1743523
1744536
1745570
1746564
1747564
1748612
1749553
1750532
1751556
1752547
1753583
1754608
1755646
1756631
1757619
1758610
1759600
1760621
1761620
1762613
1763608
1764599
1765606
1766612
1767607
1768629
1769618
1770595
1771593
1772588
1773579
1774585
1775544
1776584
1777576
1778562
1779604
1780642
1781673
1782681
1783700
1784718
1785730
1786752
1787761
1788747
1789744
1790735
1791739
1792733
1793767
1794786
1795821
1796848
1797850
1798817
1799828
1800846
1801859
1802895
1803912
1804918
1805928
1806939
1807922
1808922
1809889
1810883
1811888
1812865
1813875
1814905
1815889
1816895
1817877
1818902
1819900
1820884
1821863
1822878
1823878
1824900
1825889
1826896
1827888
1828904
1829914
1830904
1831953
1833009
1833987
1835024
1835984
1836952
1837965
1839001
1840004
1841028
1842008
1842992
1843966
1844972
1845953
1846916
1847906
1848906
1849908
1850885
1851873
1852887
1853916
1854922
1855929
1856945
1857942
1858940
1859929
1860932
1861949
1862952
1863943
1864965
1866000
1866965
1867974
1868931
1869880
1870919
1871868
1872862
1873851
1874855
1875805
1876814
1877792
1878812
1879804
1880843
1881850
1882855
1883851
1884848
1885803
1886768
1887773
1888748
1889733
1890741
1891742
1892710
1893698
1894702
1895730
1896753
1897710
1898731
1899731
1900695
1901705
1902752
1903773
1904772
1905761
1906733
1907728
1908754
1909722
1910689
1911686
1912653
1913679
1914673
1915651
1916626
1917635
1918669
1919682
1920663
1921642
1922642
1923688
1924710
1925707
1926698
1927702
1928724
1929709
1930713
1931680
1932663
1933648
1934664
1935674
1936702
1937699
1938693
1939696
1940691
1941648
1942630
1943643
1944604
1945587
1946618
1947617
1948661
1949619
1950658
1951661
1952682
1953691
1954712
1955714
1956740
1957752
1958756
1959793
1960835
1961838
1962821
1963834
1964846
1965884
1966875
1967854
1968867
1969899
1970899
1971910
1972908
1973876
1974848
1975854
1976861
1977826
1978809
1979783
1980792
1981778
1982801
1983780
1984786
1985803
1986827
1987851
1988812
1989834
1990817
1991831
1992811
1993807
1994771
1995761
1996742
1997708
1998671
1999653
2000640
