0
2
9
15
22
27
32
38
46
51
56
59
67
73
80
89
94
101
108
114
124
131
140
143
148
151
158
164
170
177
183
194
200
208
216
223
231
238
247
258
260
266
273
282
289
297
303
308
313
320
328
330
338
345
348
356
366
371
379
385
392
396
403
409
414
419
426
434
439
443
453
457
463
469
473
476
481
487
495
501
509
514
519
527
533
540
551
562
567
573
580
585
589
599
608
615
621
631
639
650
656
659
663
673
677
682
690
694
704
708
711
716
725
731
736
747
757
763
769
780
788
796
804
810
817
824
830
836
843
848
853
859
865
870
878
883
886
893
898
903
907
915
920
926
934
938
944
947
953
958
964
974
977
983
987
998
1003
1011
1017
1025
1032
1035
1040
1048
1053
1057
1066
1079
1087
1096
1105
1111
1118
1125
1135
1142
1150
1155
1160
1166
1175
1182
1187
1195
1196
1202
1207
1214
1219
1222
1232
1239
1244
1250
1256
1262
1268
1274
1280
1287
1293
1301
1306
1312
1317
1325
1336
1343
1348
1356
1364
1369
1374
1379
1383
1388
1394
1401
1406
1413
1418
1424
1433
1437
1445
1451
1460
1464
1469
1476
1479
1485
1490
1498
1504
1510
1519
1521
1529
1535
1542
1548
1557
1567
1570
1576
1585
1594
1601
1607
1613
1620
1626
1633
1638
1641
1651
1658
1664
1671
1676
1684
1693
1696
1705
1714
1722
1725
1731
1739
1742
1744
1753
1759
1765
1771
1776
1781
1786
1793
1798
1805
1813
1817
1823
1828
1833
1841
1848
1853
1862
1866
1872
1878
1884
1889
1894
1897
1905
1916
1921
1927
1940
1945
1953
1960
1965
1969
1976
1984
1989
1997
2003
2013
2019
2024
2029
2039
2048
2054
2061
2070
2080
2085
2091
2099
2106
2113
2119
2125
2133
2140
2146
2153
2156
2158
2163
2169
2178
2179
2183
2188
2196
2203
2209
2216
2219
2223
2228
2238
2245
2250
2254
2264
2272
2281
2288
2292
2297
2301
2308
2314
2322
2325
2335
2343
2346
2352
2360
2366
2376
2383
2392
2396
2399
2408
2413
2420
2425
2434
2442
2449
2455
2463
2470
2477
2487
2491
2496
2502
2511
2520
2528
2533
2538
2547
2552
2562
2569
2575
2581
2587
2592
2599
2603
2612
2618
2623
2629
2635
2641
2644
2648
2652
2658
2666
2671
2678
2684
2686
2695
2703
2710
2714
2720
2727
2733
2742
2750
2754
2760
2764
2771
2777
2784
2791
2797
2804
2810
2815
2821
2827
2834
2837
2847
2855
2862
2871
2879
2885
2891
2898
2906
2914
2918
2925
2934
2940
2948
2956
2960
2966
2973
2975
2984
2991
2998
3006
3014
3020
3026
3030
3038
3043
3050
3055
3059
3063
3069
3076
3083
3088
3095
3099
3107
3116
3122
3125
3132
3139
3144
3151
3155
3161
3167
3174
3181
3188
3190
3200
3206
3213
3220
3229
3238
3246
3255
3261
3268
3271
3277
3287
3292
3298
3306
3310
3315
3322
3329
3336
3343
3350
3356
3364
3369
3374
3378
3383
3388
3395
3402
3408
3416
3420
3425
3434
3440
3447
3454
3459
3466
3475
3480
3486
3495
3503
3512
3518
3524
3530
3538
3548
3556
3564
3571
3576
3582
3586
3589
3594
3598
3605
3610
3618
3622
3630
3638
3647
3652
3656
3665
3674
3678
3685
3694
3702
3711
3719
3723
3730
3736
3741
3750
3755
3761
3766
3771
3777
3784
3789
3799
3805
3811
3817
3818
3825
3833
3840
3846
3850
3855
3860
3866
3873
3881
3886
3896
3902
3907
3915
3925
3930
3934
3938
3945
3952
3961
3969
3975
3981
3984
3987
3993
3999
4005
4011
4019
4026
4032
4039
4048
4055
4063
4067
4075
4082
4085
4092
4099
4103
4108
4115
4122
4126
4133
4139
4150
4157
4161
4168
4173
4176
4179
4186
4194
4200
4207
4215
4222
4226
4234
4242
4250
4258
4262
4269
4276
4282
4288
4295
4302
4309
4314
4321
4324
4332
4339
4344
4351
4356
4366
4371
4378
4383
4387
4393
4399
4405
4410
4415
4422
4428
4433
4440
4448
4453
4458
4468
4474
4478
4484
4489
4495
4501
4510
4516
4522
4529
4539
4547
4553
4563
4570
4576
4582
4588
4592
4601
4607
4614
4622
4631
4639
4648
4652
4657
4663
4671
4676
4682
4688
4696
4706
4709
4716
4720
4726
4730
4737
4740
4745
4753
4755
4762
4768
4775
4777
4786
4791
4799
4801
4806
4812
4817
4824
4834
4841
4848
4855
4859
4863
4873
4879
4885
4893
4899
4904
4908
4913
4916
4922
4928
4935
4939
4946
4955
4960
4965
4971
4978
4987
4993
5000
5003
5010
5017
5024
5030
5034
5038
5044
5052
5060
5066
5075
5080
5086
5091
5097
5105
5110
5114
5122
5128
5137
5148
5153
5161
5169
5178
5185
5190
5198
5203
5209
5213
5220
5227
5236
5240
5245
5254
5262
5269
5278
5284
5290
5297
5305
5313
5318
5326
5332
5336
5341
5349
5357
5361
5369
5378
5383
5387
5394
5400
5404
5408
5415
5420
5425
5430
5441
5449
5455
5461
5465
5473
5480
5487
5493
5498
5502
5510
5517
5526
5535
5539
5547
5550
5555
5561
5568
5575
5583
5589
5597
5602
5607
5609
5617
5623
5632
5637
5648
5653
5661
5665
5671
5676
5684
5690
5696
5704
5709
5716
5723
5728
5732
5741
5748
5757
5762
5767
5771
5775
5784
5789
5796
5803
5809
5814
5820
5826
5830
5834
5837
5845
5851
5861
5871
5880
5885
5892
5899
5906
5913
5920
5927
5932
5940
5949
5957
5963
5966
5973
5980
5987
5992
5999
6004
6011
6021
6033
6040
6047
6050
6054
6063
6068
6077
6081
6092
6103
6107
6113
6118
6122
6127
6133
6142
6150
6157
6162
6167
6174
6183
6190
6193
6199
6203
6212
6218
6224
6227
6234
6239
6244
6253
6256
6264
6271
6282
6286
6294
6303
6309
6317
6326
6333
6338
6342
6352
6357
6365
6372
6377
6385
6390
6396
6404
6409
6418
6428
6430
6439
6444
6451
6457
6461
6469
6475
6479
6486
6493
6501
6506
6511
6517
6523
6528
6536
6542
6548
6554
6561
6567
6580
6587
6591
6597
6602
6612
6622
6629
6634
6642
6647
6653
6659
6665
6670
6677
6683
6687
6698
6703
6711
6716
6723
6729
6735
6743
6753
6759
6767
6773
6780
6787
6792
6799
6806
6813
6821
6828
6836
6842
6851
6857
6867
6875
6883
6890
6893
6896
6905
6911
6920
6926
6934
6939
6947
6956
6964
6967
6973
6984
6989
6995
7001
7009
7015
7023
7031
7040
7045
7052
7060
7067
7076
7081
7090
7099
7107
7113
7118
7128
7133
7137
7141
7146
7157
7166
7169
7175
7181
7189
7198
7205
7209
7216
7225
7232
7240
7247
7252
7257
7262
7269
7275
7282
7288
7295
7303
7312
7318
7324
7329
7332
7335
7341
7348
7354
7364
7365
7371
7378
7383
7392
7399
7404
7408
7417
7427
7431
7436
7442
7452
7461
7464
7470
7479
7485
7492
7501
7508
7516
7524
7528
7532
7539
7548
7554
7562
7565
7568
7575
7581
7589
7597
7605
7614
7620
7625
7630
7638
7648
7653
7658
7664
7673
7678
7684
7694
7697
7705
7711
7719
7728
7736
7742
7749
7755
7761
7765
7770
7775
7779
7786
7792
7800
7804
7807
7814
7824
7829
7835
7843
7849
7852
7860
7865
7870
7874
7881
7885
7889
7897
7903
7912
7921
7928
7934
7941
7947
7957
7967
7979
7985
7995
8000
8007
8013
8017
8025
8031
8036
8045
8051
8057
8061
8069
8074
8082
8085
8088
8092
8098
8104
8113
8118
8126
8132
8135
8141
8144
8150
8154
8160
8168
8175
8182
8186
8198
8201
8208
8215
8223
8229
8236
8243
8249
8256
8259
8268
8276
8282
8290
8295
8299
8305
8314
8323
8327
8334
8341
8347
8352
8356
8362
8367
8375
8381
8390
8401
8410
8415
8422
8428
8435
8441
8446
8452
8456
8462
8471
8478
8486
8492
8500
8508
8515
8520
8525
8532
8540
8548
8554
8561
8568
8576
8583
8591
8600
8606
8614
8618
8627
8635
8644
8651
8658
8663
8668
8672
8679
8686
8688
8695
8704
8709
8717
8727
8734
8743
8750
8758
8764
8768
8774
8778
8784
8792
8795
8801
8807
8812
8816
8823
8832
8833
8838
8844
8852
8860
8868
8875
8886
8890
8897
8902
8909
8914
8918
8925
8929
8934
8944
8954
8962
8968
8977
8985
8993
8999
9003
9008
9013
9015
9023
9028
9034
9037
9044
9051
9057
9062
9067
9074
9080
9089
9093
9102
9105
9114
9118
9122
9128
9132
9140
9146
9156
9163
9169
9176
9184
9190
9197
9206
9209
9216
9222
9229
9233
9237
9243
9248
9254
9260
9266
9270
9271
9276
9284
9291
9295
9301
9307
9310
9316
9322
9325
9331
9334
9341
9346
9352
9355
9362
9365
9373
9380
9383
9392
9399
9405
9412
9419
9426
9434
9443
9449
9462
9466
9473
9476
9481
9487
9493
9499
9503
9511
9520
9530
9536
9538
9548
9553
9560
9567
9572
9581
9587
9596
9601
9605
9614
9622
9632
9638
9642
9648
9654
9658
9664
9671
9675
9681
9687
9692
9697
9704
9709
9711
9717
9725
9729
9733
9739
9747
9752
9762
9770
9780
9787
9796
9802
9806
9813
9819
9824
9829
9837
9844
9850
9852
9860
9862
9866
9871
9876
9881
9892
9898
9904
9911
9915
9928
9933
9935
9940
9948
9955
9962
9968
9972
9976
9986
9992
9999
10005
10012
10019
10026
10031
10036
10042
10048
10054
10063
10068
10074
10085
10090
10099
10106
10112
10120
10126
10132
10142
10149
10155
10161
10166
10173
10179
10189
10195
10205
10211
10219
10227
10236
10245
10248
10255
10262
10267
10271
10279
10287
10289
10297
10307
10313
10319
10328
10336
10340
10346
10351
10357
10362
10366
10372
10377
10382
10388
10394
10401
10407
10412
10420
10424
10428
10435
10444
10450
10457
10466
10471
10478
10486
10490
10495
10499
10509
10515
10520
10528
10531
10537
10543
10553
10558
10566
10571
10581
10589
10599
10607
10616
10624
10631
10636
10643
10649
10653
10661
10668
10672
10677
10682
10691
10700
10704
10711
10718
10723
10728
10733
10737
10740
10745
10755
10764
10771
10778
10781
10788
10794
10802
10808
10814
10821
10827
10833
10840
10842
10845
10852
10858
10863
10873
10880
10885
10893
10899
10904
10913
10918
10922
10925
10934
10941
10949
10954
10960
10966
10971
10976
10984
10987
10996
11001
11008
11016
11024
11033
11042
11047
11054
11061
11065
11071
11074
11080
11083
11088
11095
11104
11112
11118
11123
11129
11136
11140
11146
11155
11163
11170
11176
11180
11187
11192
11199
11208
11216
11223
11227
11232
11240
11246
11254
11264
11269
11276
11283
11289
11297
11305
11313
11319
11327
11334
11342
11350
11357
11363
11368
11372
11378
11382
11388
11394
11402
11409
11418
11423
11428
11434
11440
11446
11452
11459
11467
11476
11484
11490
11498
11504
11511
11518
11524
11529
11539
11546
11549
11551
11557
11565
11572
11582
11592
11596
11604
11611
11618
11625
11634
11643
11649
11660
11669
11680
11687
11693
11703
11714
11721
11730
11738
11744
11751
11760
11765
11772
11780
11787
11792
11797
11807
11811
11819
11827
11835
11842
11847
11855
11861
11869
11876
11880
11885
11891
11896
11900
11906
11915
11921
11925
11929
11934
11942
11949
11958
11963
11969
11976
11980
11987
11992
11997
12002
12007
12014
12022
12028
12033
12038
12044
12051
12058
12062
12068
12072
12078
12087
12095
12099
12106
12111
12122
12128
12133
12138
12143
12147
12150
12153
12157
12162
12170
12178
12184
12190
12198
12204
12212
12218
12223
12231
12236
12243
12246
12250
12255
12258
12262
12270
12278
12283
12287
12295
12304
12309
12315
12320
12327
12334
12340
12347
12353
12358
12364
12373
12378
12382
12389
12398
12403
12412
12414
12420
12426
12435
12443
12452
12461
12468
12474
12475
12480
12488
12495
12499
12503
12510
12513
12518
12523
12531
12540
12545
12555
12560
12565
12570
12582
12592
12595
12598
12601
12605
12613
12619
12625
12632
12640
12650
12658
12666
12672
12681
12686
12691
12696
12703
12710
12717
12723
12730
12737
12742
12746
12753
12763
12769
12775
12781
12789
12798
12803
12810
12817
12827
12833
12836
12840
12846
12848
12856
12862
12865
12876
12884
12891
12897
12903
12909
12912
12919
12929
12939
12947
12953
12961
12968
12972
12977
12984
12991
13000
13009
13013
13021
13030
13040
13044
13050
13055
13057
13066
13070
13077
13084
13087
13091
13098
13105
13110
13120
13126
13134
13142
13151
13159
13167
13170
13177
13180
13189
13195
13200
13209
13214
13220
13225
13230
13235
13239
13244
13253
13260
13267
13272
13280
13288
13295
13301
13309
13319
13323
13330
13342
13351
13353
13358
13363
13369
13376
13381
13386
13393
13404
13408
13415
13420
13428
13431
13437
13444
13449
13453
13458
13469
13476
13481
13488
13497
13502
13510
13517
13524
13529
13537
13543
13546
13549
13552
13558
13567
13573
13581
13586
13590
13596
13605
13613
13621
13627
13633
13640
13645
13651
13661
13670
13671
13680
13688
13696
13704
13712
13719
13725
13730
13735
13741
13748
13754
13759
13766
13774
13779
13784
13793
13795
13801
13809
13815
13820
13828
13835
13843
13851
13858
13867
13871
13878
13882
13885
13891
13896
13903
13910
13916
13924
13928
13933
13936
13942
13947
13954
13963
13966
13972
13978
13986
13993
13998
14002
14010
14022
14030
14035
14044
14048
14052
14061
14069
14076
14081
14084
14090
14097
14101
14107
14115
14121
14127
14133
14140
14147
14153
14159
14165
14169
14175
14183
14188
14194
14202
14206
14214
14225
14231
14238
14243
14248
14254
14260
14265
14272
14278
14282
14290
14293
14300
14308
14313
14319
14326
14331
14339
14346
14355
14364
14373
14381
14384
14390
14394
14401
14406
14413
14418
14423
14426
14431
14437
14444
14454
14460
14465
14470
14474
14479
14487
14491
14496
14501
14508
14515
14517
14520
14523
14532
14539
14545
14548
14553
14557
14563
14569
14575
14584
14587
14592
14599
14607
14612
14620
14626
14632
14642
14647
14654
14662
14670
14677
14682
14689
14693
14700
14705
14711
14715
14723
14731
14740
14746
14756
14763
14771
14779
14785
14789
14793
14802
14807
14817
14822
14827
14831
14839
14847
14853
14859
14866
14872
14880
14884
14890
14895
14901
14904
14911
14918
14924
14932
14938
14945
14955
14962
14969
14973
14978
14984
14990
14997
15001
15006
15013
15018
15024
15038
15044
15052
15057
15065
15074
15078
15084
15090
15092
15102
15108
15111
15118
15124
15130
15137
15146
15150
15155
15160
15166
15173
15179
15186
15193
15199
15204
15210
15218
15223
15232
15239
15245
15256
15262
15268
15275
15284
15290
15297
15304
15311
15319
15323
15328
15335
15343
15347
15353
15361
15366
15374
15380
15385
15389
15392
15398
15405
15412
15422
15429
15436
15442
15451
15459
15463
15470
15478
15482
15488
15495
15502
15511
15518
15522
15532
15538
15546
15551
15557
15563
15568
15569
15574
15575
15585
15589
15595
15599
15606
15612
15617
15625
15632
15639
15642
15650
15656
15662
15667
15676
15684
15689
15696
15704
15711
15716
15725
15733
15741
15747
15752
15758
15765
15770
15777
15786
15792
15799
15809
15817
15827
15833
15837
15842
15850
15854
15856
15864
15874
15876
15880
15887
15892
15898
15900
15906
15913
15918
15925
15932
15939
15948
15951
15955
15960
15969
15977
15987
15992
15995
16001
16007
16010
16015
16024
16032
16039
16046
16051
16058
16065
16075
16081
16089
16095
16103
16107
16114
16119
16123
16126
16132
16138
16144
16151
16160
16165
16170
16175
16181
16185
16190
16199
16206
16209
16214
16218
16223
16230
16238
16242
16251
16253
16259
16267
16273
16277
16283
16292
16299
16307
16311
16319
16327
16333
16341
16351
16358
16363
16367
16372
16378
16386
16390
16397
16402
16409
16415
16425
16433
16438
16443
16450
16457
16461
16468
16473
16479
16482
16490
16494
16500
16507
16513
16519
16524
16533
16536
16542
16548
16553
16558
16565
16574
16579
16588
16593
16597
16602
16607
16613
16616
16623
16629
16634
16640
16647
16653
16661
16666
16676
16683
16687
16692
16700
16705
16713
16719
16725
16728
16735
16743
16750
16754
16761
16767
16777
16781
16787
16793
16797
16804
16809
16812
16818
16821
16830
16837
16842
16847
16857
16863
16871
16880
16889
16899
16906
16909
16920
16926
16935
16945
16952
16959
16966
16972
16977
16982
16986
16990
16996
16999
17001
17011
17014
17022
17028
17037
17041
17047
17052
17060
17063
17071
17075
17085
17090
17099
17106
17109
17113
17121
17128
17135
17142
17146
17149
17153
17157
17166
17174
17181
17189
17194
17203
17210
17218
17222
17225
17232
17237
17241
17248
17255
17266
17270
17275
17281
17285
17290
17300
17303
17311
17319
17328
17334
17339
17345
17353
17359
17368
17375
17384
17391
17395
17401
17406
17412
17417
17422
17426
17430
17435
17439
17445
17450
17456
17464
17473
17479
17487
17495
17502
17508
17512
17520
17527
17534
17537
17540
17546
17556
17561
17568
17575
17582
17585
17592
17596
17603
17610
17615
17619
17624
17636
17646
17653
17661
17667
17675
17679
17689
17698
17705
17710
17716
17722
17730
17738
17747
17754
17758
17765
17771
17779
17784
17793
17800
17803
17810
17820
17829
17833
17838
17845
17851
17856
17859
17868
17874
17876
17882
17887
17892
17898
17903
17913
17920
17925
17931
17935
17941
17946
17954
17964
17969
17974
17980
17988
17994
17998
18002
18006
18014
18022
18029
18034
18041
18047
18053
18059
18062
18067
18075
18080
18085
18089
18091
18101
18108
18118
18126
18134
18143
18151
18159
18164
18174
18178
18184
18190
18198
18202
18206
18212
18216
18224
18230
18237
18242
18249
18253
18259
18266
18274
18279
18281
18288
18292
18299
18308
18314
18320
18330
18337
18343
18349
18356
18363
18368
18376
18381
18387
18395
18403
18410
18418
18423
18430
18435
18442
18446
18455
18462
18471
18475
18477
18485
18490
18498
18505
18511
18518
18524
18534
18543
18555
18564
18572
18581
18585
18591
18597
18604
18610
18617
18626
18629
18634
18639
18646
18652
18660
18668
18672
18681
18688
18696
18701
18710
18717
18722
18728
18737
18742
18751
18759
18765
18772
18778
18783
18787
18795
18803
18809
18816
18823
18829
18835
18843
18848
18860
18866
18871
18873
18880
18887
18893
18900
18905
18909
18915
18921
18926
18935
18942
18948
18954
18963
18970
18977
18985
18991
18997
19001
19009
19014
19021
19031
19032
19039
19045
19051
19058
19063
19069
19071
19077
19081
19086
19094
19101
19104
19111
19119
19127
19132
19136
19144
19149
19157
19163
19169
19176
19185
19187
19195
19202
19208
19215
19221
19227
19232
19240
19245
19249
19255
19262
19268
19272
19277
19284
19292
19300
19305
19309
19317
19323
19331
19341
19350
19356
19361
19365
19371
19378
19384
19390
19394
19401
19406
19413
19420
19426
19432
19433
19437
19447
19451
19460
19465
19471
19480
19483
19488
19496
19503
19509
19517
19526
19533
19541
19546
19552
19555
19565
19572
19575
19585
19589
19592
19600
19607
19611
19619
19626
19632
19636
19643
19647
19650
19656
19665
19673
19676
19681
19687
19695
19704
19708
19713
19716
19725
19730
19737
19742
19746
19756
19759
19765
19774
19780
19786
19792
19795
19806
19814
19820
19823
19829
19837
19840
19849
19859
19864
19870
19878
19883
19889
19896
19906
19910
19918
19925
19933
19938
19944
19949
19954
19960
19969
19972
19980
19984
19988
19991
19997
20007
20016
20021
20025
20027
20035
20041
20046
20053
20057
20065
20067
20076
20083
20090
20101
20105
20109
20115
20121
20130
20137
20143
20152
20158
20164
20173
20181
20187
20196
20205
20211
20215
20221
20228
20237
20243
20250
20256
20263
20268
20275
20282
20289
20292
20299
20306
20311
20319
20325
20327
20335
20343
20349
20354
20357
20363
20368
20371
20376
20379
20386
20392
20395
20400
20404
20413
20420
20427
20430
20439
20446
20455
20467
20477
20479
20488
20498
20501
20509
20517
20525
20529
20534
20542
20548
20556
20564
20568
20579
20583
20590
20596
20604
20608
20615
20619
20624
20632
20637
20644
20651
20661
20671
20677
20687
20695
20703
20709
20712
20719
20726
20734
20743
20751
20758
20766
20771
20782
20788
20793
20798
20806
20810
20813
20820
20825
20834
20841
20845
20850
20858
20864
20870
20873
20881
20889
20898
20907
20914
20920
20925
20929
20936
20943
20947
20958
20965
20973
20977
20983
20987
20994
21001
21007
21010
21017
21022
21028
21035
21040
21047
21054
21059
21068
21076
21084
21089
21094
21102
21106
21115
21123
21134
21142
21149
21153
21158
21166
21169
21180
21182
21189
21194
21206
21214
21221
21226
21232
21240
21246
21251
21260
21266
21274
21279
21288
21292
21297
21301
21306
21309
21317
21324
21331
21335
21339
21346
21354
21362
21370
21377
21386
21392
21399
21405
21413
21421
21430
21435
21441
21450
21458
21466
21473
21477
21482
21490
21494
21502
21512
21517
21522
21531
21536
21542
21549
21556
21564
21570
21582
21587
21592
21598
21605
21611
21618
21624
21630
21637
21643
21653
21660
21667
21672
21679
21682
21689
21697
21705
21710
21715
21720
21729
21735
21740
21743
21750
21758
21766
21771
21775
21781
21787
21792
21801
21806
21811
21816
21822
21828
21835
21839
21849
21856
21862
21868
21872
21877
21886
21892
21901
21912
21922
21928
21932
21934
21941
21947
21952
21956
21962
21967
21975
21982
21988
21993
22000
22008
22011
22018
22026
22034
22039
22046
22055
22061
22065
22070
22077
22082
22090
22096
22103
22110
22118
22121
22131
22135
22143
22148
22155
22161
22167
22172
22178
22185
22189
22196
22204
22212
22218
22225
22233
22238
22245
22251
22262
22267
22273
22281
22289
22297
22304
22310
22318
22324
22328
22334
22343
22351
22355
22359
22364
22369
22376
22380
22386
22392
22400
22405
22412
22421
22428
22432
22439
22445
22454
22462
22469
22480
22486
22494
22499
22503
22508
22514
22522
22531
22535
22540
22545
22554
22558
22561
22564
22568
22572
22578
22582
22590
22593
22599
22608
22615
22622
22626
22631
22635
22641
22646
22656
22661
22667
22673
22678
22684
22690
22693
22700
22706
22713
22720
22727
22734
22740
22744
22749
22753
22758
22764
22770
22776
22781
22787
22796
22804
22810
22817
22825
22831
22840
22844
22850
22858
22864
22872
22878
22883
22892
22900
22906
22911
22918
22925
22929
22937
22942
22947
22952
22962
22968
22973
22980
22985
22991
22997
23005
23008
23011
23014
23020
23026
23032
23039
23046
23050
23057
23063
23072
23081
23088
23098
23104
23110
23118
23123
23126
23136
23140
23146
23151
23158
23168
23172
23180
23186
23193
23197
23204
23207
23215
23224
23229
23236
23240
23247
23254
23263
23270
23273
23278
23283
23291
23296
23301
23308
23311
23316
23321
23329
23335
23342
23351
23355
23363
23370
23377
23387
23394
23400
23407
23412
23422
23428
23432
23437
23442
23449
23455
23458
23463
23470
23477
23482
23489
23492
23498
23503
23509
23517
23521
23526
23534
23540
23545
23554
23559
23564
23570
23577
23584
23592
23599
23606
23614
23622
23629
23636
23643
23651
23656
23661
23665
23675
23676
23685
23689
23696
23704
23709
23717
23723
23734
23739
23746
23753
23759
23765
23771
23774
23780
23789
23793
23800
23806
23812
23817
23826
23832
23843
23849
23852
23858
23869
23876
23883
23890
23897
23905
23910
23916
23920
23926
23932
23939
23942
23950
23956
23963
23968
23973
23977
23986
23993
24003
24009
24014
24022
24031
24035
24040
24047
24054
24063
24072
24082
24090
24099
24105
24111
24116
24123
24130
24136
24144
24149
24154
24162
24167
24174
24184
24191
24199
24202
24208
24215
24224
24231
24237
24244
24253
24261
24267
24272
24277
24284
24292
24295
24304
24314
24318
24323
24326
24333
24337
24345
24351
24356
24365
24367
24373
24378
24386
24393
24397
24403
24407
24413
24420
24424
24432
24440
24446
24452
24459
24464
24470
24475
24479
24485
24494
24499
24505
24513
24519
24525
24529
24533
24539
24546
24551
24556
24560
24567
24573
24576
24580
24588
24597
24604
24610
24617
24625
24628
24632
24636
24643
24650
24656
24668
24673
24677
24682
24687
24694
24700
24708
24711
24716
24724
24732
24741
24747
24755
24759
24763
24769
24781
24787
24791
24800
24806
24812
24822
24827
24831
24836
24846
24851
24858
24864
24869
24873
24878
24884
24890
24893
24899
24904
24909
24913
24918
24924
24928
24933
24939
24946
24951
24960
24963
24971
24976
24981
24985
24991
24995
25004
25010
25021
25027
25031
25036
25041
25048
25056
25063
25072
25076
25081
25089
25100
25106
25113
25122
25125
25132
25138
25146
25150
25159
25167
25172
25178
25183
25190
25197
25203
25210
25219
25227
25233
25239
25243
25248
25255
25259
25264
25270
25275
25281
25292
25301
25304
25310
25319
25325
25331
25339
25345
25351
25359
25363
25371
25379
25386
25395
25401
25409
25417
25426
25433
25437
25445
25451
25458
25463
25469
25476
25482
25491
25499
25506
25516
25522
25530
25536
25542
25550
25557
25563
25570
25575
25582
25588
25590
25595
25603
25609
25615
25624
25628
25635
25641
25650
25658
25664
25668
25674
25684
25688
25697
25703
25706
25708
25716
25722
25732
25740
25750
25755
25763
25768
25772
25778
25783
25787
25791
25800
25807
25814
25823
25833
25838
25845
25852
25860
25866
25869
25875
25885
25892
25898
25905
25910
25917
25923
25934
25937
25941
25950
25959
25963
25970
25979
25985
25994
26001
26010
26020
26026
26033
26037
26047
26053
26059
26062
26068
26073
26079
26086
26092
26097
26103
26110
26116
26121
26126
26131
26139
26148
26157
26162
26171
26177
26185
26196
26200
26209
26215
26219
26228
26233
26238
26246
26253
26258
26266
26274
26281
26287
26294
26302
26306
26312
26320
26325
26332
26336
26343
26348
26355
26362
26370
26375
26381
26391
26395
26399
26405
26409
26413
26420
26432
26437
26445
26453
26458
26461
26462
26470
26479
26490
26496
26505
26514
26522
26527
26531
26536
26543
26548
26555
26562
26570
26580
26587
26595
26601
26606
26612
26618
26624
26630
26636
26644
26651
26657
26661
26668
26676
26685
26692
26698
26705
26707
26714
26717
26726
26733
26740
26749
26758
26768
26773
26781
26789
26796
26800
26807
26814
26820
26827
26835
26842
26847
26852
26857
26862
26868
26873
26877
26883
26886
26891
26896
26902
26909
26915
26921
26925
26931
26941
26949
26956
26963
26971
26982
26989
26995
26998
27005
27009
27013
27020
27028
27039
27045
27054
27058
27066
27073
27078
27083
27092
27096
27104
27108
27115
27119
27128
27137
27140
27144
27149
27158
27162
27168
27173
27179
27182
27190
27199
27204
27213
27220
27229
27237
27241
27251
27258
27264
27268
27277
27282
27290
27297
27304
27310
27322
27327
27336
27345
27353
27359
27365
27371
27378
27385
27394
27398
27404
27409
27414
27423
27425
27435
27441
27449
27456
27463
27470
27472
27476
27483
27491
27496
27504
27510
27519
27523
27528
27535
27540
27543
27553
27562
27567
27575
27581
27586
27593
27597
27607
27614
27621
27628
27635
27641
27646
27654
27659
27665
27672
27681
27687
27693
27701
27706
27717
27726
27733
27740
27746
27753
27760
27767
27771
27780
27787
27793
27796
27798
27802
27806
27812
27818
27822
27829
27838
27845
27854
27858
27861
27867
27872
27876
27880
27887
27895
27899
27906
27911
27918
27923
27930
27931
27938
27944
27949
27954
27959
27968
27974
27985
27990
27999
28004
28013
28024
28031
28040
28046
28054
28059
28066
28072
28076
28081
28085
28092
28101
28107
28114
28120
28122
28132
28139
28147
28157
28160
28166
28172
28179
28185
28188
28192
28198
28202
28207
28212
28221
28228
28235
28237
28241
28248
28252
28258
28262
28268
28271
28278
28284
28294
28302
28308
28315
28320
28328
28331
28337
28344
28349
28356
28363
28368
28377
28383
28388
28393
28399
28409
28415
28419
28425
28429
28434
28442
28448
28451
28456
28464
28469
28476
28484
28488
28494
28499
28506
28513
28521
28527
28532
28540
28547
28551
28563
28569
28576
28583
28588
28595
28602
28606
28613
28616
28624
28633
28641
28648
28653
28659
28663
28671
28676
28682
28687
28692
28696
28704
28707
28713
28718
28719
28724
28729
28737
28742
28750
28753
28759
28768
28778
28784
28792
28796
28801
28808
28812
28822
28828
28833
28840
28845
28852
28860
28871
28876
28885
28890
28896
28899
28902
28907
28913
28919
28923
28929
28937
28943
28952
28958
28965
28976
28980
28984
28992
28999
29005
29009
29015
29025
29032
29038
29046
29049
29054
29061
29070
29074
29082
29089
29094
29099
29111
29114
29121
29125
29132
29138
29147
29156
29159
29167
29173
29181
29189
29194
29201
29206
29212
29221
29227
29232
29238
29243
29247
29253
29260
29268
29276
29283
29289
29295
29307
29314
29318
29327
29334
29336
29341
29347
29351
29359
29368
29375
29377
29381
29387
29392
29397
29406
29410
29417
29420
29431
29438
29444
29452
29461
29465
29471
29473
29480
29486
29492
29499
29504
29507
29509
29517
29521
29530
29538
29543
29548
29554
29560
29568
29572
29580
29585
29592
29597
29602
29611
29617
29623
29626
29638
29645
29652
29656
29662
29667
29669
29680
29686
29692
29701
29709
29716
29726
29733
29740
29749
29754
29763
29770
29776
29784
29792
29801
29807
29812
29817
29823
29831
29834
29840
29846
29855
29862
29871
29878
29884
29888
29895
29903
29911
29918
29930
29940
29947
29953
29959
29965
29972
29980
29985
29991
29997
30004
30011
30016
30023
30031
30040
30044
30049
30054
30059
30063
30071
30079
30083
30084
30089
30096
30102
30110
30113
30121
30123
30131
30137
30144
30151
30155
30161
30167
30175
30181
30186
30191
30200
30203
30209
30218
30225
30231
30235
30240
30250
30254
30259
30267
30277
30278
30286
30291
30298
30303
30307
30313
30320
30328
30337
30345
30352
30357
30363
30369
30372
30377
30384
30392
30399
30403
30411
30417
30425
30433
30440
30445
30447
30453
30458
30464
30466
30474
30480
30489
30496
30501
30508
30515
30520
30526
30530
30535
30542
30547
30551
30558
30564
30574
30582
30587
30596
30600
30607
30611
30620
30624
30630
30637
30644
30650
30658
30662
30670
30675
30681
30689
30694
30699
30708
30714
30721
30729
30736
30744
30749
30758
30763
30771
30775
30780
30788
30792
30799
30808
30815
30820
30825
30830
30838
30846
30854
30864
30871
30876
30883
30890
30896
30906
30914
30920
30928
30932
30939
30945
30952
30960
30968
30970
30977
30982
30988
30994
30996
31002
31009
31014
31018
31024
31028
31034
31040
31045
31051
31057
31063
31067
31073
31078
31082
31086
31092
31102
31108
31113
31122
31130
31135
31141
31145
31152
31157
31164
31172
31182
31186
31191
31199
31204
31209
31218
31220
31225
31228
31234
31244
31250
31259
31264
31270
31276
31284
31295
31303
31310
31317
31325
31332
31340
31346
31351
31359
31364
31371
31373
31379
31383
31386
31392
31398
31407
31413
31415
31419
31423
31429
31436
31446
31454
31458
31466
31468
31473
31479
31488
31495
31502
31509
31513
31521
31530
31538
31540
31547
31552
31559
31563
31566
31573
31579
31587
31595
31601
31607
31611
31618
31626
31635
31639
31642
31647
31656
31661
31668
31676
31678
31683
31687
31694
31700
31704
31711
31718
31725
31733
31739
31745
31751
31759
31764
31768
31771
31778
31783
31790
31797
31804
31815
31821
31828
31834
31839
31845
31852
31860
31869
31878
31884
31891
31898
31901
31908
31914
31921
31926
31933
31939
31944
31948
31956
31960
31962
31968
31975
31977
31983
31989
31998
32005
32010
32019
32021
32028
32034
32040
32045
32053
32058
32067
32077
32082
32088
32093
32102
32109
32114
32118
32127
32133
32142
32147
32156
32162
32170
32177
32182
32190
32197
32207
32219
32226
32234
32245
32252
32260
32266
32271
32276
32279
32285
32292
32300
32309
32314
32324
32327
32330
32340
32346
32351
32357
32363
32371
32375
32377
32383
32393
32402
32405
32414
32419
32428
32434
32439
32445
32453
32460
32465
32471
32474
32480
32484
32490
32497
32506
32512
32518
32524
32529
32534
32540
32548
32553
32559
32564
32570
32578
32585
32593
32598
32605
32612
32622
32628
32633
32639
32649
32656
32662
32671
32676
32681
32688
32692
32698
32706
32711
32714
32718
32724
32733
32743
32749
32759
32765
32773
32779
32788
32795
32799
32806
32816
32823
32830
32839
32847
32856
32865
32869
32874
32882
32889
32893
32903
32909
32913
32924
32930
32937
32942
32945
32951
32955
32963
32968
32973
32978
32988
32996
33004
33010
33020
33022
33029
33035
33040
33048
33055
33065
33071
33077
33083
33090
33095
33100
33105
33110
33118
33124
33125
33129
33132
33138
33143
33153
33162
33166
33175
33179
33189
33197
33204
33208
33213
33218
33224
33227
33229
33235
33243
33250
33256
33262
33265
33269
33271
33281
33290
33297
33300
33306
33312
33323
33328
33334
33341
33346
33354
33363
33370
33374
33379
33383
33389
33396
33402
33409
33415
33421
33429
33436
33442
33449
33455
33464
33473
33481
33486
33492
33500
33508
33515
33518
33521
33529
33534
33541
33547
33552
33555
33562
33570
33575
33580
33586
33593
33603
33610
33618
33625
33637
33644
33649
33656
33660
33661
33668
33679
33683
33692
33700
33711
33716
33723
33729
33736
33744
33750
33757
33760
33767
33778
33784
33790
33800
33803
33810
33819
33828
33836
33842
33848
33852
33858
33864
33871
33882
33884
33889
33898
33904
33911
33917
33924
33927
33935
33939
33947
33951
33955
33962
33968
33977
33984
33989
33995
34001
34009
34020
34028
34032
34039
34045
34049
34057
34061
34064
34075
34081
34089
34098
34103
34111
34114
34119
34125
34131
34136
34146
34147
34154
34163
34171
34179
34188
34195
34200
34204
34209
34216
34222
34225
34233
34241
34248
34253
34258
34262
34272
34279
34286
34292
34302
34310
34316
34320
34326
34333
34339
34346
34353
34362
34370
34377
34383
34390
34397
34401
34408
34410
34419
34424
34431
34440
34446
34449
34455
34462
34468
34475
34477
34483
34489
34496
34500
34502
34512
34519
34527
34531
34537
34542
34549
34553
34562
34568
34571
34576
34580
34587
34594
34604
34609
34615
34622
34628
34635
34641
34648
34655
34663
34667
34676
34680
34684
34688
34696
34702
34709
34715
34722
34727
34735
34738
34744
34751
34760
34769
34774
34779
34782
34788
34795
34800
34808
34813
34821
34826
34829
34835
34840
34841
34846
34854
34860
34866
34874
34881
34892
34898
34906
34913
34916
34921
34928
34934
34940
34946
34951
34958
34965
34969
34974
34979
34983
34991
34999
35003
35010
35015
35024
35030
35038
35043
35047
35053
35060
35071
35075
35082
35089
35094
35102
35108
35114
35122
35130
35135
35138
35146
35152
35160
35163
35170
35177
35186
35193
35202
35208
35214
35222
35227
35230
35233
35244
35250
35256
35262
35264
35273
35279
35287
35294
35301
35311
35313
35322
35330
35336
35341
35350
35358
35366
35372
35379
35384
35391
35398
35404
35410
35418
35424
35431
35440
35448
35460
35464
35472
35482
35489
35494
35499
35505
35512
35516
35523
35532
35540
35547
35557
35565
35573
35583
35590
35599
35606
35611
35616
35622
35629
35634
35638
35646
35653
35664
35668
35670
35676
35683
35686
35692
35699
35704
35710
35718
35728
35733
35736
35743
35750
35756
35764
35772
35778
35784
35790
35796
35801
35808
35815
35821
35827
35832
35837
35841
35844
35850
35856
35864
35872
35878
35886
35896
35899
35908
35916
35923
35931
35933
35941
35943
35948
35954
35962
35966
35970
35975
35979
35985
35995
36001
36009
36013
36020
36026
36034
36040
36045
36050
36058
36062
36068
36076
36084
36091
36099
36108
36117
36125
36134
36140
36145
36148
36152
36158
36165
36171
36177
36183
36192
36200
36205
36209
36214
36225
36227
36235
36240
36246
36253
36258
36266
36271
36276
36284
36293
36299
36306
36313
36320
36328
36334
36344
36353
36363
36369
36372
36376
36382
36391
36396
36401
36406
36415
36424
36428
36433
36439
36447
36453
36458
36465
36471
36477
36482
36488
36496
36501
36508
36512
36515
36524
36530
36535
36542
36549
36551
36556
36562
36567
36574
36581
36588
36594
36603
36606
36611
36619
36626
36631
36640
36644
36650
36657
36663
36669
36673
36677
36683
36692
36699
36703
36710
36715
36720
36727
36735
36740
36748
36755
36762
36768
36777
36782
36788
36793
36801
36809
36814
36822
36829
36837
36841
36848
36857
36865
36870
36879
36886
36891
36897
36906
36910
36917
36924
36927
36935
36941
36951
36954
36959
36962
36968
36975
36984
36991
36995
37003
37009
37015
37021
37026
37033
37040
37045
37053
37058
37063
37073
37082
37088
37094
37104
37114
37123
37127
37130
37138
37146
37153
37161
37163
37167
37174
37179
37187
37193
37204
37208
37219
37227
37235
37241
37248
37251
37261
37266
37273
37279
37286
37291
37297
37303
37306
37313
37317
37323
37330
37333
37341
37349
37358
37362
37368
37373
37382
37389
37393
37399
37407
37412
37419
37431
37433
37436
37445
37448
37456
37461
37468
37476
37481
37488
37499
37505
37510
37515
37521
37525
37531
37537
37542
37546
37554
37557
37561
37570
37576
37581
37586
37595
37600
37606
37611
37620
37625
37627
37633
37639
37645
37653
37659
37667
37673
37679
37687
37696
37702
37710
37715
37723
37732
37742
37747
37757
37767
37773
37781
37790
37792
37800
37805
37813
37822
37829
37837
37841
37847
37852
37857
37862
37868
37874
37882
37885
37889
37898
37904
37912
37919
37926
37930
37936
37944
37946
37954
37961
37964
37973
37978
37986
37994
38001
38004
38006
38015
38022
38027
38033
38035
38042
38047
38054
38061
38067
38073
38080
38087
38094
38099
38106
38111
38118
38124
38128
38131
38136
38140
38147
38152
38159
38169
38173
38182
38188
38193
38198
38203
38210
38215
38222
38225
38231
38235
38242
38248
38255
38261
38264
38273
38279
38283
38288
38296
38303
38307
38317
38322
38328
38335
38342
38349
38358
38366
38374
38379
38382
38386
38394
38401
38409
38418
38426
38431
38435
38443
38450
38454
38461
38469
38474
38481
38490
38496
38503
38510
38514
38518
38523
38529
38533
38539
38545
38552
38555
38561
38568
38573
38579
38588
38592
38598
38604
38610
38615
38622
38628
38634
38641
38650
38653
38660
38666
38673
38681
38688
38691
38699
38707
38712
38720
38724
38730
38734
38739
38746
38753
38756
38761
38767
38774
38781
38790
38795
38800
38805
38811
38815
38818
38823
38830
38841
38848
38855
38863
38867
38874
38883
38888
38893
38898
38903
38910
38914
38919
38923
38927
38932
38937
38945
38951
38962
38972
38976
38984
38990
38995
39002
39012
39020
39026
39031
39036
39041
39046
39054
39059
39063
39069
39078
39085
39092
39097
39103
39115
39120
39129
39132
39139
39148
39157
39166
39170
39177
39184
39192
39197
39206
39212
39217
39221
39228
39232
39241
39248
39255
39261
39269
39277
39285
39291
39299
39302
39307
39313
39318
39323
39328
39336
39343
39350
39356
39363
39369
39370
39376
39384
39392
39402
39410
39413
39420
39424
39428
39437
39444
39449
39455
39465
39473
39478
39485
39491
39498
39504
39510
39518
39529
39535
39540
39547
39553
39562
39565
39572
39580
39586
39595
39602
39608
39614
39622
39631
39635
39643
39652
39656
39666
39670
39676
39681
39686
39694
39700
39706
39715
39725
39734
39742
39749
39759
39762
39769
39775
39779
39789
39793
39799
39806
39811
39813
39817
39821
39826
39832
39835
39839
39844
39851
39857
39863
39872
39878
39888
39895
39900
39906
39910
39918
39924
39926
39932
39941
39950
39955
39962
39970
39979
39985
39990
39994
40002
40008
40016
40024
40028
40039
40047
40054
40062
40067
40075
40080
40088
40092
40097
40104
40112
40116
40123
40133
40137
40144
40152
40160
40167
40175
40180
40188
40192
40202
40207
40213
40220
40226
40227
40233
40238
40248
40252
40259
40262
40267
40274
40279
40285
40288
40291
40299
40304
40313
40318
40327
40332
40339
40344
40347
40354
40358
40365
40371
40380
40384
40388
40392
40397
40403
40408
40414
40420
40424
40432
40439
40447
40455
40461
40463
40472
40483
40489
40496
40503
40511
40520
40527
40529
40538
40544
40548
40556
40562
40571
40576
40581
40588
40594
40604
40606
40613
40620
40629
40635
40640
40647
40653
40657
40661
40664
40669
40675
40683
40690
40698
40707
40716
40723
40729
40740
40746
40750
40755
40759
40769
40774
40781
40792
40800
40804
40812
40820
40827
40831
40836
40843
40850
40858
40864
40870
40875
40883
40890
40895
40903
40910
40914
40918
40924
40928
40936
40939
40944
40948
40954
40962
40971
40978
40986
40991
40998
41005
41012
41017
41024
41032
41036
41040
41044
41052
41057
41065
41073
41078
41083
41087
41093
41097
41107
41115
41122
41127
41134
41138
41146
41153
41159
41166
41172
41179
41184
41193
41198
41203
41210
41215
41224
41228
41235
41240
41246
41251
41257
41266
41271
41278
41284
41293
41297
41305
41308
41311
41316
41326
41331
41338
41346
41353
41361
41366
41374
41378
41383
41390
41399
41405
41412
41417
41426
41434
41437
41439
41443
41451
41454
41458
41463
41469
41475
41483
41491
41496
41498
41507
41511
41516
41522
41526
41535
41540
41547
41555
41561
41571
41581
41588
41594
41599
41609
41617
41622
41629
41635
41643
41649
41653
41661
41668
41675
41681
41689
41696
41706
41713
41718
41724
41730
41734
41743
41750
41755
41759
41766
41775
41781
41787
41790
41796
41805
41808
41813
41819
41824
41832
41839
41843
41847
41855
41861
41870
41879
41888
41898
41905
41909
41916
41925
41932
41941
41945
41949
41958
41968
41973
41982
41989
41997
42006
42011
42017
42025
42032
42039
42047
42053
42062
42069
42078
42085
42093
42100
42105
42112
42119
42127
42136
42141
42148
42152
42157
42162
42167
42175
42181
42184
42188
42192
42198
42208
42215
42222
42231
42234
42242
42249
42254
42259
42268
42274
42282
42288
42292
42295
42306
42312
42319
42323
42330
42333
42338
42343
42346
42350
42358
42366
42372
42378
42388
42391
42399
42403
42408
42412
42420
42428
42440
42446
42454
42461
42467
42475
42481
42486
42491
42495
42502
42507
42510
42516
42524
42528
42536
42538
42544
42552
42555
42560
42566
42577
42583
42590
42593
42598
42606
42612
42618
42628
42636
42642
42650
42656
42663
42672
42677
42684
42688
42696
42704
42708
42716
42723
42727
42734
42742
42749
42754
42762
42771
42778
42784
42795
42802
42808
42816
42823
42829
42836
42843
42853
42861
42869
42877
42885
42893
42896
42902
42906
42912
42918
42926
42932
42937
42944
42949
42954
42961
42966
42971
42975
42981
42986
42992
43000
43005
43010
43016
43021
43026
43030
43034
43042
43047
43053
43059
43062
43069
43072
43078
43083
43092
43095
43101
43107
43112
43115
43118
43125
43131
43135
43139
43147
43157
43161
43168
43176
43185
43190
43196
43200
43208
43212
43220
43225
43231
43239
43247
43252
43258
43261
43266
43274
43281
43287
43293
43298
43308
43316
43321
43332
43340
43345
43351
43356
43363
43371
43379
43387
43391
43396
43404
43413
43421
43427
43432
43441
43449
43453
43458
43461
43467
43472
43480
43484
43489
43499
43508
43514
43516
43520
43529
43538
43546
43554
43559
43565
43570
43574
43580
43586
43594
43601
43604
43612
43618
43623
43628
43632
43641
43646
43654
43660
43666
43672
43678
43684
43688
43694
43699
43708
43715
43723
43730
43736
43739
43742
43750
43753
43760
43764
43773
43777
43779
43785
43790
43798
43803
43807
43813
43821
43830
43836
43842
43855
43860
43865
43871
43875
43884
43891
43898
43905
43913
43919
43926
43937
43943
43947
43951
43957
43962
43967
43973
43978
43982
43987
43991
43999
44002
44010
44019
44027
44036
44043
44050
44055
44063
44070
44075
44084
44091
44102
44109
44116
44124
44132
44142
44149
44153
44162
44167
44174
44182
44190
44198
44206
44214
44222
44228
44234
44241
44249
44252
44259
44269
44275
44280
44287
44295
44298
44305
44313
44315
44319
44325
44331
44337
44341
44350
44356
44361
44367
44374
44379
44385
44391
44397
44404
44412
44420
44425
44433
44438
44445
44450
44452
44458
44463
44471
44476
44480
44487
44494
44498
44508
44515
44521
44527
44534
44542
44548
44557
44564
44570
44575
44586
44592
44596
44601
44605
44614
44620
44627
44635
44639
44644
44651
44661
44663
44666
44673
44680
44689
44694
44701
44706
44713
44720
44727
44734
44742
44748
44753
44762
44773
44781
44785
44792
44796
44805
44812
44817
44826
44830
44838
44842
44849
44858
44863
44873
44878
44887
44896
44900
44909
44918
44925
44932
44937
44945
44950
44957
44962
44967
44969
44977
44983
44991
44995
45005
45010
45020
45027
45032
45035
45041
45046
45055
45061
45065
45070
45077
45083
45091
45096
45103
45108
45115
45123
45126
45132
45142
45145
45148
45153
45160
45169
45175
45184
45191
45198
45206
45216
45221
45228
45232
45241
45245
45254
45258
45263
45270
45276
45282
45284
45290
45297
45305
45310
45316
45320
45328
45334
45339
45346
45351
45356
45360
45366
45367
45373
45381
45390
45397
45402
45410
45414
45423
45428
45436
45444
45448
45457
45464
45470
45478
45484
45492
45498
45504
45510
45517
45524
45532
45537
45545
45550
45561
45568
45574
45581
45587
45590
45593
45599
45608
45614
45624
45632
45640
45647
45658
45668
45671
45677
45683
45690
45696
45701
45708
45715
45721
45724
45729
45733
45737
45746
45750
45759
45763
45767
45774
45780
45785
45792
45798
45805
45813
45817
45825
45832
45838
45840
45846
45851
45858
45864
45869
45872
45881
45886
45890
45897
45902
45911
45916
45919
45929
45936
45942
45945
45950
45956
45962
45968
45969
45976
45983
45989
45997
46007
46014
46023
46028
46033
46036
46043
46052
46058
46065
46072
46078
46084
46090
46099
46103
46110
46116
46120
46126
46134
46142
46147
46159
46168
46173
46181
46186
46191
46203
46212
46219
46223
46231
46238
46246
46251
46255
46263
46270
46277
46281
46287
46292
46303
46312
46318
46323
46332
46336
46341
46348
46354
46360
46367
46371
46377
46380
46386
46393
46403
46409
46415
46420
46428
46433
46442
46451
46457
46466
46475
46484
46492
46500
46508
46512
46518
46525
46531
46538
46542
46545
46549
46556
46564
46567
46574
46585
46589
46596
46600
46609
46614
46624
46631
46638
46647
46653
46657
46664
46669
46676
46681
46689
46698
46706
46711
46718
46721
46726
46730
46738
46744
46748
46749
46758
46766
46777
46784
46789
46795
46800
46806
46812
46816
46823
46833
46838
46844
46853
46858
46865
46870
46874
46879
46887
46891
46899
46905
46911
46924
46933
46942
46952
46959
46964
46972
46977
46981
46986
46992
46995
47001
47009
47016
47023
47029
47036
47041
47044
47051
47054
47061
47070
47078
47083
47089
47092
47098
47104
47115
47123
47131
47136
47143
47149
47155
47161
47166
47170
47175
47181
47186
47192
47198
47203
47209
47217
47221
47227
47234
47238
47244
47251
47256
47265
47273
47280
47287
47291
47298
47304
47311
47315
47320
47324
47332
47337
47343
47350
47353
47364
47368
47374
47382
47389
47392
47395
47401
47408
47415
47419
47425
47430
47434
47440
47445
47454
47460
47470
47478
47483
47488
47495
47501
47508
47516
47521
47527
47533
47538
47546
47550
47560
47568
47574
47582
47584
47589
47594
47599
47604
47612
47621
47628
47633
47637
47642
47649
47652
47654
47661
47672
47679
47685
47693
47703
47710
47721
47728
47734
47738
47742
47748
47753
47759
47764
47768
47774
47782
47788
47794
47802
47806
47812
47816
47825
47831
47841
47849
47855
47859
47865
47872
47878
47884
47890
47893
47898
47903
47908
47914
47921
47930
47938
47943
47948
47955
47960
47965
47972
47979
47987
47994
48000
48005
48010
48016
48023
48031
48041
48046
48054
48060
48068
48074
48082
48088
48094
48098
48102
48110
48118
48126
48131
48141
48147
48153
48159
48168
48171
48178
48184
48189
48197
48202
48210
48220
48224
48229
48234
48241
48247
48252
48256
48263
48268
48271
48277
48282
48285
48291
48298
48305
48309
48313
48321
48328
48336
48344
48353
48360
48366
48369
48377
48385
48393
48399
48404
48411
48417
48423
48427
48436
48445
48451
48459
48468
48471
48478
48484
48491
48501
48507
48515
48519
48524
48530
48536
48544
48552
48561
48572
48578
48584
48591
48597
48603
48611
48619
48624
48629
48637
48641
48646
48652
48659
48669
48676
48682
48686
48691
48698
48706
48709
48714
48722
48727
48732
48735
48745
48749
48755
48761
48769
48773
48778
48787
48797
48804
48808
48814
48819
48827
48834
48843
48849
48857
48863
48870
48876
48884
48895
48904
48905
48912
48917
48922
48931
48937
48942
48949
48954
48961
48968
48976
48982
48986
48992
48998
49002
49006
49011
49017
49024
49032
49035
49045
49054
49061
49066
49073
49078
49084
49093
49100
49109
49116
49124
49132
49140
49146
49153
49161
49168
49177
49185
49193
49201
49206
49210
49218
49224
49227
49233
49242
49250
49256
49267
49273
49282
49284
49290
49298
49306
49315
49320
49329
49337
49340
49348
49353
49360
49366
49372
49379
49385
49393
49401
49408
49415
49423
49436
49442
49446
49454
49457
49464
49471
49475
49480
49486
49491
49497
49504
49516
49524
49528
49536
49545
49549
49556
49563
49570
49578
49585
49592
49600
49605
49609
49615
49620
49630
49640
49645
49649
49655
49661
49668
49677
49681
49686
49694
49701
49704
49710
49720
49729
49734
49741
49746
49751
49757
49763
49773
49775
49783
49792
49797
49802
49807
49816
49820
49824
49830
49838
49843
49850
49856
49865
49871
49876
49883
49887
49892
49896
49901
49908
49913
49918
49924
49927
49933
49939
49943
49953
49960
49962
49971
49980
49984
49989
49996
50002
50010
50017
50024
50028
50036
50042
50047
50051
50059
50065
50073
50079
50088
50095
50099
50105
50108
50116
50122
50128
50135
50139
50145
50151
50156
50162
50169
50178
50182
50188
50196
50205
50209
50215
50224
50231
50240
50247
50254
50261
50267
50272
50275
50280
50284
50291
50296
50300
50306
50310
50318
50327
50332
50340
50348
50354
50358
50365
50373
50377
50383
50389
50396
50401
50406
50411
50418
50423
50428
50435
50442
50450
50457
50463
50471
50478
50485
50489
50496
50501
50508
50517
50521
50528
50538
50544
50551
50562
50564
50571
50581
50590
50598
50605
50612
50619
50623
50629
50634
50637
50644
50651
50660
50666
50674
50678
50684
50690
50695
50703
50710
50714
50721
50729
50737
50748
50759
50766
50771
50778
50782
50788
50796
50806
50814
50821
50827
50837
50842
50850
50859
50864
50869
50875
50881
50889
50898
50906
50914
50922
50930
50937
50945
50951
50958
50968
50975
50982
50986
50993
50998
51007
51012
51017
51024
51033
51038
51043
51049
51052
51061
51070
51075
51080
51085
51091
51097
51103
51110
51115
51120
51124
51129
51134
51141
51146
51155
51167
51173
51182
51189
51194
51200
51204
51213
51218
51225
51234
51241
51247
51251
51261
51267
51272
51277
51285
51293
51300
51307
51313
51316
51324
51334
51340
51345
51350
51356
51365
51373
51377
51383
51389
51399
51409
51413
51420
51426
51431
51434
51439
51448
51451
51456
51460
51468
51475
51479
51484
51488
51494
51501
51508
51515
51523
51528
51534
51539
51549
51558
51561
51567
51575
51581
51590
51596
51606
51613
51617
51620
51626
51634
51639
51642
51646
51650
51656
51666
51670
51682
51688
51696
51704
51708
51717
51722
51726
51732
51738
51745
51750
51752
51761
51768
51772
51781
51787
51792
51798
51805
51812
51820
51828
51835
51842
51845
51851
51855
51863
51869
51878
51885
51892
51902
51908
51912
51918
51929
51936
51941
51949
51956
51965
51973
51979
51985
51990
51998
52010
52017
52023
52026
52033
52036
52042
52049
52056
52066
52078
52086
52098
52107
52113
52121
52130
52136
52147
52156
52162
52169
52173
52182
52188
52195
52199
52205
52213
52219
52222
52229
52238
52244
52251
52255
52263
52267
52274
52282
52292
52299
