0
8
16
24
32
40
48
56
64
72
80
88
96
104
112
120
128
136
144
152
160
168
176
184
192
200
208
216
224
232
240
248
256
264
272
280
288
296
304
312
320
328
336
344
352
360
368
376
384
392
400
408
416
424
432
440
448
456
464
472
480
488
496
504
512
520
528
536
544
552
560
568
576
584
592
600
608
616
624
632
640
648
656
664
672
680
688
696
704
712
720
728
736
744
752
760
768
776
784
792
800
808
816
824
832
840
847
855
863
871
879
887
895
903
911
919
927
935
943
951
959
967
975
983
991
999
1007
1015
1023
1031
1039
1047
1055
1063
1071
1079
1087
1095
1103
1111
1119
1127
1135
1143
1151
1159
1167
1175
1183
1191
1199
1207
1215
1223
1231
1239
1247
1255
1263
1271
1279
1287
1295
1303
1311
1319
1327
1335
1343
1351
1359
1367
1375
1383
1391
1399
1407
1415
1423
1431
1439
1447
1455
1463
1471
1479
1487
1495
1503
1511
1519
1527
1535
1543
1551
1559
1567
1575
1583
1591
1599
1607
1615
1623
1631
1639
1647
1655
1663
1671
1679
1687
1695
1703
1711
1719
1727
1735
1743
1751
1759
1767
1775
1783
1791
1799
1807
1815
1823
1831
1839
1847
1855
1863
1871
1879
1887
1895
1903
1911
1919
1927
1935
1943
1951
1959
1967
1975
1983
1991
1999
2007
2015
2023
2031
2039
2047
2055
2063
2071
2079
2087
2095
2103
2111
2119
2127
2135
2143
2151
2159
2167
2175
2183
2191
2199
2207
2215
2223
2231
2239
2247
2255
2263
2271
2279
2287
2295
2303
2311
2319
2327
2335
2343
2351
2359
2367
2375
2383
2391
2399
2407
2415
2423
2431
2439
2447
2455
2463
2471
2479
2487
2495
2503
2511
2519
2527
2535
2543
2551
2559
2567
2575
2583
2591
2599
2607
2615
2623
2631
2639
2647
2655
2663
2671
2679
2687
2695
2703
2711
2719
2727
2735
2743
2751
2759
2767
2775
2783
2791
2799
2807
2815
2823
2831
2839
2847
2855
2863
2871
2879
2887
2895
2903
2911
2919
2927
2935
2943
2951
2959
2967
2975
2983
2991
2999
3007
3015
3023
3031
3039
3047
3055
3063
3071
3079
3087
3095
3103
3111
3119
3127
3135
3143
3151
3159
3167
3175
3183
3191
3199
3207
3215
3223
3231
3239
3247
3255
3263
3271
3279
3287
3295
3303
3311
3319
3327
3335
3343
3351
3359
3367
3375
3383
3391
3399
3407
3415
3423
3431
3439
3447
3455
3463
3471
3479
3487
3495
3503
3511
3519
3527
3535
3543
3551
3559
3567
3575
3583
3591
3599
3607
3615
3623
3631
3639
3647
3655
3663
3671
3679
3687
3695
3703
3711
3719
3727
3735
3743
3751
3759
3767
3775
3783
3791
3799
3807
3815
3823
3831
3839
3847
3855
3863
3871
3879
3887
3895
3903
3911
3919
3927
3935
3943
3951
3959
3967
3975
3983
3991
3999
4007
4015
4023
4031
4039
4047
4055
4063
4071
4079
4087
4095
4103
4111
4119
4127
4135
4143
4151
4159
4167
4175
4183
4191
4199
4207
4215
4223
4231
4239
4247
4255
4263
4271
4279
4287
4295
4303
4311
4319
4327
4335
4343
4351
4359
4367
4375
4383
4391
4399
4407
4415
4423
4431
4439
4447
4455
4463
4471
4479
4487
4495
4503
4511
4519
4527
4535
4543
4551
4559
4567
4575
4583
4591
4599
4607
4615
4623
4631
4639
4647
4655
4663
4671
4679
4687
4695
4703
4711
4719
4727
4735
4743
4751
4759
4767
4775
4783
4791
4799
4807
4815
4823
4831
4839
4847
4855
4863
4871
4879
4887
4895
4903
4911
4919
4927
4935
4943
4951
4959
4967
4975
4983
4991
4999
5007
5015
5023
5031
5039
5047
5055
5063
5071
5079
5087
5095
5103
5111
5119
5127
5135
5143
5151
5159
5167
5175
5183
5191
5199
5207
5215
5223
5231
5239
5247
5255
5263
5271
5279
5287
5295
5303
5311
5319
5327
5335
5343
5351
5359
5367
5375
5383
5391
5399
5407
5415
5423
5431
5439
5447
5455
5463
5471
5479
5487
5495
5503
5511
5519
5527
5535
5543
5551
5559
5567
5575
5583
5591
5599
5607
5615
5623
5631
5639
5647
5655
5663
5671
5679
5687
5695
5703
5711
5719
5727
5735
5743
5751
5759
5767
5775
5783
5791
5799
5807
5815
5823
5831
5839
5847
5855
5863
5871
5879
5887
5895
5903
5911
5919
5927
5935
5943
5951
5959
5967
5975
5983
5991
5999
6007
6015
6023
6031
6039
6047
6055
6063
6071
6079
6087
6095
6103
6111
6119
6127
6135
6143
6151
6159
6167
6175
6183
6191
6199
6207
6215
6223
6231
6239
6247
6255
6263
6271
6279
6287
6295
6303
6311
6319
6327
6335
6343
6351
6359
6367
6375
6383
6391
6399
6407
6415
6423
6431
6439
6447
6455
6463
6471
6479
6487
6495
6503
6511
6519
6527
6535
6543
6551
6559
6567
6575
6583
6591
6599
6607
6615
6623
6631
6639
6647
6655
6663
6671
6679
6687
6695
6703
6711
6719
6727
6735
6743
6751
6759
6767
6775
6783
6791
6799
6807
6815
6823
6831
6839
6847
6855
6863
6871
6879
6887
6895
6903
6911
6919
6927
6935
6943
6951
6959
6967
6975
6983
6991
6999
7007
7015
7023
7031
7039
7047
7055
7063
7071
7079
7087
7095
7103
7111
7119
7127
7135
7143
7151
7159
7167
7175
7183
7191
7199
7207
7215
7223
7231
7239
7247
7255
7263
7271
7279
7287
7295
7303
7311
7319
7327
7335
7343
7351
7359
7367
7375
7383
7391
7399
7407
7415
7423
7431
7439
7447
7455
7463
7471
7479
7487
7495
7503
7511
7519
7527
7535
7543
7551
7559
7567
7575
7583
7591
7599
7607
7615
7623
7631
7639
7647
7655
7663
7671
7679
7687
7695
7703
7711
7719
7727
7735
7743
7751
7759
7767
7775
7783
7791
7799
7807
7815
7823
7831
7839
7847
7855
7863
7871
7879
7887
7895
7903
7911
7919
7927
7935
7943
7951
7959
7967
7975
7983
7991
7999
8007
8015
8023
8031
8039
8047
8055
8063
8071
8079
8087
8095
8103
8111
8119
8127
8135
8143
8151
8159
8167
8175
8183
8191
