169
16
23
44
211
105
8
163
214
48
64
32
103
5
171
235
34
59
68
70
89
197
47
199
212
122
195
81
239
51
133
219
208
50
175
137
179
234
137
146
249
251
118
74
186
106
219
191
84
44
33
27
137
139
61
247
230
199
57
169
62
250
98
219
44
201
219
246
56
124
150
44
222
71
18
159
27
236
240
151
1
63
169
187
246
76
111
51
202
250
239
47
236
223
111
96
120
17
59
235
192
212
254
52
108
112
140
136
208
146
58
209
20
96
146
46
38
10
150
233
84
91
37
41
103
118
50
52
116
80
211
102
94
114
45
145
53
121
63
84
104
154
37
214
19
23
198
88
103
242
83
222
238
149
91
209
7
153
135
172
186
86
106
165
234
105
212
5
55
253
123
205
208
112
40
86
46
165
93
92
244
167
191
131
58
167
128
214
205
12
170
152
116
145
48
77
190
24
106
148
32
218
188
129
9
113
105
36
96
50
163
183
14
48
238
187
253
160
36
51
253
91
139
220
171
44
164
43
94
193
12
82
194
239
242
237
239
215
170
229
18
240
197
14
211
135
22
219
146
71
127
30
176
185
249
163
23
151
69
180
152
176
209
115
116
246
209
52
52
192
65
244
217
125
167
175
248
60
88
217
3
72
96
5
193
155
203
114
128
105
70
220
6
225
202
9
119
205
92
170
169
243
77
98
82
189
215
248
234
16
92
101
201
97
133
13
126
134
218
39
253
155
160
242
225
168
126
224
149
156
236
77
21
104
245
134
10
118
170
247
240
47
235
211
202
67
103
195
235
195
54
123
215
6
161
86
80
139
59
45
160
107
166
97
80
98
135
146
160
134
70
95
118
153
10
235
181
124
102
174
59
218
106
172
222
65
132
70
8
226
131
30
124
49
246
51
73
66
135
165
14
191
131
4
11
212
145
127
79
198
211
195
33
250
204
6
226
73
137
145
30
51
221
51
229
22
228
7
79
190
52
128
17
45
153
59
252
177
126
50
219
141
41
160
89
71
150
233
208
98
211
136
215
74
112
222
111
139
217
43
44
49
91
44
85
248
133
91
182
235
98
65
209
169
50
17
3
73
26
225
234
131
179
89
164
112
130
239
25
27
53
220
249
211
128
72
77
27
175
128
24
36
5
220
137
4
58
176
214
2
169
99
158
249
157
199
204
11
31
125
99
90
50
86
172
109
108
208
80
83
236
189
27
244
50
88
36
9
63
43
9
45
241
93
92
160
30
62
13
201
248
150
141
113
170
20
245
129
173
33
206
121
89
110
185
135
134
180
188
74
36
157
212
223
226
196
84
237
254
206
85
12
3
253
63
187
75
35
58
205
111
186
181
76
12
220
220
7
201
40
251
90
163
96
193
146
87
243
98
180
181
123
190
98
114
218
103
131
179
206
252
195
136
234
41
249
163
157
62
90
215
170
63
188
168
209
154
164
189
242
103
64
182
251
135
76
121
17
216
82
209
93
30
156
156
220
244
94
186
97
136
100
165
87
48
157
44
115
182
16
93
11
145
190
231
72
216
142
107
155
47
74
5
201
168
188
7
129
12
198
40
190
199
153
178
2
216
50
21
41
174
129
139
166
97
43
223
235
45
141
83
67
225
22
42
253
219
178
125
63
78
203
246
134
142
86
109
93
193
148
115
93
54
126
110
29
1
12
135
192
91
55
79
24
160
92
137
168
38
96
226
2
105
117
136
165
33
140
92
242
203
165
196
137
159
241
29
177
24
34
127
10
61
160
251
22
219
140
141
156
120
24
214
82
158
197
229
232
58
118
173
174
152
28
163
136
71
54
29
44
38
41
140
59
84
180
90
73
100
127
105
136
60
159
16
83
231
89
231
223
93
100
177
69
44
60
122
250
161
117
192
116
42
135
251
122
33
120
103
14
106
194
133
128
92
5
188
136
216
58
130
93
63
16
161
223
169
195
24
157
206
68
132
250
186
139
160
177
106
103
86
120
126
235
252
175
114
198
207
117
68
147
26
38
114
192
188
236
76
30
101
14
157
149
106
254
167
123
71
148
82
86
236
211
163
2
213
217
42
249
22
167
65
198
246
10
159
29
19
161
150
156
35
14
65
110
88
152
213
120
94
28
172
31
53
170
214
164
152
116
13
34
71
168
135
76
249
112
95
2
186
129
115
170
229
104
150
176
193
9
175
113
78
174
38
105
189
150
101
71
94
179
192
228
245
3
110
47
162
216
122
18
75
191
50
235
116
213
3
68
20
92
54
13
135
214
66
146
25
169
253
189
3
176
16
164
102
53
82
139
234
238
129
86
47
236
207
135
34
87
215
68
218
131
47
253
111
244
186
132
59
148
204
104
168
32
34
231
182
34
108
190
147
43
79
211
154
54
222
231
204
147
35
52
29
76
109
47
131
82
7
129
122
2
133
198
32
148
105
194
183
105
183
198
193
72
34
24
49
151
12
40
225
122
206
44
246
245
17
195
145
63
220
189
232
63
85
19
96
185
147
127
127
143
46
228
164
167
4
83
138
251
32
133
234
231
56
216
187
7
59
205
145
228
39
79
9
251
80
189
159
173
83
76
41
157
102
129
26
98
30
95
98
106
251
164
205
106
99
198
213
161
136
156
159
82
67
221
142
54
222
154
75
118
20
109
166
184
249
208
23
131
104
87
223
182
252
235
171
150
197
59
10
195
106
195
79
166
69
119
248
114
169
2
173
126
8
169
164
33
182
35
254
248
163
216
77
19
52
246
253
248
23
112
223
24
62
217
210
88
16
235
21
126
70
114
51
61
127
145
204
180
39
86
241
67
28
125
4
59
87
36
80
36
155
123
166
229
187
3
180
212
166
86
85
185
56
243
94
176
3
142
87
83
85
197
63
218
244
77
48
61
41
211
99
111
155
1
17
136
195
12
117
115
75
176
22
80
153
173
233
133
235
205
66
133
196
108
218
193
150
58
162
55
82
14
209
244
236
13
44
197
106
201
106
130
95
228
106
237
170
26
134
35
164
22
118
36
47
143
178
175
180
198
163
182
200
219
23
121
50
235
144
250
91
220
26
40
154
31
163
41
144
169
218
76
51
29
250
6
45
90
162
140
84
191
109
211
141
226
51
13
246
178
42
34
156
254
78
11
13
72
173
46
174
149
161
159
200
244
231
249
12
210
252
36
65
205
227
137
11
87
60
149
5
19
56
209
59
20
170
192
176
213
77
42
131
48
87
170
199
87
8
220
123
13
64
70
118
151
224
52
221
112
189
48
33
146
211
136
104
137
20
218
71
154
243
193
207
78
100
233
238
215
119
240
117
101
227
127
175
26
29
80
56
163
19
198
62
119
174
248
128
23
169
62
177
206
54
119
216
5
247
239
205
229
25
28
190
140
207
190
49
242
217
112
118
235
115
248
193
14
29
114
254
37
86
67
153
124
184
253
204
207
165
32
165
126
79
177
162
32
3
142
218
8
198
183
14
166
245
60
17
244
241
83
179
35
220
20
63
65
103
236
8
143
167
186
182
90
101
57
37
106
190
171
91
29
110
201
167
229
154
58
166
232
121
96
153
54
212
213
53
50
115
100
118
193
147
55
78
213
7
109
244
95
156
91
36
146
34
239
81
29
184
139
245
45
88
11
175
35
27
204
154
18
171
249
112
239
10
15
61
123
37
169
78
33
223
199
177
126
76
219
4
16
155
152
181
90
107
201
247
22
229
25
27
33
145
77
53
162
241
171
142
68
87
234
214
87
122
237
131
254
208
124
130
223
227
194
198
216
36
126
216
136
118
219
233
194
143
53
251
181
139
227
68
185
89
88
249
250
29
126
88
101
184
157
248
89
189
109
56
104
47
186
71
70
254
248
50
240
126
109
1
211
124
86
232
74
105
67
99
52
162
200
216
30
238
215
244
127
236
100
151
233
204
95
41
215
44
47
182
84
96
169
116
254
152
45
102
246
54
136
238
123
177
234
203
102
59
29
66
66
240
70
43
59
29
194
90
237
212
224
4
105
199
204
7
121
13
127
67
38
120
231
94
187
99
184
5
216
222
14
198
9
118
109
35
20
208
221
166
94
39
91
68
120
110
100
34
175
85
135
223
201
143
67
62
195
29
224
209
134
128
200
189
179
1
222
164
155
210
53
78
193
94
165
68
117
11
30
142
202
110
184
224
12
249
90
240
55
102
254
135
27
184
250
132
35
129
203
30
203
4
162
214
227
93
245
133
174
236
126
142
251
110
109
201
183
1
224
47
249
165
3
74
70
248
70
194
102
150
109
31
252
171
5
149
74
145
238
222
84
21
136
244
56
112
96
95
252
250
188
68
23
149
248
4
117
148
99
223
151
237
138
98
221
162
155
145
18
103
131
144
116
92
146
21
167
197
66
193
181
233
226
28
131
119
204
223
146
99
229
115
112
32
135
97
85
61
203
208
183
149
237
165
62
14
200
233
244
185
110
238
94
235
23
249
185
78
196
190
234
76
102
210
254
158
210
49
44
202
157
183
132
110
182
74
186
95
217
156
120
134
145
61
171
60
131
135
98
32
185
222
30
123
41
185
180
185
185
116
184
143
206
46
224
250
61
173
187
241
229
4
252
2
196
97
160
91
174
43
97
138
195
94
75
252
114
110
170
170
139
89
91
77
83
93
133
220
17
247
7
79
205
61
159
136
194
21
68
205
183
52
51
66
254
211
229
4
182
15
132
52
47
246
50
107
82
49
44
245
109
126
17
191
68
14
141
83
220
234
32
158
7
254
52
126
105
231
112
212
165
207
27
17
36
214
12
149
23
236
251
123
155
126
46
89
224
246
34
226
58
213
52
54
47
40
251
215
72
30
44
11
185
59
87
124
178
194
246
141
16
99
197
243
91
3
164
249
251
110
44
252
64
247
43
140
217
230
254
185
55
35
213
19
232
50
5
47
129
78
62
179
198
123
94
107
206
37
80
174
12
161
147
244
86
243
126
175
88
8
61
121
114
253
135
161
218
73
181
201
240
147
52
166
235
134
242
170
139
193
194
184
169
37
4
14
190
23
135
210
95
133
92
118
136
153
66
34
37
248
173
167
246
98
19
24
190
34
156
61
147
128
204
42
12
185
23
26
27
28
14
218
98
165
254
228
207
176
57
252
32
147
33
159
216
47
131
58
231
229
118
151
16
169
71
61
252
113
115
236
167
53
139
27
251
59
104
87
226
119
213
161
140
84
24
60
184
64
174
32
56
151
222
251
20
99
193
93
194
77
119
104
223
250
81
85
42
101
39
174
56
109
14
199
55
149
22
78
22
190
3
225
61
16
6
142
131
207
132
22
220
59
50
215
240
27
109
234
44
53
192
47
16
173
66
248
81
134
117
2
99
33
134
192
206
91
113
135
234
92
113
158
67
81
183
44
168
200
75
85
227
124
12
100
157
148
220
242
252
83
118
87
204
177
29
25
185
230
61
124
158
178
78
151
230
192
231
133
78
254
213
145
88
114
222
97
90
72
21
39
246
128
74
69
104
55
245
132
180
16
235
225
144
156
21
190
124
79
217
76
248
145
217
9
85
127
10
23
184
117
7
202
124
163
232
224
219
81
217
67
160
67
3
155
193
60
120
201
170
56
212
144
214
189
56
249
234
58
210
241
251
248
57
160
68
169
200
60
217
249
71
210
152
221
154
175
239
107
217
168
173
109
79
85
1
87
70
149
49
128
53
97
238
254
213
8
23
183
14
225
168
27
211
164
123
244
97
63
232
40
74
5
146
213
155
108
241
212
115
103
105
29
63
69
148
91
179
71
197
57
234
251
216
85
212
170
146
156
234
76
240
194
13
94
50
230
72
168
67
138
103
64
70
254
190
44
1
131
188
248
218
70
247
241
139
210
169
178
202
17
38
30
191
90
246
183
175
210
249
29
236
74
13
145
191
105
8
210
167
174
92
12
148
45
195
36
251
199
19
58
68
204
183
191
113
235
190
57
190
243
190
8
77
22
98
29
203
104
113
131
105
188
241
91
205
63
37
103
68
45
219
121
150
126
253
238
17
38
204
184
184
156
254
250
138
184
14
187
77
11
166
53
237
37
198
200
112
113
114
176
110
134
203
116
94
105
237
51
214
112
229
170
96
104
63
59
96
182
156
36
68
205
179
59
21
14
198
44
184
77
91
6
176
195
137
8
208
219
190
18
50
116
129
41
23
14
168
115
254
121
145
30
248
98
184
233
18
132
37
175
58
234
9
168
188
97
231
53
210
197
216
246
38
241
159
203
236
113
144
133
194
212
139
136
222
80
23
246
13
93
181
35
78
230
18
82
191
83
95
97
58
63
125
212
49
86
142
236
22
188
188
182
118
13
215
13
241
125
87
246
71
144
49
185
134
218
165
250
68
54
17
15
99
228
172
163
232
226
52
93
103
172
156
166
144
91
178
230
217
195
15
169
239
146
94
16
68
171
135
83
212
148
122
184
80
37
152
105
69
252
203
68
1
220
132
202
7
140
41
62
61
85
203
73
39
2
202
141
89
145
174
7
84
211
79
37
82
182
10
222
86
168
6
90
167
168
195
5
65
40
44
164
194
55
245
217
201
204
247
123
12
5
85
183
57
137
131
64
144
135
220
119
162
81
147
64
44
149
168
194
122
140
5
189
192
48
153
97
160
110
243
156
14
163
239
50
18
182
55
107
226
226
182
229
171
120
31
18
70
50
117
32
212
114
55
42
39
243
164
14
33
172
249
76
31
125
126
253
122
244
142
28
176
61
65
81
26
71
246
188
27
212
101
56
5
206
33
30
102
1
165
80
5
185
101
54
231
11
4
235
237
147
191
167
174
251
31
32
244
19
116
166
15
107
8
206
199
113
54
41
247
244
189
205
19
195
40
128
39
205
234
147
123
31
97
11
43
4
204
182
167
235
20
90
69
62
205
16
17
113
3
49
136
110
236
247
226
70
219
30
28
51
224
151
129
55
63
139
241
102
75
61
139
244
5
47
223
127
17
108
34
231
118
227
37
73
101
149
9
40
218
2
31
237
180
235
98
253
30
8
57
253
135
179
241
107
61
11
40
139
180
141
177
66
158
124
98
1
96
37
254
20
225
107
90
155
128
239
94
241
169
97
219
195
53
198
156
196
177
156
158
128
204
221
94
177
229
233
71
26
80
202
3
138
144
254
27
238
96
12
244
204
213
29
163
124
179
215
103
127
178
76
68
118
15
22
225
30
194
8
206
57
156
76
107
189
109
154
85
17
223
232
111
62
68
29
97
40
174
97
73
94
177
198
29
76
221
96
213
189
88
37
47
178
213
77
222
247
63
216
109
175
198
96
132
7
232
160
181
11
83
244
6
161
35
121
100
194
157
32
180
191
132
167
60
179
189
70
140
152
126
234
229
35
157
85
120
66
150
53
253
207
8
216
129
75
214
219
138
124
240
151
144
117
164
107
72
62
199
149
253
127
150
188
35
251
64
136
47
11
135
231
114
20
249
1
48
5
143
29
44
2
155
92
174
161
103
161
172
81
226
178
220
238
54
141
197
162
165
109
236
65
36
153
133
148
186
94
183
166
144
97
27
188
227
162
55
242
17
136
112
151
234
58
33
161
98
77
91
69
239
200
244
20
153
197
124
101
68
90
145
76
93
212
246
242
72
77
31
177
61
189
231
193
213
209
174
175
106
117
217
93
206
71
216
25
5
110
153
237
11
27
88
43
247
197
180
246
244
6
95
192
197
192
198
128
228
191
126
174
99
177
124
127
28
212
31
78
74
136
106
148
226
23
77
50
198
208
139
237
107
247
217
1
123
230
164
24
94
94
96
26
13
60
136
4
198
188
31
75
79
22
68
155
124
119
231
78
47
15
229
132
110
241
61
185
50
82
242
110
197
125
197
103
158
41
224
137
23
88
41
143
42
175
115
200
35
184
242
204
68
24
2
18
12
223
19
52
6
84
87
123
237
138
11
16
3
4
13
167
96
69
250
251
197
35
163
72
200
155
245
132
197
252
37
92
209
176
246
145
96
14
14
145
23
165
109
182
131
96
67
161
210
249
77
252
73
66
84
64
62
3
179
41
211
177
94
185
164
2
47
169
66
182
220
106
193
147
155
39
7
14
209
196
167
27
69
1
241
56
216
141
11
146
170
147
125
146
234
168
112
25
145
245
159
214
16
196
65
19
54
146
55
134
51
178
81
159
25
192
228
246
25
49
167
168
151
186
162
37
147
48
125
92
212
131
59
178
178
70
28
99
249
244
68
31
227
119
203
38
90
68
33
182
245
232
29
14
107
128
222
174
195
8
68
34
168
36
41
176
245
231
217
58
126
122
187
120
206
41
39
231
166
54
22
35
2
107
147
120
27
63
44
227
8
193
57
254
178
49
185
104
103
221
114
169
108
191
115
151
240
44
12
199
146
215
169
29
152
231
226
79
221
102
52
81
43
27
241
194
57
220
171
238
87
171
134
43
223
56
196
38
158
95
173
119
23
169
64
4
99
158
163
78
168
37
110
40
159
190
5
118
248
186
183
247
154
145
52
63
175
252
96
41
123
104
111
49
61
70
159
179
97
94
171
130
105
154
84
89
19
39
162
142
121
127
212
39
120
230
235
226
203
145
51
113
194
119
177
210
16
199
21
129
250
171
112
154
254
167
49
55
126
147
185
30
50
220
116
129
126
143
178
178
30
168
104
198
189
204
53
238
30
19
59
142
253
141
226
13
239
38
192
25
220
99
92
184
227
180
19
105
97
37
73
23
10
67
241
160
215
35
146
214
219
177
74
207
146
242
217
146
24
20
250
162
176
14
26
194
223
37
179
152
224
161
251
172
69
87
13
199
85
36
181
246
10
182
170
218
95
238
174
154
96
79
148
111
101
125
95
64
25
189
242
152
250
12
99
50
159
123
39
87
100
179
212
74
203
254
217
58
72
213
181
155
81
127
55
6
172
102
190
175
43
29
56
7
38
186
4
182
146
252
234
12
35
141
68
138
147
148
48
216
169
25
197
235
237
204
204
76
97
223
200
211
216
222
36
226
219
163
192
173
4
149
45
179
75
90
108
121
50
14
118
186
173
59
210
50
44
41
124
219
145
68
56
15
185
51
4
56
108
148
101
23
138
161
217
73
241
245
238
108
122
31
12
115
96
180
61
175
42
28
21
234
253
42
97
119
109
83
79
137
239
193
50
230
167
190
103
8
111
14
225
185
110
34
133
247
189
193
253
136
20
12
248
82
252
149
183
213
211
197
199
124
30
223
13
184
154
202
97
243
141
57
1
118
134
55
232
154
143
55
131
224
154
139
129
137
40
80
226
36
200
246
15
52
254
91
7
220
7
19
55
44
194
189
100
13
37
223
39
86
142
113
142
67
197
125
163
81
235
197
189
99
219
222
130
114
204
59
253
243
233
238
56
222
189
142
159
171
54
236
225
225
154
105
161
254
146
239
78
191
35
49
144
85
116
47
55
103
46
154
190
77
110
198
217
222
212
81
77
64
157
196
185
181
191
219
75
109
96
244
19
173
54
54
168
120
149
83
91
186
134
239
67
98
64
68
117
239
143
212
38
254
157
4
164
111
194
29
108
18
121
109
253
159
22
82
128
196
168
58
113
19
168
121
68
95
34
43
51
87
23
236
227
144
175
136
140
70
79
174
166
193
246
73
140
10
187
219
179
44
179
20
192
14
208
210
250
230
218
201
105
40
248
235
56
153
229
134
242
139
139
147
126
166
225
185
221
30
171
213
111
218
8
108
69
111
128
24
208
149
86
69
26
33
251
32
87
10
132
6
13
196
222
88
142
158
173
170
27
154
34
84
38
108
250
131
236
47
129
112
252
161
219
7
78
66
243
221
237
86
64
213
8
99
153
127
42
22
3
212
26
77
2
68
66
199
102
89
65
13
30
216
146
126
164
145
138
105
135
11
178
138
26
72
74
197
106
236
8
180
140
75
85
90
112
219
145
222
120
48
174
156
195
21
7
142
53
174
227
225
204
14
30
250
230
147
68
230
234
211
29
161
23
63
189
5
44
100
18
57
251
51
253
41
140
27
245
210
8
21
149
134
2
202
199
176
43
50
134
200
222
205
2
79
166
67
129
48
194
91
95
55
218
71
42
198
32
158
184
143
204
197
227
76
17
168
7
244
42
155
23
117
127
55
50
243
80
156
182
201
2
2
252
236
89
80
116
196
114
50
6
252
182
138
10
180
229
225
85
121
128
160
12
236
236
46
207
50
64
201
135
231
42
55
57
241
99
43
33
173
19
87
198
116
96
29
221
244
116
46
142
38
206
52
172
119
171
101
183
18
202
8
186
164
20
4
44
69
138
138
62
186
115
109
121
18
148
139
224
66
248
203
205
147
9
108
96
27
207
212
190
28
37
179
32
199
133
108
68
68
177
65
140
122
97
12
158
51
130
142
252
162
193
212
105
56
86
15
219
35
102
39
116
16
121
223
16
111
182
243
77
57
201
202
2
140
152
192
65
247
233
41
168
222
106
65
52
82
74
44
157
43
40
74
49
28
20
109
250
170
158
89
102
55
172
142
218
78
61
241
11
207
170
222
120
119
42
240
204
29
230
55
170
185
59
73
91
183
76
141
209
184
202
209
163
84
240
116
71
213
233
211
126
91
68
254
197
73
83
200
127
122
253
114
221
227
201
132
38
1
190
229
88
134
101
88
101
186
140
234
79
16
50
90
100
161
171
25
45
222
128
67
220
171
37
98
107
226
236
150
236
114
61
41
162
86
213
8
244
16
222
48
142
126
7
110
82
174
107
179
144
253
170
193
214
15
240
45
191
204
4
209
129
245
243
181
220
247
7
224
220
155
200
25
217
88
157
175
186
154
127
126
49
144
80
27
47
185
159
55
208
142
12
120
183
88
230
76
111
155
6
242
227
179
105
60
13
164
237
186
220
205
151
15
30
177
168
215
36
129
177
62
138
236
186
43
66
180
203
192
14
1
140
246
27
89
1
231
188
66
177
26
42
91
71
104
81
25
242
253
223
33
155
112
168
3
121
5
171
140
42
97
84
134
162
107
237
59
28
253
85
113
68
30
121
220
21
127
99
188
82
17
132
252
108
225
156
246
69
158
250
131
206
37
168
215
17
15
116
165
53
160
64
86
34
202
105
158
132
119
186
20
66
252
240
154
145
84
33
221
53
4
170
175
156
240
82
169
2
112
56
157
102
115
186
219
80
187
25
182
143
250
206
56
184
247
179
178
178
236
145
120
197
12
188
