106
98
205
33
67
2
21
210
60
85
188
189
217
163
56
228
132
93
180
233
247
88
84
171
250
36
4
188
222
106
151
242
103
45
119
250
70
154
82
59
70
25
121
219
250
114
233
168
51
140
136
188
145
226
55
203
45
21
106
230
57
247
95
24
184
16
217
83
227
156
25
78
153
4
18
92
183
215
117
152
128
8
203
226
191
15
77
69
23
38
248
94
37
1
32
236
29
131
180
238
41
207
196
202
112
128
69
60
47
211
187
119
133
124
111
74
146
69
130
116
69
95
254
92
69
18
249
165
226
249
245
172
247
69
169
90
101
95
109
169
242
1
74
108
71
3
122
159
249
192
9
43
214
188
250
105
5
34
46
65
200
111
222
46
240
208
170
7
149
27
149
22
220
131
91
5
247
69
251
170
210
10
181
45
39
179
100
216
233
163
33
249
186
70
195
71
15
60
58
141
79
188
33
122
245
59
139
74
19
92
76
52
70
61
55
186
114
71
74
136
224
58
10
81
170
209
242
231
149
39
34
211
129
237
75
23
205
107
185
159
214
145
52
211
164
232
242
148
177
98
60
6
70
124
77
160
74
143
239
110
19
70
206
216
236
16
11
240
148
1
234
162
190
58
234
142
124
214
36
228
77
120
221
222
174
210
189
148
78
250
59
77
13
75
121
117
205
222
172
42
50
166
14
183
1
47
171
88
15
79
232
187
147
91
112
184
209
49
161
32
69
43
80
101
220
171
168
5
83
15
186
68
58
221
160
242
155
8
74
2
238
198
154
243
137
90
62
191
205
222
15
52
10
170
8
139
26
4
176
163
144
232
72
253
5
215
167
244
11
150
170
71
18
195
228
103
106
170
186
24
72
36
60
209
226
5
22
94
38
203
143
57
177
139
146
97
230
110
140
209
203
98
30
205
176
104
51
254
201
172
111
219
74
167
234
47
31
106
29
41
193
113
125
138
183
112
184
37
71
178
34
204
138
234
240
116
2
211
159
208
87
125
147
222
141
42
175
159
29
140
130
149
21
208
139
133
143
82
78
117
145
85
108
220
24
193
84
195
49
123
54
134
31
3
105
24
184
116
151
20
199
186
55
22
189
56
182
154
247
105
74
250
8
160
135
86
243
30
229
66
40
116
155
40
152
71
90
35
62
135
121
39
151
178
61
92
122
80
131
103
213
149
80
4
168
177
103
39
169
52
13
110
223
117
50
136
114
239
61
170
175
141
128
189
185
90
124
191
68
244
212
162
226
177
160
221
209
115
98
123
50
21
201
254
232
120
51
77
101
111
253
113
197
113
66
210
98
201
249
6
173
16
88
38
11
97
220
92
24
179
10
8
164
178
184
247
115
141
215
137
198
223
107
155
31
172
107
215
29
73
232
57
131
66
63
146
108
29
17
222
122
159
134
58
163
3
160
138
213
229
208
119
196
154
174
236
214
156
253
228
182
97
226
66
170
115
69
95
10
247
248
18
62
241
226
128
155
188
226
47
96
237
152
146
121
41
234
88
26
127
11
63
187
19
88
18
158
135
246
132
50
133
7
140
139
135
14
98
71
198
92
55
118
5
210
133
58
84
147
69
175
20
47
43
47
31
228
228
167
244
249
84
221
97
44
19
63
135
234
129
142
96
133
203
114
27
221
132
48
49
252
216
100
193
230
124
211
61
104
114
251
142
72
66
98
199
197
232
29
46
173
2
158
96
139
192
76
5
155
29
192
119
9
237
204
218
104
101
141
82
98
236
167
127
63
51
109
187
159
117
235
108
209
122
16
222
101
37
80
151
174
236
29
16
245
215
191
185
107
226
196
123
10
114
204
186
122
86
253
241
175
178
87
74
235
196
253
86
176
122
215
97
230
213
177
207
224
185
93
50
239
19
98
66
65
197
120
236
76
53
34
129
143
27
162
139
54
249
100
233
111
181
24
193
35
217
110
31
128
19
221
88
15
82
52
239
7
87
181
26
8
181
78
189
136
35
72
57
252
85
35
132
142
66
77
48
37
2
1
104
209
145
73
7
217
228
192
59
124
201
36
123
98
198
137
223
250
9
156
30
18
233
97
83
135
242
52
21
212
96
228
234
112
158
78
248
4
179
64
104
39
64
234
113
241
56
98
89
202
181
156
225
124
164
47
69
122
74
35
10
209
12
162
194
206
71
181
250
245
79
217
61
33
215
199
210
5
128
98
151
203
195
92
64
233
59
249
221
250
201
121
33
129
61
100
5
94
199
127
88
76
192
226
189
187
7
253
161
127
20
30
64
132
234
93
91
55
32
153
250
62
15
200
175
144
191
39
254
52
151
121
109
29
58
61
104
208
219
