7
12
39
49
54
56
59
61
62
65
66
74
18
20
21
25
34
46
60
63
83
87
92
40
45
87
88
90
3
10
23
24
32
38
40
45
53
61
63
66
80
88
89
5
11
14
15
41
43
47
50
64
73
74
96
47
53
76
3
8
23
24
38
43
52
56
61
69
72
86
92
96
3
10
23
25
40
42
65
71
22
28
41
70
79
81
17
18
23
59
0
15
33
46
49
50
53
56
60
76
81
86
94
96
14
15
36
43
44
45
47
51
53
54
57
75
86
87
95
13
15
37
50
55
62
64
72
76
77
92
99
6
12
20
29
31
44
64
67
89
8
15
25
54
57
69
80
85
91
92
93
1
12
32
33
37
60
90
92
93
11
21
56
75
76
83
88
89
94
17
33
46
54
55
61
71
4
39
40
42
72
81
95
60
71
73
78
79
80
85
8
12
18
21
35
56
58
60
86
93
94
1
8
13
16
26
49
63
65
67
68
71
82
96
99
10
22
32
42
59
66
69
84
92
4
11
19
54
55
65
70
89
94
95
3
12
15
19
20
39
48
57
58
72
76
93
17
22
23
32
35
42
48
49
62
66
68
72
74
87
2
32
51
61
66
70
73
74
78
85
99
11
16
17
21
28
42
43
48
83
17
29
33
46
58
60
75
9
14
15
26
32
40
49
93
96
15
20
41
48
67
87
6
25
44
49
57
61
71
94
5
13
24
27
31
35
39
51
59
84
85
87
95
3
4
6
20
21
27
41
43
52
65
90
98
12
36
62
69
71
72
75
76
87
90
92
6
20
25
30
42
44
51
54
71
75
97
0
1
4
23
24
35
36
38
71
75
78
81
86
1
13
33
44
47
48
49
51
53
54
64
75
79
88
94
0
19
24
26
34
37
46
54
55
60
74
76
77
92
97
19
26
40
42
46
48
49
74
82
98
6
9
12
23
41
42
53
54
59
66
68
98
99
1
5
6
31
38
49
54
59
71
74
76
91
93
0
12
14
27
33
35
43
48
52
55
57
71
84
3
8
18
35
36
43
47
50
56
63
73
94
7
24
51
55
70
76
92
25
64
73
90
94
97
98
11
12
14
16
33
45
58
83
0
4
7
13
24
58
64
69
88
89
91
12
14
35
52
54
79
82
94
9
29
31
37
44
46
48
51
60
63
71
79
86
88
92
95
14
16
29
38
39
56
11
12
15
25
33
34
63
70
84
85
86
93
96
4
8
11
17
18
25
30
37
40
50
87
90
94
97
2
19
25
47
58
63
79
90
91
33
37
41
49
65
75
79
83
6
14
15
30
34
41
45
55
72
10
17
35
40
46
68
76
79
86
95
0
3
7
11
14
17
22
32
57
59
60
61
2
6
9
10
11
26
54
55
56
58
62
67
73
84
11
14
22
26
57
61
76
5
33
45
47
63
70
71
75
91
92
96
12
15
26
30
40
45
61
66
70
72
85
98
4
16
28
33
60
62
66
80
83
93
96
97
28
50
51
52
56
73
89
92
95
20
31
53
57
62
74
92
2
11
16
21
24
45
49
59
70
78
83
87
92
93
5
10
21
37
38
48
59
77
79
86
93
9
16
23
25
29
31
34
67
79
82
87
17
21
52
54
59
63
80
81
85
92
94
14
23
26
28
39
54
71
76
94
95
11
21
25
26
40
51
53
56
58
73
83
84
87
93
0
2
10
18
25
29
37
44
46
52
75
76
80
11
17
20
31
35
52
65
72
83
84
89
20
21
24
36
42
52
58
96
39
80
2
3
9
14
19
25
26
27
34
71
72
74
21
28
40
60
73
85
87
10
12
20
22
26
28
29
61
63
73
74
78
90
3
16
21
29
37
40
43
44
51
52
54
63
69
90
12
20
42
45
55
67
71
79
95
5
6
31
41
73
75
84
86
92
95
7
10
13
17
29
35
38
46
56
63
65
71
92
0
1
15
18
19
22
34
44
45
71
6
7
30
32
38
66
73
83
94
98
2
22
32
37
44
55
56
76
82
91
95
23
28
48
55
63
74
4
12
17
20
43
52
56
70
87
93
3
4
11
13
20
24
51
84
92
2
10
14
26
38
40
41
43
63
1
7
15
28
59
61
63
66
68
69
79
85
88
90
93
95
99
8
15
17
20
48
57
59
76
95
98
17
43
88
97
4
7
10
13
47
82
2
9
27
29
33
34
52
56
86
88
91
96
3
59
61
63
74
8
12
28
29
34
35
42
49
52
54
59
62
64
68
69
72
90
3
7
9
14
18
23
24
29
33
55
71
73
75
77
78
15
18
21
23
40
54
68
80
94
97
45
54
71
82
87
98
99
3
13
35
45
67
96
