0
1
15
16
33
39
43
44
51
59
66
68
70
79
84
5
16
28
44
57
58
59
85
86
99
2
19
33
46
48
56
61
67
78
88
1
4
14
23
26
43
72
82
3
15
18
34
37
41
43
50
55
60
72
98
7
8
15
17
19
30
41
57
60
77
3
4
12
22
28
75
79
82
83
98
7
29
39
42
47
52
58
70
74
80
95
0
5
14
24
30
43
50
55
56
69
72
84
94
5
22
40
60
65
93
99
0
1
4
16
22
34
46
50
60
85
86
14
24
36
38
56
60
70
76
82
0
4
8
9
24
33
44
46
67
68
76
78
3
8
18
22
23
41
46
59
90
9
25
30
31
54
60
89
96
2
6
11
25
36
50
77
78
90
98
4
9
14
28
49
63
26
27
29
46
59
62
93
14
26
37
47
66
69
97
9
26
37
66
78
92
2
6
10
12
20
28
30
35
41
54
99
11
18
22
23
36
37
46
51
52
59
94
2
10
18
19
35
37
51
58
61
70
77
81
83
93
3
5
11
18
22
38
58
61
73
90
96
8
27
40
58
66
67
92
97
4
7
13
15
46
59
85
86
90
98
18
39
52
62
77
83
87
93
5
13
16
18
29
39
41
51
55
62
93
8
16
31
32
38
54
70
78
80
86
0
17
28
31
34
39
45
50
53
55
81
82
84
29
36
45
51
75
91
95
37
38
39
47
52
62
93
95
96
29
55
67
68
70
75
82
91
92
94
99
10
19
27
35
55
64
71
75
80
93
99
12
27
51
52
84
86
96
99
19
23
34
39
42
48
49
56
59
64
71
75
91
92
2
7
10
29
34
55
56
74
10
33
40
57
59
69
76
4
6
11
15
30
34
39
43
55
87
1
7
11
15
16
48
49
1
20
38
46
51
53
73
75
82
95
2
20
29
32
42
47
61
64
68
0
1
12
14
19
22
24
25
63
68
83
89
92
14
21
33
41
51
61
66
84
1
25
38
45
61
63
79
82
88
91
97
6
19
29
31
48
58
99
7
10
13
24
32
37
39
40
44
52
61
76
83
88
4
11
23
24
58
76
83
91
95
2
6
9
11
30
32
49
55
57
61
68
72
75
78
79
7
14
23
42
44
51
52
60
63
70
74
17
27
67
70
72
91
8
29
34
41
46
60
77
83
99
4
28
36
57
59
75
91
96
3
9
12
23
35
42
58
64
74
76
85
87
88
3
8
21
40
42
49
52
68
70
71
73
78
82
90
93
9
12
18
25
29
31
52
82
90
25
34
38
44
47
51
61
67
77
80
96
7
10
17
19
21
22
23
28
33
37
38
40
50
56
57
61
64
67
75
84
92
21
36
61
72
88
1
11
13
30
32
33
41
45
63
80
88
11
37
44
54
57
63
64
88
12
20
21
23
24
26
28
38
39
47
53
54
83
89
1
4
10
33
36
55
76
90
1
6
12
19
30
31
38
64
66
98
3
12
22
23
25
40
42
70
73
82
83
97
30
33
44
59
75
79
87
92
93
0
5
14
28
38
42
50
51
67
85
91
92
94
99
7
17
31
48
59
60
80
81
97
4
17
55
68
76
90
95
3
9
10
13
20
47
55
62
69
5
19
25
26
30
47
55
59
11
26
27
30
31
49
60
64
65
69
81
95
96
17
21
25
30
32
33
52
58
62
75
94
11
17
29
32
57
20
21
23
28
51
52
55
58
59
70
79
82
85
93
95
2
7
30
35
49
90
99
21
29
45
46
49
72
94
5
21
39
40
46
54
67
81
94
99
27
40
54
57
61
89
15
16
23
39
51
76
0
15
34
57
70
82
83
84
97
99
2
32
37
58
62
68
84
88
89
9
13
15
27
64
91
92
2
11
12
13
20
27
31
40
48
57
77
96
98
18
25
33
38
40
44
48
56
60
74
83
95
3
55
61
74
91
92
18
43
52
54
63
64
66
67
68
76
82
35
41
45
51
65
66
88
91
92
94
1
53
81
87
93
94
0
12
16
23
25
35
55
79
86
96
98
1
8
15
16
19
53
60
61
90
92
31
34
47
49
50
61
75
86
11
27
29
41
53
60
81
85
87
89
92
94
29
35
62
70
75
77
78
86
88
89
94
28
37
52
58
85
87
89
91
96
12
24
40
45
57
66
68
69
80
89
93
10
13
28
36
42
46
47
48
55
56
88
4
20
24
30
32
38
39
51
74
79
99
3
24
58
70
76
89
10
12
13
35
39
58
75
78
82
86
99
