0
358
728
1094
1458
1826
2182
2542
2898
3257
3622
3985
4339
4698
5047
5390
5759
6114
6480
6840
7200
7563
7916
8274
8636
9001
9362
9727
10085
10449
10816
11173
11527
11886
12243
12589
12952
13317
13671
14023
14378
14743
15108
15478
15844
16197
16564
16921
17273
17634
17993
18338
18698
19052
19405
19763
20127
20478
20842
21204
21560
21924
22282
22647
22995
23360
23723
24090
24451
24808
25155
25513
25881
26245
26608
26954
27317
27673
28037
28396
28753
29114
29486
29849
30208
30564
30927
31270
31631
31974
32345
32713
33076
33439
33800
34170
34529
34898
35257
35608
35965
36324
36692
37054
37417
37782
38138
38500
38852
39215
39573
39942
40299
40647
41002
41357
41725
42092
42460
42826
43186
43552
43909
44267
44633
45002
45357
45714
46072
46432
46795
47155
47512
47875
48229
48592
48951
49322
49683
50044
50408
50774
51134
51496
51853
52208
52558
52902
53266
53623
53995
54351
54711
55078
55434
55799
56167
56535
56888
57240
57601
57964
58330
58690
59048
59399
59747
60110
60471
60841
61210
61573
61928
62278
62648
63010
63373
63735
64078
64425
64789
65156
65515
65885
66253
66613
66975
67336
67693
68060
68432
68796
69156
69508
69865
70231
70580
70940
71305
71654
72007
72354
72723
73096
73465
73822
74195
74554
74923
75286
75640
75999
76362
76708
77067
77431
77785
78146
78504
78860
79224
79580
79944
80304
80654
81024
81385
81751
82118
82480
82847
83213
83573
83933
84290
84657
85012
85357
85713
86077
86442
86796
87150
87508
87871
88228
88591
88956
89305
89677
90046
90411
90774
91139
91494
91844
92197
92567
92935
93292
93652
94016
94385
94748
95110
95481
95839
96194
96550
96924
97281
97653
98011
98368
98716
99090
99440
99799
100164
100523
100883
101245
101611
101962
102329
102693
103057
103419
103780
104139
104493
104860
105209
105577
105927
106283
106652
107016
107368
107730
108088
108452
108803
109167
109525
109875
110232
110601
110960
111324
111680
112035
112401
112765
113130
113484
113848
114213
114579
114936
115303
115668
116019
116372
116727
117082
117433
117796
118144
118513
118878
119238
119600
119955
120301
120669
121040
121389
121755
122121
122490
122855
123216
123571
123932
124279
124638
124993
125359
125717
126084
126446
126794
127147
127495
127857
128230
128594
128960
129310
129658
130022
130376
130733
131090
131453
131809
132167
132533
132890
133243
133609
133958
134321
134688
135057
135415
135769
136122
136482
136848
137206
137567
137928
138284
138663
139016
139372
139738
140100
140459
140818
141173
141539
141896
142264
142620
142980
143344
143709
144066
