0
155
298
454
588
763
904
1063
1202
1361
1513
1660
1814
1953
2112
2258
2378
2544
2666
2821
2975
3117
3257
3406
3548
3709
3855
4014
4184
4340
4481
4632
4801
4947
5105
5259
5415
5555
5720
5869
6010
6163
6310
6476
6620
6781
6927
7086
7244
7400
7546
7686
7842
7991
8130
8264
8431
8563
8719
8849
9010
9152
9295
9448
9596
9733
9885
10025
10158
10311
10460
10607
10737
10903
11059
11214
11365
11498
11642
11796
11946
12089
12231
12390
12526
12677
12822
12982
13135
13295
13445
13603
13751
13904
14045
14211
14351
14514
14670
14809
14967
15124
15257
15436
15576
15721
15874
16033
16183
16334
16490
16642
16768
16918
17078
17223
17359
17523
17677
17824
17981
18129
18259
18410
18578
18730
18879
19035
19186
19333
19483
19643
19785
19937
20070
20214
20369
20531
20679
20835
20998
21133
21272
21425
21580
21760
21914
22080
22232
22371
22527
22673
22834
22985
23145
23289
23435
23601
23743
23893
24020
24202
24358
24511
24654
24807
24974
25125
25280
25434
25598
25733
25885
26043
26182
26343
26489
26634
26778
26935
27080
27232
27382
27527
27670
27814
27961
28102
28266
28404
28546
28695
28851
29002
29160
29308
29445
29598
29754
29913
30077
30240
30384
30538
30700
30851
31011
31151
31313
31480
31624
31792
31926
32076
32220
32365
32506
32662
32822
32967
33109
33260
33410
33552
33693
33838
34014
34152
34297
34446
34612
34744
34899
35036
35184
35329
35476
35635
35781
35917
36064
36225
36369
36529
36676
36820
36976
37136
37287
37443
37583
37725
37875
38042
38205
38349
38490
38642
38789
38931
39076
39231
39380
39509
39650
39802
39947
40118
40267
40399
40536
40698
40847
40972
41125
41277
41436
41571
41709
41846
41994
42164
42313
42461
42613
42761
42916
43057
43217
43391
43527
43676
43828
43975
44109
44261
44389
44542
44696
44826
44999
45152
45296
45456
45611
45751
45901
46059
46208
46372
46516
46632
46796
46957
47101
47256
47423
47559
47695
47847
47987
48148
48288
48439
48584
48711
48844
48992
49126
49279
49429
49569
49724
49858
50000
50141
50280
50423
50565
50712
50870
51018
51165
51309
51458
51625
51789
51924
52076
52238
52394
52552
52686
52853
52981
53144
53282
53428
53586
53722
53858
54022
54165
54306
54458
54598
54743
54880
55042
55198
55336
55481
55642
55773
55930
56092
56254
56402
56550
56696
56834
56976
57129
57276
57425
57566
57713
57860
57999
58168
58317
58458
58598
58753
58905
59048
59214
59364
59510
59659
59808
59962
60096
60239
60379
60518
60669
60819
60975
61131
61275
61425
61590
61743
61896
62037
62174
62329
62483
62637
62771
62933
63088
63233
63392
63545
63694
63830
64001
64170
64317
64470
64629
64773
64926
65080
65213
65346
65502
65652
65798
65947
66091
66227
66370
66509
66667
66826
66987
67122
67272
67417
67564
67699
67843
68002
68168
68322
68476
68625
68775
68938
69096
69237
69391
69543
69696
69845
69999
70167
70322
70479
70620
70758
70901
71056
71215
71366
71519
71671
71814
71969
72121
72275
72427
72581
72734
72881
73033
73181
73322
73483
73630
73759
73907
74032
74189
74335
74482
74628
74779
