0
2013
3980
5967
7993
9962
11951
13925
15957
17909
19937
21978
23992
26000
28031
30070
32058
34018
36006
38045
40010
42113
44111
46065
48060
50100
52122
54119
56147
58203
60190
62177
64162
66141
68171
70112
72114
74095
76084
78061
80057
82060
84055
86052
88056
90013
92035
94043
96022
97993
99952
101958
103959
105980
108031
109979
111960
113966
116015
118050
120054
122038
123994
125941
127878
129920
131917
133881
135859
137838
139869
141901
143945
146014
148064
150064
152052
154081
156089
158109
160146
162169
164212
166168
168109
170105
172115
174107
176113
178070
180064
182097
184088
186055
188075
190068
192013
193994
196026
198070
200075
202093
204114
206075
208097
210136
212191
214146
216159
218178
220194
222152
224093
226100
228072
230116
232075
234073
236103
238088
240048
242049
244060
246018
248019
250072
252053
254101
256099
258192
260171
262151
264132
266113
268069
270065
272068
274029
276065
278050
280013
282033
284087
286117
288118
290131
292110
294148
296179
298178
300182
302184
304175
306207
308196
310144
312167
314223
316144
318179
320228
322216
324216
326221
328178
330168
332201
334216
336238
338164
340143
342117
344116
346171
348175
350190
352162
354173
356140
358160
360186
362193
364192
366148
368154
370127
372124
374181
376209
378209
380220
382197
384242
386237
388282
390314
392294
394279
396316
398329
400331
402325
404320
406295
408270
410270
412332
414319
416251
418259
420256
422299
424270
426291
428335
430242
432216
434243
436213
438183
440191
442211
444206
446186
448203
450222
452220
454255
456252
458251
460246
462262
464208
466210
468226
470189
472173
474208
476230
478203
480184
482186
484109
486145
488183
490145
492143
494123
496141
498144
500129
502176
504241
506283
508339
510374
512388
514382
516354
518321
520383
522356
524429
526480
528472
530430
532499
534507
536508
538504
540495
542560
544552
546541
548524
550497
552507
554515
556547
558527
560487
562445
564405
566404
568373
570350
572354
574359
576409
578372
580373
582443
584474
586510
588473
590467
592447
594483
596497
598486
600461
602480
604438
606483
608522
610498
612468
614394
616419
618384
620461
622445
624381
626434
628417
630415
632398
634433
636449
638411
640432
642390
644409
646454
648418
650386
652337
654328
656309
658273
660196
662210
664217
666243
668260
670267
672272
674263
676266
678291
680273
682258
684236
686183
688174
690159
692159
694085
696012
698021
700000
701990
703985
705994
707987
709925
711950
713974
715995
717994
720019
722028
724009
725978
727988
729962
731924
733910
735855
737792
739809
741818
743786
745802
747802
749807
751826
753766
755709
757713
759718
761728
763819
765816
767778
769778
771801
773798
775806
777791
779855
781821
783834
785800
787854
789844
791882
793914
795956
797992
799994
801966
803965
806004
808034
810055
812064
814084
816055
818058
820031
822080
824058
826039
828069
830079
832094
834103
836110
838100
840141
842101
844056
846028
848022
850002
851976
853933
855958
857917
859868
861824
863855
865864
867922
869884
871887
873842
875861
877887
879869
881914
883891
885973
887921
889850
891856
893817
895816
897794
899831
901854
903880
905989
908055
910017
912058
914067
916112
918095
920079
922028
924079
926100
928091
930075
932104
934077
936072
938055
940049
942109
944098
946076
948078
950079
952045
954028
956015
958035
960033
962072
964071
966036
967988
969990
971927
973876
975872
977852
979845
981882
983927
985867
987858
989788
991802
993849
995837
997856
999854
1001928
1003936
1005986
1008020
1010012
1012019
1013999
1015986
1017995
1019977
1021934
1023960
1025975
1028012
1029990
1031992
1033973
1036010
1038002
1039995
1042012
1044034
1045991
1047950
1049950
1051897
1053852
1055858
1057922
1059941
1061947
1063921
1065972
1067994
1069980
1071987
1073974
1075985
1077976
1079993
1082022
1084041
1086101
1088119
1090137
1092102
1094067
1096075
1098115
1100141
1102178
1104135
1106071
1108061
1110040
1112034
1114042
1116056
1117999
1119919
1121902
1123921
1125896
1127877
1129909
1131894
1133850
1135899
1137935
1139925
1141923
1143942
1145955
1147945
1149943
1151917
1153909
1155865
1157912
1159927
1161923
1163949
1165941
1167973
1169985
1171987
1173988
1175993
1177992
1179951
1181951
1183961
1185989
1188017
1190016
1192037
1194028
1196041
1198014
1200038
1202041
1204005
1205958
1207980
1210022
1212011
1214031
1215991
1218014
1219980
1221967
1223959
1225978
1227996
1229974
1231971
1233986
1235967
1237959
1240006
1241997
1243990
1246035
1248022
1250049
1252045
1254046
1256022
1258024
1260048
1262021
1264003
1266022
1268010
1270087
1272119
1274112
1276125
1278126
1280144
1282163
1284165
1286130
1288150
1290116
1292092
1294102
1296119
1298096
1300161
1302177
1304160
1306133
1308106
1310125
1312131
1314129
1316085
1318082
1320084
1322115
1324088
1326044
1328088
1330075
1332079
1334102
1336146
1338155
1340115
1342098
1344050
1346067
1348150
1350174
1352206
1354200
1356228
1358246
1360234
1362310
1364290
1366294
1368288
1370235
1372242
1374245
1376235
1378201
1380200
1382192
1384217
1386271
1388216
1390232
1392221
1394125
1396106
1398181
1400195
1402196
1404164
1406119
1408081
1410100
1412147
1414141
1416125
1418084
1420040
1421995
1423980
1425998
1428003
1429999
1432037
1434068
1436078
1438048
1440073
1442086
1444085
1446136
1448144
1450115
1452091
1454076
1456120
1458147
1460183
1462254
1464257
1466271
1468294
1470319
1472323
1474272
1476244
1478279
1480243
1482191
1484131
1486126
1488137
1490179
1492185
1494196
1496205
1498196
1500253
1502219
1504171
1506170
1508174
1510190
1512169
1514215
1516214
1518229
1520173
1522183
1524145
1526192
1528171
1530138
1532106
1534138
1536129
1538196
1540168
1542180
1544209
1546242
1548252
1550216
1552197
1554158
1556092
1558104
1560085
1562106
1564075
1566047
1568016
1569969
1571921
1573911
1575951
1577979
1580029
1582022
1583972
1585896
1587878
1589873
1591869
1593829
1595832
1597789
1599777
1601808
1603807
1605850
1607796
1609803
1611776
1613783
1615750
1617757
1619779
1621788
1623808
1625823
1627771
1629781
1631814
1633820
1635857
1637828
1639828
1641777
1643770
1645735
1647702
1649676
1651712
1653738
1655762
1657799
1659826
1661818
1663836
1665827
1667857
1669855
1671843
1673865
1675842
1677892
1679882
1681888
1683934
1685876
1687906
1689896
1691969
1694010
1696028
1697984
1699972
1701946
1703887
1705864
1707867
1709867
1711925
1713888
1715914
1717914
1719918
1721938
1723933
1725962
1727849
1729864
1731870
1733868
1735939
1737911
1739912
1741896
1743922
1745958
1747930
1749893
1751928
1753886
1755879
1757881
1759865
1761818
1763827
1765844
1767856
1769861
1771892
1773943
1775942
1777918
1779942
1781981
1783955
1785917
1787940
1790001
1791962
1793981
1795982
1797995
1799955
1801909
1803907
1805869
1807861
1809849
1811839
1813881
1815911
1817950
1819969
1821967
1823940
1825928
1827949
1829937
1831941
1833968
1835890
1837949
1839934
1842006
1844019
1845944
1847910
1849934
1851920
1853960
1855961
1857972
1860028
1862127
1864103
1866165
1868162
1870145
1872144
1874144
1876138
1878111
1880120
1882144
1884138
1886124
1888173
1890192
1892182
1894220
1896223
1898257
1900269
1902251
1904181
1906200
1908192
1910218
1912242
1914240
1916206
1918219
1920254
1922231
1924221
1926185
1928133
1930138
1932144
1934092
1936043
1938050
1940024
1942058
1944037
1946027
1947989
1949905
1951880
1953920
1955965
1957938
1959925
1961883
1963889
1965860
1967839
1969855
1971829
1973838
1975862
1977885
1979927
1981875
1983871
1985857
1987919
1989902
1991906
1993937
1995940
1997960
1999924
2001897
2003981
2005939
2007905
2009886
2011889
2013827
2015843
2017871
2019865
2021866
2023848
2025928
2027976
2029976
2031970
2033937
2035937
2037952
2039897
2041962
2043982
2045971
2047958
2049945
2051879
2053847
2055849
2057864
2059825
2061856
2063804
2065818
2067837
2069860
2071815
2073932
2076003
2078024
2080046
2081988
2083956
2085958
2087964
2089950
2091910
2093957
2096001
2097980
2099987
2102028
2104007
2106013
2107979
2109960
2112015
2113970
2115951
2117944
2119942
2121965
2124012
2126023
2128009
2130017
2131991
2133965
2135984
2138031
2140014
2141981
2143931
2145982
2147980
2149960
2151942
2153969
2155945
2157981
2159986
2162006
2163933
2165964
2168059
2170068
2172088
2173995
2175951
2177983
2180019
2182025
2184054
2186088
2188124
2190116
2192092
2194114
2196075
2198107
2200066
2202065
2204031
2206047
2208079
2210067
2212045
2214077
2216046
2218034
2220051
2222067
2224046
2226062
2228059
2230089
2232099
2234072
2236027
2237983
2239957
2241928
2243957
2245994
2248011
2250047
2252032
2254009
2256016
2257936
2259918
2261962
2263931
2265929
2267972
2270000
2271956
2274000
2275948
2277980
2279939
2281913
2283924
2285879
2287925
2289954
2291974
2294039
2296041
2298011
2300027
2301995
2304015
2305983
2308014
2310052
2312041
2314041
2316057
2318017
2320081
2322104
2324097
2326098
2328133
2330114
2332145
2334136
2336129
2338130
2340129
2342123
2344054
2346054
2348072
2350069
2352020
2354011
2356019
2357995
2359979
2362009
2364028
2366060
2368062
2370043
2372063
2374020
2376035
2378080
2380083
2382124
2384115
2386097
2388105
2390138
2392136
2394211
2396276
2398292
2400288
2402298
2404296
2406280
2408295
2410304
2412314
2414314
2416353
2418346
2420340
2422255
2424180
2426168
2428090
2430075
2432074
2434100
2436069
2438063
2440041
2441988
2444040
2446066
2448061
2450030
2452007
2454026
2455973
2457935
2459949
2462009
2464026
2465998
2467977
2469976
2471926
2473987
2475979
2477999
2479978
2481949
2483898
2485963
2487946
2489951
2491955
2493931
2495889
2497914
2499947
2501975
2503993
2505963
2507937
2509924
2511943
2513915
2515964
2517985
2519964
2521977
2523925
2525921
2527923
2529950
2531900
2533883
2535864
2537902
2539889
2541962
2543998
2546082
2548094
2550108
2552070
2553999
2555962
2558015
2560019
2562042
2563954
2565992
2567980
2570003
2572015
2574013
2576014
2578066
2580033
2582015
2584023
2586016
2588000
2589995
2591980
2594040
2596004
2597977
2599987
2602002
2604051
2606046
2608066
2610060
2612104
2614039
2615996
2617993
2619996
2621966
2623970
2625957
2627953
2629943
2631940
2633933
2635893
2637918
2639911
2641999
2644024
2646008
2647952
2649937
2651969
2653998
2655946
2657876
2659874
2661831
2663841
2665857
2667835
2669820
2671790
2673793
2675842
2677867
2679879
2681846
2683917
2685959
2687986
2690005
2692045
2694035
2696060
2698065
2700078
2702112
2704101
2706094
2708139
2710155
2712169
2714175
2716163
2718187
2720143
2722192
2724191
2726179
2728200
2730210
2732194
2734203
2736241
2738219
2740213
2742188
2744145
2746161
2748153
2750144
2752111
2754150
2756187
2758164
2760190
2762179
2764235
2766265
2768261
2770279
2772331
2774342
2776378
2778402
2780462
2782442
2784488
2786477
2788490
2790531
2792567
2794492
2796501
2798528
2800458
2802445
2804390
2806367
2808323
2810342
2812338
2814327
2816301
2818303
2820236
2822262
2824235
2826286
2828292
2830320
2832342
2834319
2836298
2838288
2840296
2842290
2844275
2846290
2848325
2850300
2852324
2854275
2856330
2858305
2860278
2862208
2864168
2866185
2868198
2870155
2872161
2874171
2876189
2878116
2880185
2882206
2884262
2886264
2888270
2890213
2892167
2894171
2896194
2898192
2900213
2902208
2904288
2906278
2908278
2910355
2912338
2914332
2916332
2918297
2920315
2922274
2924271
2926259
2928274
2930269
2932286
2934308
2936306
2938325
2940317
2942360
2944392
2946415
2948443
2950457
2952391
2954385
2956353
2958326
2960289
2962263
2964260
2966268
2968347
2970296
2972292
2974268
2976267
2978237
2980250
2982294
2984276
2986236
2988203
2990181
2992163
2994195
2996219
2998215
3000271
3002251
3004177
3006227
3008239
3010256
3012272
3014281
3016257
3018278
3020313
3022272
3024288
3026255
3028313
3030251
3032241
3034180
3036269
3038278
3040243
3042248
3044252
3046274
3048270
3050273
3052260
3054223
3056259
3058298
3060312
3062284
3064287
3066289
3068295
3070260
3072284
3074286
3076317
3078277
3080316
3082301
3084347
3086379
3088355
3090383
3092385
3094408
3096457
3098390
3100461
3102418
3104447
3106440
3108386
3110389
3112432
3114474
3116471
3118544
3120545
3122524
3124541
3126593
3128563
3130609
3132620
3134599
3136640
3138652
3140660
3142625
3144663
3146702
3148732
3150741
3152695
3154668
3156642
3158645
3160622
3162629
3164634
3166664
3168710
3170730
3172691
3174616
3176582
3178588
3180613
3182609
3184622
3186631
3188653
3190670
3192630
3194586
3196589
3198617
3200597
3202635
3204624
3206661
3208626
3210643
3212696
3214682
3216716
3218669
3220662
3222670
3224706
3226722
3228772
3230774
3232815
3234828
3236763
3238760
3240793
3242764
3244787
3246786
3248793
3250793
3252813
3254772
3256777
3258802
3260805
3262869
3264873
3266869
3268841
3270822
3272838
3274799
3276752
3278723
3280722
3282708
3284714
3286689
3288754
3290793
3292783
3294778
3296752
3298720
3300720
3302698
3304677
3306691
3308617
3310623
3312585
3314616
3316617
3318615
3320639
3322667
3324659
3326713
3328731
3330727
3332712
3334725
3336737
3338703
3340672
3342662
3344656
3346649
3348634
3350649
3352647
3354627
3356627
3358660
3360656
3362641
3364599
3366608
3368659
3370678
3372669
3374686
3376677
3378612
3380523
3382530
3384521
3386481
3388469
3390419
3392466
3394433
3396451
3398403
3400382
3402376
3404450
3406436
3408438
3410415
3412395
3414423
3416415
3418338
3420331
3422327
3424316
3426392
3428391
3430430
3432381
3434402
3436469
3438478
3440513
3442503
3444511
3446528
3448548
3450494
3452472
3454501
3456581
3458570
3460543
3462509
3464532
3466552
3468507
3470517
3472552
3474570
3476590
3478591
3480595
3482612
3484652
3486639
3488605
3490607
3492574
3494532
3496517
3498548
3500522
3502474
3504444
3506369
3508415
3510330
3512311
3514294
3516266
3518203
3520242
3522174
3524187
3526167
3528227
3530155
3532134
3534139
3536173
3538170
3540174
3542237
3544280
3546246
3548157
3550214
3552183
3554134
3556181
3558180
3560196
3562186
3564239
3566201
3568220
3570208
3572198
3574169
3576126
3578086
3580056
3582037
3584031
3586030
3588059
3590032
3592026
3594061
3596022
3598070
3600072
3602136
3604173
3606119
3608126
3610150
3612176
3614223
3616280
3618263
3620286
3622287
3624320
3626343
3628338
3630322
3632355
3634330
3636370
3638372
3640389
3642378
3644409
3646340
3648345
3650323
3652299
3654350
3656278
3658289
3660280
3662301
3664327
3666300
3668275
3670262
3672239
3674262
3676263
3678304
3680281
3682262
3684297
3686340
3688353
3690387
3692379
3694377
3696462
3698415
3700414
3702369
3704433
3706431
3708433
3710477
3712494
3714482
3716506
3718529
3720585
3722623
3724649
3726664
3728667
3730656
3732653
3734652
3736713
3738678
3740737
3742653
3744629
3746541
3748495
3750486
3752399
3754379
3756433
3758416
3760412
3762453
3764475
3766486
3768494
3770521
3772492
3774549
3776496
3778503
3780479
3782503
3784464
3786472
3788517
3790555
3792555
3794601
3796581
3798549
3800515
3802482
3804457
3806520
3808530
3810540
3812480
3814506
3816510
3818493
3820415
3822421
3824453
3826441
3828505
3830508
3832520
3834568
3836665
3838611
3840625
3842623
3844611
3846585
3848574
3850562
3852583
3854636
3856620
3858629
3860657
3862655
3864683
3866759
3868765
3870762
3872762
3874740
3876735
3878728
3880747
3882726
3884660
3886629
3888658
3890698
3892661
3894655
3896665
3898661
3900648
3902627
3904626
3906648
3908697
3910665
3912693
3914676
3916686
3918718
3920718
3922691
3924660
3926646
3928640
3930568
3932553
3934562
3936543
3938548
3940519
3942548
3944543
3946570
3948512
3950534
3952546
3954568
3956605
3958630
3960659
3962606
3964575
3966560
3968517
3970483
3972415
3974442
3976454
3978431
3980457
3982485
3984503
3986473
3988511
3990484
3992515
3994540
3996464
3998466
4000473
4002470
4004422
4006490
4008470
4010412
4012357
4014411
4016400
4018358
4020366
4022353
4024358
4026328
4028327
4030314
4032269
4034290
4036277
4038288
4040273
4042240
4044190
4046207
4048236
4050229
4052257
4054209
4056301
4058289
4060266
4062299
4064313
4066348
4068316
4070302
4072365
4074336
4076322
4078329
4080344
4082408
4084418
4086428
4088458
4090412
4092470
4094497
4096588
4098629
4100608
4102602
4104657
4106587
4108573
4110562
4112586
4114599
4116641
4118686
4120700
4122704
4124663
4126651
4128664
4130649
4132599
4134618
4136646
4138683
4140657
4142629
4144656
4146684
4148655
4150646
4152638
4154636
4156655
4158667
4160677
4162687
4164646
4166689
4168686
4170714
4172725
4174742
4176678
4178653
4180708
4182697
4184685
4186671
4188657
4190635
4192626
4194590
4196522
4198526
4200571
4202565
4204590
4206650
4208634
4210659
4212645
4214642
4216597
4218584
4220537
4222491
4224516
4226460
4228438
4230430
4232443
4234471
4236435
4238464
4240500
4242489
4244490
4246468
4248514
4250551
4252566
4254629
4256645
4258677
4260639
4262587
4264564
4266607
4268651
4270623
4272689
4274681
4276651
4278662
4280718
4282667
4284691
4286720
4288659
4290646
4292647
4294662
4296629
4298616
4300585
4302614
4304572
4306589
4308575
4310565
4312522
4314598
4316595
4318592
4320601
4322618
4324608
4326529
4328587
4330586
4332625
4334635
4336634
4338625
4340591
4342594
4344650
4346608
4348661
4350676
4352689
4354642
4356675
4358601
4360656
4362704
4364723
4366733
4368740
4370709
4372697
4374657
4376643
4378722
4380754
4382775
4384751
4386771
4388738
4390742
4392749
4394759
4396816
4398839
4400820
4402829
4404836
4406876
4408824
4410870
4412882
4414864
4416880
4418855
4420822
4422798
4424847
4426845
4428815
4430792
4432782
4434783
4436747
4438771
4440809
4442808
4444823
4446810
4448829
4450861
4452875
4454873
4456828
4458809
4460805
4462803
4464847
4466866
4468807
4470787
4472729
4474791
4476819
4478844
4480883
4482878
4484906
4486923
4488882
4490904
4492933
4494905
4496890
4498917
4500919
4502907
4504956
4506941
4508922
4510900
4512902
4514899
4516893
4518867
4520822
4522810
4524816
4526852
4528853
4530823
4532784
4534762
4536739
4538774
4540730
4542693
4544686
4546623
4548499
4550466
4552442
4554478
4556534
4558583
4560536
4562569
4564567
4566575
4568534
4570543
4572577
4574622
4576636
4578639
4580646
4582612
4584601
4586555
4588606
4590595
4592583
4594581
4596599
4598566
4600619
4602610
4604618
4606600
4608568
4610552
4612587
4614539
4616505
4618465
4620422
4622431
4624422
4626415
4628376
4630413
4632421
4634458
4636431
4638422
4640419
4642423
4644435
4646439
4648458
4650434
4652401
4654389
4656392
4658345
4660323
4662354
4664381
4666410
4668429
4670422
4672445
4674431
4676505
4678498
4680453
4682479
4684444
4686406
4688400
4690369
4692378
4694395
4696425
4698360
4700388
4702369
4704349
4706352
4708355
4710366
4712422
4714419
4716417
4718408
4720364
4722404
4724447
4726466
4728455
4730450
4732490
4734458
4736442
4738428
4740417
4742403
4744365
4746388
4748371
4750403
4752432
4754503
4756481
4758507
4760532
4762523
4764520
4766476
4768490
4770526
4772491
4774465
4776467
4778436
4780389
4782405
4784399
4786388
4788381
4790384
4792348
4794351
4796352
4798377
4800359
4802356
4804370
4806385
4808397
4810401
4812360
4814328
4816303
4818299
4820291
4822293
4824217
4826222
4828242
4830233
4832240
4834223
4836191
4838246
4840266
4842284
4844276
4846248
4848243
4850303
4852331
4854307
4856320
4858272
4860251
4862304
4864233
4866219
4868210
4870247
4872229
4874179
4876214
4878229
4880209
4882219
4884255
4886279
4888332
4890314
4892357
4894420
4896437
4898406
4900403
4902382
4904342
4906315
4908317
4910278
4912254
4914301
4916285
4918262
4920291
4922301
4924266
4926264
4928219
4930166
4932194
4934245
4936222
4938170
4940127
4942120
4944083
4945984
4947990
4949909
4951930
4953933
4955910
4957939
4959991
4962020
4963961
4965983
4967966
4969945
4971927
4973935
4975952
4978009
4979995
4982009
4984041
4986075
4988149
4990200
4992233
4994183
4996223
4998166
5000150
5002139
5004138
5006076
5008092
5010083
5012070
5014041
5016053
5018027
5019976
5022006
5023979
5025952
5027964
5029978
5031926
5033926
5035977
5038064
5040039
5042025
5044089
5046155
5048173
5050112
5052085
5054010
5056002
5058092
5060093
5062114
5064056
5066050
5068023
5070071
5072095
5074135
5076170
5078153
5080120
5082080
5084110
5086095
5088131
5090130
5092101
5094071
5096097
5098089
5100145
5102157
5104232
5106183
5108217
5110234
5112205
5114218
5116194
5118192
5120209
5122189
5124154
5126152
5128155
5130128
5132151
5134149
5136118
5138079
5140038
5142047
5144037
5146014
5148053
5150053
5152089
5154115
5156115
5158159
5160145
5162138
5164108
5166106
5168142
5170032
5171978
5174010
5176004
5178007
5180006
5181994
5184012
5186038
5188080
5190078
5192049
5194057
5196053
5198076
5200070
5202055
5204006
5205987
5207990
5209965
5211931
5213885
5215860
5217839
5219876
5221905
5223907
5225909
5227930
5229925
5231948
5233903
5235875
5237841
5239876
5241857
5243901
5245921
5247902
5249888
5251874
5253866
5255871
5257931
5259893
5261900
5263928
5265904
5267868
5269861
5271808
5273853
5275844
5277853
5279836
5281794
5283815
5285808
5287796
5289827
5291796
5293822
5295743
5297749
5299752
5301748
5303756
5305697
5307693
5309738
5311709
5313706
5315686
5317649
5319621
5321633
5323659
5325665
5327686
5329679
5331658
5333701
5335680
5337654
5339638
5341713
5343688
5345732
5347730
5349708
5351670
5353662
5355727
5357723
5359710
5361713
5363731
5365690
5367679
5369691
5371631
5373637
5375599
5377578
5379621
5381592
5383624
5385641
5387694
5389673
5391684
5393644
5395627
5397674
5399651
5401640
5403641
5405609
5407593
5409593
5411578
5413574
5415609
5417545
5419519
5421547
5423540
5425602
5427646
5429578
5431586
5433601
5435575
5437632
5439574
5441633
5443647
5445638
5447695
5449595
5451577
5453552
5455512
5457557
5459545
5461496
5463460
5465479
5467472
5469432
5471425
5473402
5475325
5477365
5479355
5481310
5483311
5485300
5487326
5489285
5491326
5493352
5495284
5497287
5499271
5501256
5503215
5505195
5507199
5509235
5511221
5513220
5515234
5517227
5519239
5521188
5523173
5525152
5527167
5529142
5531169
5533161
5535174
5537129
5539106
5541122
5543097
5545044
5547053
5549072
5551085
5553119
5555115
5557120
5559101
5561111
5563144
5565140
5567173
5569107
5571137
5573122
5575157
5577174
5579212
5581284
5583229
5585302
5587322
5589292
5591327
5593339
5595324
5597331
5599334
5601275
5603269
5605349
5607282
5609282
5611274
5613296
5615307
5617283
5619338
5621420
5623438
5625411
5627367
5629328
5631316
5633316
5635321
5637300
5639290
5641267
5643286
5645314
5647275
5649282
5651236
5653240
5655209
5657147
5659133
5661148
5663130
5665172
5667167
5669179
5671189
5673176
5675113
5677098
5679068
5681061
5683045
5685046
5687024
5689031
5691017
5692994
5695003
5696974
5699007
5701014
5702991
5705028
5706997
5709006
5711039
5713055
5715016
5717025
5719063
5721038
5723069
5725064
5727108
5729077
5731083
5733087
5735067
5737098
5739115
5741162
5743144
5745095
5747069
5749110
5751123
5753139
5755125
5757150
5759152
5761175
5763172
5765176
5767156
5769183
5771151
5773159
5775113
5777052
5779095
5781139
5783134
5785108
5787099
5789070
5791100
5793101
5795063
5797038
5798992
5801045
5803059
5805060
5807082
5809060
5811018
5813019
5814987
5816946
5818899
5820935
5822921
5824901
5826926
5828903
5830928
5832935
5834894
5836896
5838883
5840846
5842802
5844768
5846779
5848812
5850846
5852883
5854943
5856967
5858921
5860861
5862871
5864859
5866870
5868859
5870887
5872871
5874815
5876834
5878889
5880901
5882928
5884891
5886890
5888904
5890850
5892835
5894924
5896948
5898922
5900887
5902825
5904839
5906849
5908844
5910834
5912903
5914910
5916974
5919009
5920971
5923004
5924999
5926970
5928976
5931040
5933056
5935044
5937014
5939053
5941054
5943103
5945100
5947071
5949021
5950946
5952947
5954924
5956956
5958928
5960934
5962919
5964875
5966916
5968908
5970904
5972921
5974932
5976933
5978955
5980953
5982934
5984976
5986909
5988880
5990891
5992842
5994833
5996860
5998875
6000897
6002854
6004834
6006867
6008896
6010855
6012834
6014878
6016845
6018831
6020870
6022895
6024971
6027013
6028926
6030866
6032836
6034898
6036846
6038819
6040851
6042811
6044834
6046835
6048845
6050890
6052878
6054845
6056851
6058920
6060929
6062901
6064867
6066899
6068924
6070910
6072961
6074946
6076971
6078953
6080944
6082921
6084891
6086851
6088782
6090754
6092764
6094790
6096799
6098779
6100759
6102754
6104720
6106681
6108648
6110660
6112656
6114673
6116742
6118736
6120759
6122742
6124742
6126715
6128727
6130716
6132688
6134711
6136688
6138676
6140663
6142637
6144621
6146608
6148580
6150595
6152564
6154593
6156560
6158604
6160610
6162598
6164620
6166629
6168624
6170652
6172646
6174696
6176715
6178744
6180773
6182785
6184838
6186793
6188830
6190849
6192839
6194830
6196816
6198872
6200863
6202821
6204781
6206770
6208754
6210772
6212752
6214762
6216764
6218749
6220794
6222813
6224858
6226844
6228824
6230781
6232781
6234732
6236768
6238825
6240833
6242786
6244746
6246767
6248799
6250855
6252851
6254833
6256813
6258820
6260834
6262800
6264789
6266749
6268775
6270731
6272716
6274704
6276711
6278706
6280761
6282810
6284758
6286750
6288786
6290781
6292821
6294791
6296717
6298713
6300721
6302695
6304722
6306725
6308719
6310690
6312662
6314645
6316591
6318587
6320632
6322613
6324607
6326605
6328635
6330655
6332639
6334627
6336661
6338611
6340642
6342651
6344658
6346665
6348724
6350749
6352715
6354718
6356698
6358734
6360713
6362693
6364700
6366640
6368568
6370612
6372570
6374570
6376549
6378528
6380541
6382540
6384531
6386517
6388523
6390520
6392504
6394493
6396493
6398397
6400399
6402418
6404407
6406439
6408462
6410465
6412469
6414522
6416500
6418447
6420468
6422496
6424489
6426521
6428558
6430544
6432573
6434579
6436555
6438527
6440562
6442542
6444549
6446596
6448646
6450674
6452678
6454639
6456631
6458643
6460653
6462570
6464550
6466526
6468537
6470547
6472432
6474418
6476429
6478414
6480420
6482400
6484351
6486342
6488312
6490308
6492313
6494284
6496301
6498281
6500259
6502279
6504264
6506267
6508257
6510333
6512327
6514355
6516349
6518310
6520317
6522304
6524262
6526279
6528260
6530240
6532237
6534252
6536248
6538286
6540326
6542348
6544319
6546340
6548296
6550266
6552251
6554203
6556256
6558266
6560272
6562298
6564299
6566324
6568388
6570436
6572469
6574470
6576492
6578478
6580447
6582489
6584442
6586455
6588469
6590459
6592452
6594487
6596473
6598449
6600421
6602408
6604433
6606445
6608537
6610532
6612529
6614472
6616457
6618452
6620394
6622416
6624438
6626450
6628418
6630426
6632462
6634472
6636517
6638525
6640527
6642556
6644478
6646413
6648356
6650279
6652246
6654236
6656224
6658204
6660210
6662211
6664219
6666227
6668223
6670228
6672238
6674218
6676226
6678285
6680286
6682268
6684326
6686318
6688337
6690297
6692351
6694360
6696359
6698354
6700362
6702360
6704381
6706277
6708288
6710322
6712294
6714297
6716260
6718265
6720264
6722252
6724247
6726272
6728241
6730224
6732207
6734187
6736165
6738184
6740154
6742141
6744224
6746236
6748178
6750209
6752211
6754221
6756241
6758227
6760196
6762188
6764279
6766246
6768240
6770251
6772224
6774259
6776287
6778292
6780236
6782248
6784221
6786199
6788255
6790283
6792334
6794342
6796304
6798321
6800316
6802249
6804225
6806169
6808190
6810180
6812203
6814217
6816260
6818253
6820258
6822277
6824286
6826247
6828223
6830256
6832292
6834312
6836280
6838302
6840289
6842307
6844306
6846283
6848309
6850276
6852199
6854204
6856197
6858197
6860198
6862207
6864165
6866197
6868177
6870179
6872130
6874084
6876035
6878108
6880122
6882164
6884197
6886182
6888167
6890173
6892097
6894178
6896178
6898191
6900175
6902207
6904230
6906189
6908200
6910251
6912249
6914223
6916154
6918161
6920177
6922163
6924169
6926157
6928183
6930230
6932196
6934222
6936245
6938224
6940253
6942273
6944300
6946296
6948277
6950264
6952239
6954214
6956161
6958156
6960151
6962169
6964084
6966106
6968125
6970135
6972076
6974117
6976165
6978142
6980160
6982126
6984136
6986193
6988184
6990141
6992094
6994147
6996167
6998179
7000207
7002166
7004157
7006145
7008164
7010150
7012128
7014069
7016136
7018100
7020054
7022090
7024118
7026092
7028070
7030125
7032198
7034190
7036138
7038220
7040229
7042249
7044229
7046283
7048265
7050294
7052315
7054295
7056322
7058315
7060326
7062316
7064271
7066283
7068275
7070272
7072278
7074274
7076232
7078250
7080243
7082279
7084210
7086253
7088251
7090227
7092236
7094198
7096188
7098203
7100223
7102235
7104175
7106180
7108179
7110131
7112190
7114162
7116181
7118182
7120165
7122141
7124130
7126203
7128246
7130276
7132325
7134314
7136330
7138365
7140386
7142435
7144433
7146443
7148415
7150374
7152435
7154465
7156488
7158416
7160419
7162374
7164374
7166373
7168399
7170385
7172369
7174388
7176386
7178345
7180329
7182390
7184339
7186335
7188421
7190397
7192409
7194420
7196383
7198372
7200350
7202398
7204388
7206406
7208345
7210331
7212315
7214270
7216293
7218281
7220301
7222300
7224321
7226293
7228285
7230295
7232279
7234212
7236189
7238201
7240240
7242226
7244225
7246267
7248250
7250268
7252332
7254312
7256332
7258339
7260358
7262363
7264387
7266392
7268453
7270470
7272447
7274435
7276434
7278451
7280485
7282492
7284468
7286396
7288386
7290380
7292396
7294373
7296353
7298338
7300286
7302280
7304296
7306234
7308266
7310326
7312317
7314313
7316298
7318299
7320332
7322294
7324216
7326225
7328262
7330234
7332174
7334162
7336155
7338123
7340143
7342150
7344205
7346209
7348221
7350183
7352217
7354190
7356150
7358134
7360099
7362040
7364063
7366051
7368027
7369993
7371980
7373978
7375958
7378004
7380063
7382066
7383994
7385987
7387990
7389989
7391954
7393946
7395933
7397969
7400009
7402025
7404007
7405949
7407999
7409999
7411970
7413963
7415951
7417911
7419935
7421948
7423882
7425821
7427799
7429820
7431894
7433867
7435863
7437839
7439826
7441836
7443832
7445842
7447908
7449909
7451859
7453909
7455856
7457893
7459884
7461858
7463876
7465805
7467804
7469805
7471781
7473791
7475772
7477664
7479681
7481666
7483665
7485627
7487645
7489682
7491708
7493732
7495771
7497766
7499811
7501829
7503855
7505820
7507852
7509813
7511790
7513865
7515872
7517877
7519852
7521832
7523816
7525805
7527808
7529770
7531742
7533701
7535739
7537704
7539702
7541682
7543727
7545762
7547762
7549761
7551750
7553758
7555755
7557761
7559738
7561725
7563759
7565786
7567725
7569696
7571714
7573659
7575657
7577665
7579670
7581649
7583706
7585710
7587751
7589752
7591706
7593691
7595647
7597691
7599685
7601654
7603646
7605607
7607605
7609642
7611666
7613707
7615677
7617702
7619717
7621672
7623666
7625639
7627665
7629603
7631616
7633582
7635562
7637531
7639526
7641540
7643584
7645607
7647629
7649645
7651678
7653658
7655622
7657672
7659661
7661674
7663642
7665650
7667635
7669597
7671519
7673517
7675517
7677531
7679500
7681517
7683529
7685489
7687469
7689474
7691412
7693414
7695399
7697436
7699441
7701457
7703465
7705428
7707442
7709447
7711365
7713290
7715234
7717250
7719202
7721160
7723179
7725219
7727215
7729191
7731165
7733121
7735114
7737105
7739118
7741084
7743082
7745043
7747003
7749023
7750975
7752949
7754994
7757036
7759059
7761056
7763055
7764997
7767010
7768967
7770950
7772978
7774969
7776986
7778948
7780928
7782894
7784852
7786888
7788855
7790767
7792686
7794696
7796727
7798749
7800784
7802818
7804854
7806820
7808843
7810854
7812859
7814907
7816938
7818932
7820943
7822914
7824932
7826927
7828894
7830894
7832851
7834849
7836881
7838902
7840879
7842853
7844839
7846855
7848866
7850880
7852867
7854884
7856846
7858871
7860823
7862836
7864808
7866762
7868751
7870764
7872780
7874786
7876800
7878787
7880828
7882833
7884851
7886917
7888902
7890869
7892856
7894853
7896826
7898850
7900826
7902818
7904883
7906887
7908898
7910893
7912908
7914955
7916922
7918904
7920893
7922936
7924939
7926995
7928951
7930954
7932930
7934905
7936842
7938839
7940842
7942863
7944871
7946909
7948917
7950929
7952938
7954908
7956924
7958894
7960932
7962921
7964966
7966976
7968962
7970931
7972916
7974908
7976930
7978897
7980913
7982925
7984954
7986877
7988849
7990842
7992863
7994865
7996844
