0
1984
3952
5895
7910
9892
11881
13886
15883
17964
19982
21965
23935
25960
28009
30049
32019
34054
36037
38047
40020
42091
44058
46050
48044
50015
52024
53987
55950
57961
59941
61936
63942
65961
67930
69923
71928
73920
75931
77902
79920
81924
83880
85903
87943
89891
91905
93913
95918
97910
99873
101858
103827
105814
107826
109804
111807
113791
115836
117836
119874
121870
123886
125879
127870
129880
131882
133859
135865
137822
139833
141789
143789
145785
147796
149774
151742
153746
155756
157745
159721
161709
163733
165774
167761
169750
171773
173751
175739
177751
179752
181780
183750
185710
187746
189743
191769
193729
195713
197721
199700
201733
203694
205707
207722
209718
211768
213771
215789
217762
219788
221745
223793
225778
227812
229844
231844
233827
235765
237771
239773
241717
243695
245678
247648
249668
251631
253598
255612
257613
259632
261658
263701
265674
267706
269736
271783
273746
275759
277802
279789
281740
283747
285719
287736
289751
291803
293800
295788
297725
299749
301754
303776
305765
307751
309750
311706
313661
315645
317656
319654
321626
323598
325619
327634
329619
331632
333670
335649
337663
339658
341639
343696
345657
347680
349703
351631
353612
355591
357641
359659
361622
363675
365759
367744
369747
371734
373707
375658
377629
379616
381620
383594
385575
387599
389607
391605
393584
395590
397546
399552
401545
403548
405500
407486
409512
411526
413492
415497
417458
419493
421508
423499
425465
427469
429457
431439
433396
435409
437449
439427
441413
443449
445411
447390
449405
451344
453394
455362
457413
459406
461407
463412
465466
467467
469527
471541
473516
475552
477590
479567
481507
483495
485506
487460
489451
491464
493432
495431
497406
499423
501436
503423
505463
507539
509520
511541
513517
515542
517586
519556
521478
523462
525463
527553
529532
531506
533515
535475
537512
539560
541610
543552
545602
547581
549572
551563
553557
555617
557592
559578
561551
563551
565525
567493
569452
571430
573425
575406
577402
579428
581415
583461
585460
587467
589480
591470
593449
595465
597449
599467
601491
603472
605473
607498
609411
611431
613474
615445
617423
619377
621354
623358
625324
627240
629281
631258
633295
635286
637277
639337
641341
643397
645373
647431
649430
651410
653473
655503
657500
659511
661603
663645
665633
667641
669649
671664
673681
675707
677719
679753
681731
683693
685677
687651
689690
691694
693708
695733
697677
699694
701716
703674
705689
707605
709582
711572
713551
715511
717502
719504
721537
723535
725580
727549
729568
731547
733560
735518
737524
739545
741577
743647
745635
747594
749621
751562
753540
755510
757549
759572
761545
763519
765529
767479
769498
771556
773574
775576
777564
779576
781623
783694
785727
787724
789714
791743
793729
795741
797694
799680
801723
803731
805709
807701
809709
811764
813759
815729
817709
819706
821699
823719
825779
827756
829782
831785
833812
835834
837870
839857
841847
843846
845842
847845
849830
851854
853872
855898
857889
859862
861870
863848
865771
867798
869793
871831
873833
875826
877840
879852
881870
883797
885776
887789
889832
891849
893824
895790
897825
899872
901896
903876
905921
907926
909906
911865
913901
915918
917909
919939
921944
923967
926001
928028
930057
932076
934082
936089
938156
940180
942192
944185
946228
948236
950208
952225
954261
956307
958278
960292
962286
964313
966339
968363
970344
972322
974346
976333
978337
980365
982395
984380
986390
988392
990417
992435
994389
996379
998360
1000324
1002326
1004276
1006321
1008349
1010347
1012350
1014390
1016372
1018286
1020326
1022375
1024366
1026377
1028359
1030343
1032399
1034362
1036365
1038361
1040325
1042342
1044349
1046352
1048356
1050399
1052368
1054365
1056345
1058321
1060326
1062280
1064251
1066266
1068336
1070314
1072339
1074303
1076294
1078282
1080243
1082204
1084244
1086229
1088192
1090179
1092138
1094082
1096114
1098044
1100035
1102012
1104015
1105966
1107979
1109914
1111885
1113899
1115918
1117897
1119886
1121952
1123950
1125938
1127932
1129891
1131943
1133966
1135987
1138004
1140036
1142085
1144119
1146145
1148122
1150121
1152126
1154114
1156130
1158098
1160139
1162112
1164093
1166069
1168108
1170122
1172104
1174118
1176119
1178150
1180144
1182144
1184068
1186091
1188072
1190058
1192066
1194106
1196161
1198163
1200178
1202145
1204132
1206133
1208146
1210194
1212190
1214130
1216104
1218125
1220106
1222060
1224046
1226052
1228050
1230038
1232047
1234006
1236042
1238066
1240071
1242026
1244071
1246097
1248135
1250184
1252195
1254150
1256140
1258144
1260177
1262131
1264154
1266093
1268089
1270123
1272118
1274117
1276095
1278126
1280183
1282214
1284256
1286255
1288288
1290272
1292299
1294305
1296324
1298286
1300277
1302258
1304220
1306240
1308220
1310226
1312260
1314250
1316303
1318327
1320310
1322292
1324340
1326311
1328309
1330309
1332330
1334319
1336326
1338337
1340334
1342300
1344287
1346257
1348252
1350227
1352231
1354204
1356268
1358241
1360196
1362225
1364219
1366248
1368219
1370254
1372269
1374255
1376290
1378336
1380310
1382320
1384303
1386359
1388392
1390412
1392374
1394420
1396445
1398423
1400391
1402399
1404468
1406476
1408442
1410450
1412460
1414426
1416443
1418429
1420399
1422423
1424446
1426429
1428453
1430426
1432452
1434384
1436355
1438304
1440336
1442332
1444353
1446339
1448331
1450346
1452277
1454303
1456265
1458190
1460163
1462184
1464182
1466159
1468098
1470031
1471995
1474007
1476035
1478060
1480082
1482072
1484069
1486070
1488045
1490057
1492041
1494053
1496057
1498078
1500111
1502092
1504076
1506068
1508046
1510101
1512110
1514076
1516070
1518130
1520099
1522085
1524146
1526160
1528134
1530136
1532071
1534106
1536132
1538102
1540176
1542182
1544156
1546165
1548173
1550226
1552191
1554191
1556172
1558142
1560128
1562066
1564075
1566068
1568139
1570148
1572189
1574162
1576130
1578109
1580084
1582068
1584054
1586076
1588063
1590101
1592123
1594155
1596173
1598131
1600091
1602090
1604115
1606165
1608166
1610211
1612217
1614271
1616275
1618276
1620321
1622326
1624266
1626265
1628232
1630235
1632249
1634257
1636279
1638291
1640272
1642328
1644267
1646286
1648310
1650293
1652312
1654339
1656407
1658379
1660387
1662342
1664386
1666324
1668327
1670346
1672341
1674396
1676411
1678415
1680405
1682359
1684320
1686334
1688339
1690342
1692334
1694302
1696287
1698311
1700379
1702345
1704367
1706385
1708411
1710359
1712415
1714450
1716424
1718427
1720515
1722535
1724553
1726555
1728542
1730554
1732540
1734517
1736573
1738544
1740489
1742489
1744536
1746564
1748612
1750532
1752547
1754608
1756631
1758610
1760621
1762613
1764599
1766612
1768629
1770595
1772588
1774585
1776584
1778562
1780642
1782681
1784718
1786752
1788747
1790735
1792733
1794786
1796848
1798817
1800846
1802895
1804918
1806939
1808922
1810883
1812865
1814905
1816895
1818902
1820884
1822878
1824900
1826896
1828904
1830904
1833009
1835024
1836952
1839001
1841028
1842992
1844972
1846916
1848906
1850885
1852887
1854922
1856945
1858940
1860932
1862952
1864965
1866965
1868931
1870919
1872862
1874855
1876814
1878812
1880843
1882855
1884848
1886768
1888748
1890741
1892710
1894702
1896753
1898731
1900695
1902752
1904772
1906733
1908754
1910689
1912653
1914673
1916626
1918669
1920663
1922642
1924710
1926698
1928724
1930713
1932663
1934664
1936702
1938693
1940691
1942630
1944604
1946618
1948661
1950658
1952682
1954712
1956740
1958756
1960835
1962821
1964846
1966875
1968867
1970899
1972908
1974848
1976861
1978809
1980792
1982801
1984786
1986827
1988812
1990817
1992811
1994771
1996742
1998671
2000640
2002666
2004654
2006680
2008687
2010686
2012667
2014690
2016692
2018686
2020692
2022684
2024689
2026677
2028638
2030643
2032618
2034594
2036625
2038631
2040623
2042631
2044625
2046604
2048630
2050618
2052613
2054640
2056637
2058624
2060641
2062645
2064665
2066658
2068651
2070655
2072653
2074642
2076714
2078734
2080716
2082762
2084811
2086854
2088854
2090879
2092877
2094863
2096888
2098843
2100796
2102804
2104767
2106759
2108766
2110731
2112749
2114724
2116770
2118733
2120731
2122769
2124774
2126799
2128811
2130797
2132771
2134734
2136728
2138698
2140711
2142674
2144660
2146677
2148629
2150637
2152686
2154711
2156684
2158703
2160663
2162717
2164682
2166667
2168721
2170753
2172764
2174747
2176757
2178718
2180714
2182760
2184794
2186786
2188808
2190751
2192774
2194728
2196740
2198770
2200744
2202766
2204762
2206732
2208773
2210800
2212766
2214774
2216817
2218786
2220788
2222808
2224799
2226817
2228806
2230846
2232840
2234826
2236847
2238878
2240867
2242852
2244922
2246992
2249018
2251013
2252978
2254960
2256937
2258921
2260875
2262894
2264877
2266849
2268882
2270851
2272888
2274813
2276860
2278851
2280820
2282803
2284814
2286772
2288741
2290735
2292714
2294746
2296747
2298684
2300648
2302651
2304621
2306643
2308617
2310626
2312626
2314606
2316564
2318545
2320503
2322499
2324481
2326432
2328454
2330468
2332465
2334467
2336475
2338454
2340478
2342449
2344430
2346430
2348380
2350423
2352415
2354474
2356497
2358458
2360429
2362385
2364363
2366401
2368373
2370367
2372357
2374321
2376317
2378358
2380356
2382376
2384343
2386302
2388346
2390344
2392395
2394350
2396357
2398318
2400260
2402207
2404230
2406270
2408295
2410312
2412281
2414320
2416295
2418192
2420180
2422130
2424160
2426156
2428140
2430100
2432105
2434127
2436127
2438145
2440131
2442117
2444095
2446099
2448111
2450156
2452135
2454187
2456188
2458173
2460168
2462152
2464139
2466095
2468102
2470084
2472062
2474017
2475985
2477977
2479923
2481916
2483941
2486003
2487958
2489938
2491937
2493967
2495909
2497881
2499911
2501914
2503972
2505972
2507961
2509924
2511933
2513933
2515895
2517917
2519933
2521960
2523938
2525952
2527946
2529939
2531973
2533990
2535993
2537959
2539930
2541907
2543922
2545901
2547871
2549867
2551865
2553880
2555871
2557940
2559926
2561974
2563982
2565988
2568005
2570006
2572055
2574012
2576046
2577987
2579983
2582005
2584021
2586015
2587964
2589980
2591953
2593993
2595954
2598025
2599994
2602015
2604054
2606076
2608085
2610082
2612104
2614086
2616079
2618057
2620090
2622080
2624037
2626014
2628018
2630018
2632010
2634005
2635960
2637977
2639969
2641985
2643951
2645923
2647882
2649915
2651963
2654002
2655990
2657980
2660052
2662061
2664015
2666002
2667986
2669973
2671984
2674000
2675996
2678021
2679967
2681971
2684012
2686002
2687996
2690058
2692012
2693985
2695938
2697918
2699938
2701900
2703893
2705937
2707913
2709883
2711895
2713890
2715849
2717792
2719824
2721853
2723860
2725865
2727846
2729836
2731832
2733796
2735817
2737847
2739810
2741785
2743728
2745737
2747765
2749800
2751791
2753780
2755766
2757760
2759740
2761714
2763729
2765723
2767730
2769751
2771768
2773835
2775870
2777846
2779816
2781774
2783830
2785858
2787882
2789822
2791877
2793930
2795975
2797972
2799991
2802042
2804036
2805975
2807952
2809936
2811868
2813889
2815866
2817820
2819872
2821855
2823815
2825842
2827899
2829896
2831907
2833923
2835931
2837905
2839885
2841888
2843861
2845918
2847897
2849903
2851891
2853878
2855878
2857850
2859847
2861854
2863836
2865832
2867825
2869826
2871775
2873766
2875788
2877797
2879851
2881840
2883823
2885792
2887804
2889772
2891780
2893754
2895718
2897757
2899772
2901728
2903709
2905659
2907639
2909657
2911647
2913673
2915629
2917640
2919634
2921662
2923638
2925617
2927619
2929598
2931624
2933622
2935644
2937645
2939623
2941614
2943634
2945639
2947690
2949719
2951671
2953660
2955671
2957733
2959708
2961721
2963738
2965697
2967698
2969671
2971686
2973705
2975669
2977692
2979711
2981719
2983732
2985745
2987753
2989711
2991685
2993656
2995715
2997733
2999725
3001690
3003671
3005691
3007717
3009679
3011718
3013754
3015745
3017757
3019720
3021683
3023622
3025612
3027563
3029589
3031625
3033651
3035661
3037683
3039655
3041679
3043621
3045637
3047682
3049665
3051645
3053584
3055573
3057549
3059591
3061642
3063593
3065568
3067600
3069624
3071607
3073582
3075604
3077575
3079534
3081547
3083601
3085615
3087622
3089602
3091605
3093593
3095550
3097579
3099573
3101594
3103623
3105622
3107615
3109625
3111642
3113662
3115586
3117516
3119508
3121526
3123506
3125585
3127621
3129620
3131636
3133607
3135606
3137615
3139639
3141686
3143716
3145752
3147679
3149662
3151662
3153649
3155647
3157652
3159589
3161577
3163608
3165606
3167596
3169558
3171493
3173551
3175539
3177514
3179518
3181560
3183531
3185622
3187603
3189583
3191509
3193544
3195556
3197542
3199542
3201562
3203565
3205584
3207521
3209559
3211590
3213583
3215660
3217682
3219705
3221678
3223674
3225605
3227627
3229596
3231609
3233590
3235638
3237600
3239592
3241635
3243631
3245636
3247663
3249648
3251614
3253606
3255607
3257601
3259620
3261639
3263669
3265670
3267641
3269612
3271671
3273723
3275717
3277740
3279775
3281796
3283784
3285781
3287751
3289762
3291788
3293809
3295751
3297702
3299740
3301714
3303702
3305701
3307705
3309697
3311714
3313710
3315678
3317645
3319660
3321607
3323686
3325700
3327659
3329624
3331647
3333630
3335642
3337640
3339609
3341611
3343662
3345698
3347688
3349605
3351607
3353629
3355641
3357612
3359592
3361579
3363562
3365604
3367622
3369597
3371583
3373521
3375402
3377355
3379421
3381390
3383416
3385499
3387414
3389392
3391421
3393382
3395348
3397322
3399369
3401371
3403385
3405430
3407441
3409375
3411384
3413370
3415374
3417367
3419406
3421437
3423422
3425403
3427365
3429318
3431341
3433361
3435387
3437342
3439343
3441351
3443343
3445349
3447361
3449395
3451410
3453388
3455405
3457409
3459422
3461431
3463386
3465415
3467409
3469370
3471375
3473336
3475394
3477392
3479387
3481395
3483400
3485412
3487366
3489353
3491373
3493378
3495386
3497376
3499429
3501419
3503391
3505414
3507416
3509378
3511363
3513397
3515394
3517384
3519381
3521374
3523320
3525338
3527309
3529267
3531280
3533260
3535304
3537317
3539327
3541321
3543294
3545303
3547293
3549295
3551292
3553303
3555278
3557287
3559276
3561269
3563223
3565213
3567205
3569184
3571163
3573190
3575179
3577183
3579175
3581141
3583173
3585157
3587118
3589130
3591130
3593124
3595184
3597211
3599225
3601185
3603201
3605196
3607173
3609174
3611186
3613236
3615227
3617173
3619191
3621188
3623211
3625242
3627191
3629164
3631191
3633210
3635178
3637201
3639244
3641212
3643210
3645187
3647116
3649150
3651183
3653140
3655084
3657069
3659086
3661106
3663045
3665011
3667011
3669006
3670981
3672948
3674926
3676918
3678846
3680867
3682820
3684821
3686827
3688830
3690868
3692870
3694903
3696896
3698903
3700815
3702837
3704843
3706877
3708854
3710855
3712813
3714817
3716813
3718843
3720851
3722875
3724901
3726903
3728929
3730979
3732986
3735006
3737017
3739016
3740955
3742931
3744894
3746879
3748941
3750936
3752950
3754970
3757007
3759002
3761037
3763025
3764979
3767006
3769067
3771096
3773168
3775157
3777133
3779197
3781190
3783203
3785158
3787156
3789136
3791160
3793126
3795053
3797026
3798978
3801001
3802959
3804946
3806968
3808953
3810913
3812862
3814824
3816897
3818962
3820913
3822948
3824981
3827003
3828995
3831057
3833026
3835033
3837006
3838959
3840967
3843011
3844996
3847045
3849071
3851053
3853040
3855078
3857052
3859045
3861009
3862951
3864942
3866888
3868895
3870878
3872875
3874845
3876865
3878861
3880928
3883021
3885003
3886973
3888938
3890959
3892928
3894941
3897008
3898982
3900995
3903006
3905010
3907002
3908999
3911017
3913008
3914981
3916930
3918932
3920949
3922964
3924970
3926961
3928970
3931000
3932948
3934940
3936939
3939017
3940950
3942968
3944978
3946959
3948972
3950953
3953011
3954976
3956968
3958971
3960937
3962980
3964985
3967003
3968999
3970977
3972990
3974969
3976982
3979005
3981012
3983012
3985026
3986993
3988997
3990981
3993021
3995056
3997039
3999036
4001026
4003036
4005006
4006974
4008929
4010922
4012883
4014852
4016823
4018828
4020847
4022831
4024756
4026714
4028700
4030753
4032742
4034740
4036760
4038744
4040714
4042726
4044687
4046652
4048636
4050670
4052647
4054642
4056646
4058673
4060655
4062662
4064665
4066643
4068596
4070606
4072571
4074548
4076606
4078545
4080609
4082615
4084551
4086569
4088595
4090552
4092536
4094546
4096563
4098499
4100551
4102520
4104456
4106472
4108494
4110480
4112505
4114532
4116482
4118458
4120429
4122451
4124458
4126433
4128400
4130375
4132394
4134409
4136435
4138498
4140503
4142480
4144486
4146475
4148455
4150447
4152446
4154470
4156465
4158481
4160462
4162452
4164461
4166446
4168443
4170423
4172392
4174417
4176420
4178424
4180443
4182471
4184481
4186457
4188480
4190505
4192427
4194455
4196425
4198466
4200469
4202469
4204440
4206490
4208541
4210491
4212500
4214482
4216471
4218458
4220499
4222508
4224503
4226554
4228507
4230503
4232468
4234456
4236442
4238438
4240440
4242398
4244457
4246451
4248430
4250419
4252459
4254396
4256373
4258369
4260352
4262319
4264290
4266259
4268253
4270206
4272230
4274247
4276272
4278265
4280290
4282314
4284253
4286246
4288224
4290268
4292319
4294309
4296281
4298250
4300219
4302193
4304128
4306114
4308113
4310164
4312136
4314190
4316135
4318097
4320100
4322128
4324132
4326076
4328043
4330030
4332081
4334076
4336072
4338060
4340048
4342063
4344074
4346037
4348047
4350025
4352008
4354062
4356081
4358040
4360053
4362051
4364090
4366034
4368039
4370019
4372049
4374044
4376022
4377981
4379997
4381999
4383969
4385980
4387965
4389979
4392014
4394005
4396058
4398050
4400061
4402088
4404025
4405979
4407970
4409939
4411933
4413932
4415919
4417938
4419933
4421981
4423970
4425973
4428032
4430067
4432101
4434096
4436095
4438086
4440071
4442058
4444032
4446076
4448103
4450122
4452152
4454175
4456208
4458179
4460183
4462127
4464143
4466152
4468208
4470238
4472187
4474204
4476227
4478202
4480186
4482192
4484213
4486229
4488225
4490200
4492231
4494253
4496234
4498220
4500164
4502153
4504185
4506205
4508172
4510166
4512128
4514114
4516062
4518098
4520146
4522174
4524212
4526175
4528160
4530169
4532220
4534203
4536234
4538225
4540190
4542194
4544163
4546199
4548211
4550221
4552246
4554293
4556358
4558339
4560343
4562363
4564341
4566323
4568337
4570369
4572356
4574327
4576358
4578343
4580299
4582328
4584339
4586337
4588359
4590354
4592339
4594293
4596276
4598293
4600242
4602222
4604292
4606298
4608304
4610304
4612288
4614332
4616309
4618322
4620318
4622255
4624256
4626302
4628322
4630338
4632310
4634255
4636209
4638228
4640200
4642187
4644220
4646256
4648255
4650189
4652221
4654193
4656218
4658204
4660225
4662234
4664225
4666229
4668184
4670194
4672207
4674217
4676172
4678192
4680216
4682221
4684182
4686232
4688240
4690260
4692220
4694282
4696277
4698272
4700224
4702187
4704182
4706195
4708145
4710134
4712140
4714148
4716129
4718131
4720091
4722097
4724121
4726161
4728156
4730179
4732178
4734176
4736171
4738211
4740221
4742189
4744175
4746256
4748229
4750185
4752115
4754102
4756081
4758076
4760099
4762072
4764089
4766041
4768048
4770066
4772003
4773955
4775923
4777905
4779937
4781947
4783885
4785904
4787854
4789866
4791844
4793898
4795919
4797921
4799910
4801934
4803933
4805938
4807971
4809946
4811925
4813932
4815903
4817942
4819967
4821948
4823980
4826002
4828005
4830011
4832020
4833994
4835982
4837982
4839999
4842009
4844009
4846008
4847969
4849991
4851992
4854015
4856028
4858013
4860013
4861992
4863943
4865954
4867981
4870007
4872010
4873997
4876031
4877978
4879917
4881918
4883937
4885881
4887901
4889877
4891876
4893936
4895950
4897934
4899819
4901804
4903778
4905795
4907815
4909804
4911762
4913769
4915808
4917811
4919857
4921812
4923891
4925836
4927843
4929845
4931804
4933778
4935740
4937754
4939746
4941772
4943792
4945856
4947921
4949926
4951937
4954007
4956034
4958036
4960000
4962017
4963964
4965914
4967932
4969991
4971989
4974008
4976027
4977981
4979973
4981979
4983979
4985972
4987984
4989978
4992057
4994007
4995986
4998031
5000020
5002052
5004025
5006028
5008018
5010047
5011992
5014026
5016006
5017979
5019965
5021931
5023944
5025936
5027992
5030011
5032033
5033983
5035950
5037938
5039959
5041904
5043944
5045936
5047902
5049866
5051896
5053890
5055916
5057874
5059843
5061833
5063880
5065831
5067828
5069845
5071834
5073800
5075781
5077794
5079791
5081776
5083823
5085833
5087844
5089855
5091838
5093869
5095883
5097873
5099825
5101843
5103864
5105843
5107824
5109835
5111828
5113852
5115837
5117827
5119912
5121895
5123913
5125912
5127923
5129902
5131908
5133942
5135923
5137881
5139907
5141886
5143882
5145877
5147848
5149818
5151853
5153895
5155935
5157887
5159889
5161895
5163910
5165875
5167854
5169841
5171855
5173870
5175856
5177799
5179778
5181770
5183771
5185748
5187695
5189712
5191706
5193728
5195731
5197667
5199622
5201619
5203640
5205628
5207662
5209624
5211578
5213557
5215593
5217561
5219576
5221537
5223505
5225474
5227422
5229418
5231391
5233334
5235257
5237228
5239208
5241184
5243182
5245185
5247247
5249225
5251205
5253236
5255257
5257207
5259230
5261222
5263208
5265207
5267199
5269208
5271295
5273328
5275414
5277466
5279425
5281448
5283454
5285448
5287415
5289443
5291449
5293482
5295474
5297458
5299434
5301383
5303367
5305333
5307317
5309315
5311342
5313384
5315318
5317322
5319281
5321299
5323313
5325316
5327302
5329266
5331302
5333271
5335260
5337267
5339265
5341269
5343249
5345268
5347241
5349235
5351247
5353257
5355260
5357299
5359353
5361336
5363322
5365317
5367356
5369349
5371332
5373341
5375354
5377375
5379328
5381375
5383358
5385360
5387357
5389393
5391323
5393314
5395289
5397270
5399262
5401274
5403294
5405283
5407280
5409274
5411302
5413252
5415239
5417263
5419332
5421348
5423352
5425362
5427344
5429353
5431406
5433422
5435407
5437379
5439349
5441392
5443479
5445461
5447468
5449531
5451548
5453579
5455571
5457538
5459539
5461543
5463499
5465497
5467479
5469435
5471360
5473328
5475311
5477333
5479392
5481343
5483325
5485340
5487353
5489362
5491372
5493351
5495404
5497382
5499415
5501403
5503367
5505392
5507378
5509399
5511400
5513381
5515428
5517444
5519447
5521403
5523402
5525435
5527463
5529461
5531408
5533441
5535475
5537462
5539504
5541489
5543447
5545467
5547449
5549404
5551321
5553409
5555372
5557369
5559363
5561381
5563419
5565424
5567429
5569420
5571366
5573355
5575343
5577310
5579331
5581369
5583336
5585337
5587378
5589356
5591353
5593367
5595351
5597321
5599322
5601328
5603227
5605223
5607185
5609158
5611124
5613131
5615127
5617077
5619057
5621041
5623025
5625050
5627073
5629115
5631119
5633133
5635091
5637060
5639059
5641102
5643120
5645106
5647122
5649176
5651179
5653201
5655212
5657206
5659157
5661140
5663104
5665088
5667070
5669050
5671019
5672978
5674984
5676986
5678994
5681031
5683098
5685089
5687074
5689068
5691066
5693049
5695001
5696972
5698982
5700975
5702950
5704946
5706939
5708936
5710923
5712888
5714870
5716934
5718914
5720952
5723029
5725038
5727053
5729040
5731018
5733030
5735123
5737134
5739083
5741145
5743159
5745168
5747154
5749128
5751107
5753058
5755010
5757062
5759020
5761021
5763044
5765043
5767023
5769063
5771067
5773073
5775071
5777024
5779031
5781021
5783010
5785035
5787047
5789012
5791070
5792986
5794965
5796985
5798985
5800964
5802978
5804994
5806930
5808930
5810886
5812850
5814847
5816864
5818845
5820864
5822899
5824918
5826895
5828876
5830905
5832944
5834915
5836991
5838955
5840973
5842934
5844947
5846889
5848882
5850887
5852925
5854925
5856895
5858903
5860851
5862889
5864894
5866873
5868839
5870816
5872772
5874774
5876768
5878795
5880790
5882813
5884844
5886811
5888797
5890798
5892836
5894858
5896888
5898854
5900861
5902818
5904829
5906832
5908808
5910798
5912791
5914825
5916855
5918940
5920897
5922850
5924859
5926889
5928851
5930835
5932823
5934786
5936768
5938754
5940767
5942762
5944744
5946735
5948700
5950752
5952723
5954720
5956738
5958714
5960730
5962736
5964703
5966677
5968654
5970663
5972675
5974647
5976666
5978711
5980703
5982697
5984672
5986685
5988730
5990758
5992750
5994727
5996769
5998767
6000765
6002746
6004776
6006794
6008780
6010765
6012784
6014758
6016811
6018771
6020794
6022870
6024849
6026891
6028896
6030901
6032948
6034956
6036988
6038990
6040949
6042963
6044951
6046962
6048973
6050954
6052947
6054945
6056886
6058883
6060820
6062769
6064790
6066796
6068799
6070803
6072818
6074846
6076853
6078858
6080893
6082871
6084843
6086849
6088793
6090792
6092777
6094695
6096731
6098751
6100761
6102833
6104847
6106811
6108834
6110840
6112833
6114860
6116867
6118809
6120796
6122819
6124849
6126844
6128843
6130832
6132801
6134786
6136765
6138707
6140747
6142745
6144725
6146694
6148633
6150557
6152528
6154514
6156510
6158525
6160564
6162548
6164549
6166493
6168516
6170483
6172512
6174484
6176499
6178548
6180597
6182558
6184500
6186534
6188486
6190501
6192494
6194488
6196507
6198505
6200531
6202567
6204563
6206587
6208572
6210567
6212532
6214537
6216574
6218573
6220603
6222627
6224627
6226681
6228706
6230699
6232751
6234751
6236765
6238778
6240737
6242732
6244700
6246666
6248707
6250675
6252674
6254636
6256657
6258695
6260712
6262677
6264692
6266701
6268698
6270758
6272747
6274709
6276674
6278712
6280697
6282645
6284587
6286597
6288544
6290587
6292669
6294694
6296752
6298760
6300751
6302776
6304770
6306756
6308772
6310826
6312865
6314907
6316891
6318914
6320909
6322900
6324908
6326897
6328880
6330842
6332839
6334826
6336860
6338828
6340833
6342828
6344835
6346842
6348817
6350858
6352883
6354901
6356909
6358961
6360951
6362978
6364990
6366971
6369029
6371049
6373034
6375073
6377070
6379084
6381074
6383138
6385179
6387242
6389262
6391236
6393230
6395209
6397224
6399264
6401285
6403281
6405282
6407294
6409300
6411295
6413260
6415220
6417245
6419292
6421314
6423247
6425289
6427300
6429287
6431322
6433321
6435289
6437278
6439254
6441213
6443279
6445290
6447271
6449281
6451306
6453319
6455352
6457333
6459366
6461354
6463295
6465241
6467276
6469262
6471249
6473204
6475179
6477245
6479227
6481210
6483249
6485228
6487260
6489261
6491280
6493304
6495320
6497336
6499326
6501343
6503351
6505311
6507273
6509224
6511189
6513188
6515146
6517171
6519165
6521149
6523149
6525145
6527140
6529158
6531105
6533039
6535055
6537047
6539060
6541099
6543076
6545031
6547066
6549053
6551042
6553057
6555012
6557013
6559005
6560996
6562952
6565015
6566985
6569033
6571074
6573119
6575142
6577172
6579157
6581145
6583126
6585159
6587196
6589133
6591166
6593180
6595207
6597149
6599133
6601160
6603156
6605167
6607177
6609210
6611234
6613261
6615281
6617326
6619334
6621338
6623363
6625324
6627295
6629258
6631220
6633210
6635253
6637275
6639318
6641380
6643379
6645385
6647376
6649401
6651399
6653379
6655354
6657380
6659372
6661417
6663387
6665390
6667387
6669391
6671352
6673349
6675333
6677361
6679349
6681291
6683306
6685312
6687370
6689377
6691395
6693395
6695408
6697377
6699346
6701322
6703371
6705332
6707358
6709294
6711266
6713249
6715215
6717243
6719243
6721200
6723238
6725228
6727254
6729213
6731228
6733200
6735171
6737192
6739123
6741110
6743136
6745139
6747206
6749214
6751201
6753189
6755151
6757134
6759110
6761087
6763049
6765074
6767106
6769085
6771101
6773157
6775154
6777174
6779144
6781067
6783041
6785070
6787095
6789074
6791061
6793060
6795060
6797053
6799029
6801057
6803044
6805066
6807061
6809033
6811061
6813044
6815037
6817035
6819002
6821002
6822988
6825023
6827107
6829131
6831118
6833046
6835090
6837111
6839092
6841119
6843072
6845030
6847001
6849015
6851021
6853017
6855065
6857086
6859067
6861039
6863063
6865042
6867051
6869007
6871005
6873013
6875029
6877012
6878971
6880947
6882912
6884881
6886904
6888903
6890910
6892894
6894920
6896918
6898932
6900937
6902949
6904982
6907015
6908990
6910956
6912999
6915066
6917031
6919043
6921077
6923077
6925051
6927085
6929090
6931109
6933202
6935226
6937188
6939215
6941260
6943254
6945257
6947269
6949247
6951254
6953280
6955254
6957279
6959340
6961321
6963336
6965366
6967378
6969359
6971371
6973335
6975292
6977311
6979349
6981340
6983358
6985323
6987278
6989275
6991314
6993231
6995215
6997220
6999250
7001310
7003290
7005291
7007265
7009264
7011224
7013302
7015329
7017364
7019367
7021397
7023410
7025402
7027392
7029407
7031369
7033307
7035274
7037256
7039280
7041247
7043234
7045230
7047215
7049278
7051255
7053271
7055242
7057260
7059304
7061261
7063306
7065317
7067267
7069279
7071337
7073391
7075401
7077414
7079376
7081390
7083383
7085373
7087374
7089355
7091332
7093359
7095429
7097429
7099447
7101409
7103438
7105424
7107440
7109412
7111373
7113336
7115270
7117238
7119246
7121297
7123262
7125283
7127269
7129274
7131257
7133253
7135305
7137291
7139311
7141281
7143267
7145267
7147241
7149247
7151223
7153251
7155254
7157279
7159284
7161304
7163288
7165241
7167243
7169259
7171250
7173239
7175212
7177145
7179155
7181116
7183152
7185136
7187091
7189077
7191080
7193065
7195041
7197032
7199066
7201061
7203040
7205052
7207088
7209071
7211131
7213135
7215131
7217122
7219127
7221147
7223125
7225120
7227094
7229060
7231041
7233087
7235068
7237023
7239032
7241038
7243056
7245073
7247127
7249200
7251193
7253175
7255146
7257139
7259133
7261065
7263070
7265071
7267069
7269070
7271100
7273151
7275161
7277171
7279193
7281183
7283136
7285168
7287174
7289176
7291194
7293210
7295169
7297156
7299111
7301097
7303077
7305118
7307120
7309122
7311066
7313047
7315066
7317061
7319026
7321025
7323074
7325076
7327097
7329091
7331057
7333093
7335109
7337121
7339119
7341095
7343105
7345083
7347078
7349092
7351106
7353112
7355086
7357117
7359162
7361196
7363233
7365251
7367221
7369209
7371223
7373232
7375227
7377234
7379216
7381240
7383295
7385246
7387275
7389284
7391239
7393237
7395301
7397306
7399312
7401301
7403254
7405338
7407320
7409327
7411293
7413253
7415241
7417291
7419281
7421264
7423271
7425262
7427214
7429156
7431149
7433112
7435108
7437153
7439156
7441089
7443066
7445078
7447102
7449071
7451036
7453011
7455051
7457060
7459085
7461074
7463056
7465089
7467037
7469023
7471044
7473052
7475049
7477052
7479057
7481104
7483085
7485084
7487025
7489047
7491023
7492968
7494967
7497003
7499005
7501025
7502938
7504901
7506911
7508838
7510828
7512875
7514934
7516930
7518943
7520969
7522999
7524952
7526950
7528937
7530963
7532952
7534927
7536901
7538828
7540854
7542874
7544927
7546926
7548949
7551004
7553061
7555039
7557076
7559061
7561015
7562994
7564997
7567030
7569009
7571004
7573020
7575003
7577045
7579044
7581037
7583033
7585025
7586974
7588967
7590925
7592942
7594937
7596923
7598912
7600869
7602825
7604822
7606791
7608787
7610823
7612842
7614908
7616956
7618922
7620930
7622944
7624974
7627001
7629023
7631029
7633052
7635057
7637031
7639047
7641093
7643022
7645107
7647138
7649115
7651170
7653197
7655180
7657171
7659198
7661184
7663216
7665176
7667126
7669173
7671186
7673178
7675124
7677160
7679166
7681176
7683186
7685252
7687305
7689308
7691245
7693258
7695239
7697302
7699272
7701304
7703307
7705319
7707348
7709241
7711193
7713172
7715142
7717146
7719109
7721133
7723084
7725116
7727150
7729133
7731076
7733080
7735071
7737124
7739152
7741128
7743144
7745114
7747110
7749147
7751130
7753167
7755207
7757194
7759195
7761195
7763225
7765210
7767223
7769184
7771187
7773235
7775182
7777177
7779174
7781091
7783126
7785134
7787125
7789133
7791155
7793151
7795203
7797266
7799308
7801369
7803384
7805392
7807440
7809484
7811476
7813485
7815479
7817434
7819453
7821434
7823506
7825447
7827425
7829384
7831433
7833468
7835456
7837418
7839376
7841349
7843365
7845404
7847335
7849314
7851272
7853253
7855235
7857213
7859231
7861233
7863260
7865236
7867287
7869274
7871265
7873233
7875206
7877218
7879251
7881257
7883236
7885239
7887178
7889166
7891159
7893113
7895127
7897081
7899039
7901037
7903019
7905009
7907039
7909061
7911047
7913043
7915076
7916981
7919010
7921016
7923026
7924990
7926966
7928994
7931041
7933028
7935024
7937005
7939039
7940969
7942980
7945014
7947017
7949035
7951012
7952989
7954979
7956990
7958957
7960993
7962963
7964989
7966930
7968922
7970924
7972971
7974968
7976979
7979002
7981003
7982984
7985013
7986977
7988988
7991034
7992978
7995004
7997005
