94
111
246
99
169
20
53
75
160
67
185
23
163
134
98
11
87
109
168
16
232
209
40
10
204
202
5
86
102
232
221
82
114
195
54
36
58
56
105
189
102
161
50
197
183
221
210
13
212
178
174
18
212
70
154
180
220
184
138
12
222
101
191
189
247
129
36
115
125
160
64
11
216
107
45
219
22
86
187
170
89
49
123
72
238
194
105
127
117
108
127
155
163
103
247
184
53
248
98
113
68
245
203
199
77
158
219
148
10
22
216
245
29
154
47
70
5
250
126
244
128
229
45
4
78
103
26
173
233
48
85
174
236
141
74
100
252
30
29
171
74
167
52
194
242
81
135
232
250
100
111
64
6
44
40
124
210
228
183
86
128
57
110
108
112
119
247
222
95
20
69
134
23
54
117
19
231
111
86
237
30
250
39
213
106
1
234
153
26
207
214
135
152
105
4
30
156
165
84
153
180
171
190
71
110
60
132
110
131
184
94
15
152
59
43
205
69
245
8
83
56
5
51
156
218
110
59
73
174
36
234
31
181
155
116
162
219
4
131
72
109
170
233
45
58
216
15
221
204
92
36
163
159
35
168
83
209
32
249
185
27
206
46
108
5
112
176
53
54
139
195
34
163
100
106
51
64
240
94
83
12
229
173
214
183
161
19
64
75
4
79
10
88
207
126
174
181
111
140
57
17
169
176
133
56
89
163
15
243
125
129
51
213
126
43
136
48
232
218
57
22
35
150
124
21
53
34
208
10
179
173
34
221
26
35
26
149
160
33
150
254
23
120
93
231
142
34
59
226
240
119
56
113
148
116
166
30
15
10
132
173
102
213
129
210
199
207
168
44
98
57
16
153
10
126
203
91
58
167
47
55
241
194
87
91
178
44
48
225
69
242
237
236
161
243
44
178
96
160
1
110
254
83
115
170
242
201
4
171
54
205
110
94
147
21
248
223
180
193
189
144
141
225
2
45
229
56
216
173
125
131
92
217
22
112
205
31
213
182
9
82
254
14
157
49
29
172
201
163
162
197
20
129
14
140
58
119
213
140
211
119
95
82
131
238
206
148
142
73
30
69
54
115
132
191
90
37
116
122
199
100
209
57
100
127
172
31
146
33
45
191
103
89
124
52
74
85
36
189
53
7
34
136
42
147
133
135
150
170
50
217
116
90
250
71
159
104
22
173
129
43
118
44
126
64
229
252
150
67
136
17
181
112
34
59
145
224
56
3
225
249
3
186
195
190
245
2
18
27
149
228
23
101
251
217
202
185
222
156
238
6
223
247
140
243
172
33
110
121
34
154
182
144
157
197
194
219
102
16
167
64
225
87
154
238
246
57
44
131
124
247
102
225
211
221
121
34
160
254
219
60
148
202
209
73
156
228
114
180
179
188
26
177
1
34
122
146
119
128
98
138
19
238
235
12
232
136
131
4
170
177
64
210
25
114
249
116
32
223
208
232
186
77
93
197
135
231
51
169
236
137
197
139
51
141
93
227
49
48
29
252
97
222
70
65
172
40
83
174
3
48
38
111
109
13
147
187
234
228
44
234
252
244
115
31
200
218
80
178
225
177
134
155
181
8
253
187
11
152
181
32
221
8
188
156
197
33
224
219
178
218
98
17
160
29
218
109
143
30
206
199
253
16
204
94
125
26
125
223
60
18
104
100
113
185
143
198
41
93
73
77
188
186
165
228
163
193
179
88
33
178
72
82
37
159
152
249
250
83
18
158
245
172
108
28
249
215
247
36
223
33
191
130
167
225
115
105
73
201
198
173
68
117
92
40
173
124
81
227
44
179
88
23
99
100
138
158
221
88
230
140
252
138
121
222
57
84
160
119
214
192
65
4
114
56
75
10
242
33
242
30
22
82
203
108
184
165
93
238
217
143
15
96
25
56
38
96
30
52
222
220
11
244
78
1
132
177
160
84
244
180
139
183
14
101
201
57
24
177
109
40
84
16
7
83
179
246
210
171
42
50
105
2
107
221
110
144
86
55
36
75
192
149
175
80
201
182
13
117
157
59
41
48
192
183
41
229
204
80
85
22
95
87
228
119
138
253
230
131
112
28
86
181
162
234
94
56
109
195
60
81
139
231
243
2
112
36
168
155
177
55
100
75
129
182
77
113
36
31
244
192
125
156
65
11
134
167
9
131
130
242
27
82
50
239
120
161
230
3
102
189
237
127
116
51
169
5
210
237
237
162
108
33
40
37
8
185
98
20
147
98
177
58
104
10
118
107
198
226
233
94
95
146
57
139
251
80
243
249
213
195
215
107
41
23
230
43
114
43
25
127
164
110
216
161
243
156
7
105
5
210
80
148
139
63
80
249
57
214
207
126
121
14
166
12
68
86
19
19
89
28
239
216
76
10
176
186
170
81
245
245
193
102
213
113
25
110
99
9
98
62
85
130
136
139
73
46
201
253
126
56
225
90
59
70
46
253
220
145
77
96
225
201
192
216
227
75
101
29
208
230
148
12
155
222
114
91
129
221
108
195
135
136
25
204
160
182
209
153
113
96
170
75
118
200
92
62
228
14
110
230
82
171
251
122
236
29
97
108
135
159
123
241
18
225
28
225
201
248
169
132
57
122
213
110
139
199
111
137
79
60
191
197
58
1
102
169
140
48
86
199
74
101
63
225
145
127
230
153
140
123
67
7
143
70
170
59
37
6
21
145
59
21
101
3
230
103
164
120
56
80
114
66
101
39
223
232
124
168
14
114
137
236
209
90
37
241
133
126
157
107
148
125
240
102
46
32
104
248
99
23
238
220
92
183
149
84
10
188
142
24
106
50
73
180
58
152
187
206
65
191
172
47
160
216
197
204
29
199
235
99
103
241
27
25
65
21
148
109
183
22
96
31
115
225
44
224
18
152
51
110
66
246
24
140
2
88
164
177
153
84
74
171
59
151
69
81
254
197
245
33
125
209
43
178
72
192
119
143
221
137
251
168
42
29
61
149
36
50
220
232
235
197
113
83
186
244
192
169
72
43
230
9
38
178
84
219
114
82
238
71
12
218
104
34
241
207
64
35
77
55
186
187
110
251
65
79
84
6
132
76
6
43
35
35
12
144
241
150
56
195
75
21
65
16
21
14
75
155
90
181
93
73
183
105
250
146
17
196
39
61
188
184
193
160
253
9
200
223
253
209
253
66
15
19
92
121
201
246
220
103
249
145
209
140
89
47
194
140
170
123
133
182
92
249
145
9
73
6
173
76
149
109
188
95
186
151
13
26
80
190
144
57
202
63
79
69
84
225
104
115
107
56
159
191
17
121
102
138
225
142
42
199
60
9
211
139
75
178
50
160
212
39
158
57
153
224
64
244
204
87
154
177
245
232
29
163
171
128
226
178
10
154
123
85
105
131
170
198
79
252
224
89
222
111
77
194
180
20
184
116
254
109
178
129
130
203
64
168
91
72
240
31
208
120
41
251
94
135
71
49
41
86
93
37
104
179
171
3
174
195
77
228
47
73
182
49
51
119
64
168
234
74
113
32
96
142
156
95
166
85
9
148
228
143
103
194
62
243
186
254
42
58
9
152
215
74
120
2
16
22
208
96
196
11
13
101
46
63
16
166
202
37
148
74
153
157
94
225
169
58
3
235
242
159
183
24
45
15
129
87
203
60
98
30
59
233
135
36
50
79
155
56
15
96
165
252
182
89
63
85
161
115
14
46
233
251
216
66
252
72
205
84
74
103
20
17
243
71
176
163
165
233
22
106
194
89
227
70
10
121
204
181
141
213
227
26
232
21
206
130
128
133
224
43
46
177
123
47
239
5
253
39
59
64
223
165
109
219
124
4
142
122
59
98
116
141
28
16
8
241
225
144
174
192
139
240
163
51
144
188
146
91
54
90
91
12
80
187
244
118
193
36
163
73
206
114
226
48
51
154
78
228
166
5
139
99
180
168
50
70
11
240
62
164
94
160
72
63
118
151
99
220
192
104
143
223
80
246
183
96
31
60
58
3
16
188
203
176
223
136
46
78
111
112
145
108
49
198
135
248
171
6
96
169
137
143
19
105
121
79
174
242
49
67
3
131
35
144
103
210
116
62
7
85
8
108
96
73
253
145
151
171
108
9
70
216
7
193
250
156
234
160
108
35
45
115
115
50
19
46
249
191
77
157
52
184
178
48
142
11
37
44
65
18
134
133
213
182
52
46
56
187
165
9
166
103
203
246
170
239
56
128
96
104
27
130
75
235
102
207
129
31
2
52
156
175
94
242
35
248
150
138
1
129
143
87
249
85
162
174
178
125
85
77
23
118
228
21
139
57
197
120
49
153
210
167
72
134
214
142
241
24
63
214
6
32
211
65
221
231
190
232
78
13
135
83
15
249
152
54
154
238
185
24
51
194
133
218
85
28
87
106
55
23
20
79
28
76
147
245
34
23
190
111
194
120
216
138
31
137
101
77
77
253
161
21
71
241
244
17
180
110
246
253
25
197
162
156
162
4
118
3
67
77
199
97
153
246
202
237
190
160
237
16
152
94
116
187
159
87
27
61
128
130
67
188
216
81
138
75
202
218
85
41
207
244
37
68
95
94
86
156
85
160
36
158
101
219
29
179
60
210
67
187
27
187
21
132
188
146
225
186
50
158
25
250
194
195
28
48
120
57
248
143
158
232
49
226
167
202
4
181
76
254
11
96
28
61
238
115
168
18
77
9
239
9
181
53
117
22
160
92
178
140
240
23
75
6
42
190
13
155
237
63
231
151
6
57
157
97
108
227
136
235
1
141
12
105
136
69
106
27
78
64
65
38
234
53
223
154
155
235
75
99
142
47
190
185
248
178
134
241
179
93
146
171
17
76
98
206
121
15
93
83
169
48
16
192
177
209
36
121
184
6
246
174
133
166
168
45
210
55
77
2
28
145
120
172
17
165
24
151
21
71
100
38
175
94
204
10
236
52
138
88
2
114
13
51
11
85
56
86
48
125
216
65
8
70
104
179
25
113
225
243
237
152
96
211
210
240
74
28
103
167
69
205
49
133
116
214
1
81
60
171
54
62
42
254
40
152
193
135
119
106
92
62
66
177
215
55
78
103
102
59
17
103
172
51
172
168
137
195
248
73
120
122
95
84
106
73
229
30
214
105
102
168
57
128
177
209
123
142
202
46
54
33
52
211
12
174
197
4
203
161
138
248
169
198
93
149
149
71
216
73
176
238
146
247
5
205
224
211
217
104
228
105
61
237
228
231
31
75
223
15
245
246
41
187
8
117
77
59
94
80
42
7
66
185
250
70
94
140
6
197
17
84
21
57
182
119
117
176
37
202
18
179
78
108
144
7
45
13
106
123
246
234
149
69
204
114
5
210
219
50
3
186
79
195
60
129
58
28
100
86
5
83
173
78
252
129
204
237
160
165
27
105
224
187
19
98
31
100
241
144
140
93
22
78
183
135
52
25
128
172
104
8
221
202
102
14
250
92
49
16
219
35
55
229
135
48
111
60
24
34
7
22
189
209
191
227
165
115
194
26
167
134
235
93
110
142
223
144
123
200
173
246
210
226
30
232
162
188
187
150
6
235
201
38
78
59
116
24
180
175
231
150
125
116
155
176
113
213
161
183
44
194
237
212
241
81
197
42
245
99
245
220
110
94
63
92
82
124
130
215
101
46
167
165
44
88
2
52
27
70
194
189
233
222
206
89
127
7
95
68
17
71
12
164
158
160
4
48
32
90
17
123
176
251
238
47
170
249
79
155
71
191
100
245
163
77
188
200
183
11
120
24
20
225
233
217
184
142
244
105
227
239
75
223
138
250
72
166
67
125
244
142
187
44
221
218
250
141
89
210
202
167
163
74
9
142
159
22
56
202
24
119
129
235
96
208
156
30
133
94
111
22
206
49
105
177
235
22
177
230
50
127
115
149
142
34
118
38
104
177
41
218
40
195
249
164
23
222
52
63
61
172
168
160
61
208
94
196
161
71
170
250
233
253
254
19
233
209
112
19
250
56
71
246
177
127
160
36
25
161
104
215
6
42
82
98
99
101
30
157
36
57
175
185
3
144
68
208
42
180
183
35
152
151
202
233
80
139
190
87
23
165
61
136
110
29
192
229
24
91
132
187
216
155
65
206
9
144
223
27
47
253
229
184
155
204
43
72
195
208
41
204
5
103
119
170
95
37
236
230
254
22
1
4
87
57
246
112
110
45
226
31
141
90
227
53
144
80
151
209
107
83
63
238
165
237
9
30
14
60
178
107
146
76
20
6
45
208
57
132
78
197
239
105
103
234
13
186
110
130
128
3
232
108
141
51
76
242
41
226
100
33
244
71
112
2
68
56
136
18
179
35
227
67
107
29
197
173
15
238
201
101
207
200
3
40
166
24
15
1
81
6
220
193
204
110
154
7
62
247
97
136
111
37
205
242
252
246
93
118
134
183
225
170
188
186
187
219
59
219
42
63
234
23
125
30
132
170
114
113
117
108
171
59
6
228
162
211
194
245
251
59
12
92
201
138
145
163
79
201
217
179
59
139
236
93
84
57
27
196
218
185
14
4
42
181
94
223
132
225
179
66
176
189
251
54
69
107
219
6
129
208
88
18
244
113
215
64
10
51
5
28
142
13
123
224
170
173
137
188
35
89
100
76
81
190
102
82
234
33
87
65
18
128
11
72
182
84
244
242
69
98
197
65
2
153
138
42
195
240
124
81
170
14
65
200
54
201
80
154
196
109
130
34
112
253
1
28
136
185
141
126
126
224
81
56
115
24
155
39
113
102
31
29
128
252
114
99
30
62
32
251
76
56
224
225
212
123
216
78
239
59
61
22
42
23
164
152
158
192
53
219
173
73
195
23
164
170
158
97
138
75
190
156
124
131
44
200
252
111
4
147
179
235
126
51
114
233
84
74
37
150
162
14
108
236
194
95
162
34
207
126
3
238
227
221
178
171
203
91
232
203
253
30
141
69
212
234
213
140
197
221
117
101
49
181
72
68
148
17
145
67
8
75
5
83
70
211
157
156
22
237
23
121
254
233
15
154
203
108
141
126
20
117
153
114
38
70
164
121
187
205
185
72
204
185
180
203
71
144
4
100
141
164
70
200
224
246
130
183
190
211
22
218
217
1
224
245
42
24
56
104
15
25
134
56
205
219
52
208
201
132
226
131
15
70
171
238
194
127
184
114
246
54
75
132
45
198
103
182
153
92
5
200
47
26
95
252
89
203
208
207
235
27
213
37
101
94
153
127
250
130
171
176
164
160
118
195
204
49
32
101
187
210
143
82
28
8
30
150
195
146
38
92
251
226
144
221
103
8
199
38
2
198
78
54
33
239
92
110
76
81
179
62
212
236
199
182
79
105
97
98
243
100
81
176
1
245
179
107
50
115
84
69
37
221
120
214
70
169
75
174
241
101
249
172
226
194
89
132
4
86
187
50
71
18
81
158
149
215
49
178
236
112
227
1
195
239
175
170
116
249
186
249
80
118
199
4
77
2
184
135
180
31
240
166
177
68
148
196
225
37
220
33
155
185
96
192
249
73
71
143
11
26
83
230
65
181
58
236
161
77
122
213
142
202
230
230
226
46
182
6
140
62
47
166
108
168
82
18
170
215
129
129
14
252
71
157
62
114
7
248
153
207
130
167
185
55
89
159
174
15
244
160
66
105
60
162
20
131
164
200
76
135
102
233
3
197
206
30
128
109
222
185
187
139
252
220
145
98
27
76
220
79
151
210
22
83
88
175
137
9
45
210
70
172
94
187
33
68
184
161
61
8
239
215
129
193
126
253
202
97
25
2
118
44
85
75
117
58
190
13
186
173
160
42
43
213
236
109
153
129
59
136
184
59
161
33
248
9
173
92
88
209
20
153
91
55
15
98
126
180
62
110
174
9
240
37
51
159
77
79
109
44
3
248
119
54
135
165
192
157
5
130
75
160
212
118
213
121
229
108
71
4
1
205
176
159
253
92
33
92
140
124
228
213
186
191
215
113
133
158
235
30
151
54
216
163
226
83
156
9
179
174
72
110
216
193
126
74
142
89
191
223
217
49
182
45
228
209
78
99
75
43
144
193
21
22
232
248
128
254
58
57
109
6
211
45
41
78
231
227
211
216
164
53
128
103
246
254
170
141
160
193
86
249
159
47
25
159
230
104
70
17
224
32
112
237
118
136
93
107
77
129
18
59
73
158
113
123
56
58
129
191
105
192
143
35
90
98
126
32
27
122
236
190
123
57
147
68
217
102
168
55
230
149
90
20
125
155
251
78
251
234
99
43
140
157
123
153
221
65
158
142
95
249
38
188
51
8
64
37
188
229
194
202
164
199
7
21
225
185
203
116
155
152
81
93
108
124
220
118
241
225
48
216
4
96
85
166
25
48
107
101
202
65
232
253
252
39
97
37
129
15
148
103
74
219
35
17
5
16
189
48
178
198
56
42
111
102
25
216
234
249
17
162
172
81
102
12
64
197
7
194
26
164
111
79
241
221
8
119
61
77
158
126
214
139
108
216
66
231
181
103
54
53
172
8
102
222
236
11
109
66
58
121
119
94
17
67
117
35
64
96
120
234
60
196
175
241
86
142
201
209
2
87
251
122
23
161
31
182
22
218
43
38
91
193
21
88
137
20
48
46
149
17
190
202
227
167
196
7
176
61
10
138
75
21
76
89
106
33
150
174
34
76
119
144
106
46
216
149
57
55
159
83
17
108
235
141
15
175
23
112
193
169
241
42
227
42
156
154
63
66
149
143
109
2
208
184
156
161
137
196
73
121
157
27
73
160
245
251
109
222
252
247
182
112
70
165
91
61
248
23
244
42
223
189
65
159
42
202
171
72
246
180
10
236
97
15
165
70
113
123
85
34
7
36
85
58
229
87
223
248
253
209
100
252
109
29
231
71
115
128
151
7
71
175
75
25
224
172
75
69
129
35
249
181
103
96
124
211
32
174
182
123
231
113
16
168
231
5
89
113
50
5
22
142
170
53
30
6
213
11
27
2
17
226
56
162
183
64
236
93
243
108
161
223
14
126
208
191
209
172
203
44
244
215
150
122
148
56
27
147
215
197
23
27
80
218
168
253
38
186
169
10
230
70
45
242
56
11
39
105
254
186
64
194
39
108
179
74
4
214
115
14
7
131
205
40
143
45
31
178
20
246
171
112
245
38
126
153
128
6
53
210
92
49
177
13
25
73
114
101
44
154
82
210
193
30
72
117
147
228
201
49
111
234
202
185
171
90
88
230
176
206
5
161
160
7
195
49
28
74
63
86
17
71
1
219
151
40
171
134
217
145
240
96
102
189
212
227
2
172
143
213
85
196
178
239
84
33
251
126
48
54
117
250
225
101
159
102
159
10
57
46
92
54
220
116
84
52
60
221
177
38
92
11
157
133
126
242
148
10
59
249
250
144
85
91
210
242
224
238
160
120
208
20
119
86
228
6
123
42
79
24
20
30
78
203
173
228
110
228
232
136
115
92
244
38
229
15
172
181
81
92
182
216
146
179
228
167
53
73
3
208
129
219
60
232
185
63
243
190
72
9
204
223
180
93
123
215
29
241
156
185
70
127
139
109
185
252
41
175
251
58
43
118
213
229
150
126
231
76
79
69
37
160
251
37
183
224
165
97
192
198
190
143
175
219
211
142
252
57
216
61
9
43
53
35
196
10
216
157
82
237
234
34
53
7
131
53
243
78
137
143
155
180
1
203
60
144
51
14
28
182
172
159
31
227
74
249
99
234
161
54
219
17
157
210
229
148
203
10
167
154
126
96
207
62
235
172
191
90
143
101
144
75
150
14
178
114
200
128
94
15
146
251
55
51
48
250
207
199
82
205
76
232
79
162
34
95
253
133
126
148
114
144
221
226
231
177
241
95
26
1
12
109
189
17
70
99
108
232
124
200
217
124
221
100
14
209
84
95
229
120
121
110
1
135
86
246
44
135
253
12
36
242
172
148
166
93
69
98
156
47
117
226
164
28
150
197
193
119
202
193
242
93
194
26
118
234
182
66
195
87
104
52
25
254
43
106
229
238
233
253
119
47
237
240
216
207
38
208
108
40
121
135
197
17
151
23
247
166
51
120
81
58
87
20
79
22
145
102
53
174
130
3
43
129
90
126
149
129
158
146
234
15
62
64
15
81
228
76
157
64
44
135
252
103
77
74
131
254
74
46
100
46
118
223
60
213
101
34
27
201
59
155
128
29
225
204
231
60
2
174
38
127
71
164
251
93
127
39
102
74
213
199
128
209
183
74
210
189
95
148
112
159
222
235
26
181
165
66
52
87
16
169
58
220
206
56
204
223
65
126
38
199
243
156
65
11
187
110
196
130
105
102
86
254
220
74
248
251
233
140
153
208
47
50
136
144
144
9
15
66
9
30
122
222
172
111
84
204
230
197
249
37
37
53
49
212
135
215
83
2
57
79
102
201
171
126
107
155
123
174
232
105
150
52
199
96
233
150
30
121
212
194
35
205
142
130
217
91
218
251
33
114
101
125
9
208
28
23
240
85
156
212
74
32
238
83
122
176
235
213
159
79
98
180
198
251
10
87
41
247
28
194
8
102
91
227
89
129
217
51
86
165
55
146
190
201
169
81
65
85
144
71
113
40
54
229
218
134
172
164
66
176
137
71
142
69
73
167
250
75
182
136
232
92
130
187
168
122
228
66
59
56
128
131
4
211
85
30
244
145
101
47
110
85
66
175
57
161
89
147
159
108
162
206
214
98
26
143
243
161
179
124
172
164
60
236
60
170
137
103
120
28
223
46
137
142
248
140
216
184
43
109
142
164
175
54
170
23
207
144
8
225
211
249
241
227
228
183
191
151
105
40
225
29
83
12
27
76
158
16
130
203
51
118
226
117
175
122
135
31
145
221
1
37
139
149
248
248
21
172
228
186
145
232
46
117
28
8
44
174
163
46
50
197
132
201
209
193
144
203
67
48
155
167
184
244
39
49
117
77
24
196
40
15
88
120
80
191
197
198
33
117
83
99
187
62
41
150
219
24
101
4
5
217
181
106
151
70
59
132
76
2
182
76
167
223
54
4
114
204
156
192
237
50
30
137
31
120
64
240
58
56
46
179
87
67
116
35
133
197
119
177
151
86
112
25
117
253
34
76
225
213
113
223
175
196
65
37
215
21
185
169
136
43
61
176
72
161
210
251
237
30
206
204
23
121
215
89
170
128
204
216
15
197
29
222
245
222
8
93
172
196
225
156
48
99
240
19
111
209
91
146
2
212
232
238
215
52
92
222
38
133
28
12
57
218
203
68
42
228
162
200
33
143
244
114
190
155
19
38
216
209
144
214
140
67
219
40
217
196
221
68
8
60
8
132
44
64
224
135
95
63
99
45
191
36
4
158
40
35
81
156
35
171
20
191
153
197
165
57
61
124
119
75
148
9
183
170
190
236
16
126
57
186
190
5
219
211
169
227
131
130
171
214
74
92
24
56
61
35
161
224
187
97
110
210
192
17
143
99
168
147
86
99
55
92
253
142
30
115
14
223
194
210
208
6
32
124
41
150
31
192
65
16
102
114
249
195
161
91
202
195
107
142
101
1
126
206
146
102
38
89
98
218
177
39
192
112
179
47
219
198
129
215
118
12
77
207
194
162
43
197
60
46
187
39
254
215
119
67
65
123
117
13
139
234
228
151
153
165
61
210
124
248
47
189
244
234
236
58
246
245
145
72
240
117
35
224
18
19
125
172
63
227
171
194
94
82
185
41
198
10
83
84
149
236
69
19
76
34
168
10
221
61
104
120
176
26
40
30
132
98
241
103
143
75
248
79
184
71
35
247
213
252
55
50
18
133
98
239
102
45
245
198
208
99
1
110
3
94
148
167
211
46
226
245
175
92
232
183
4
167
181
217
252
66
234
169
42
69
217
125
250
36
178
100
238
72
112
136
150
112
33
70
215
70
41
9
109
103
85
77
51
15
201
192
222
111
145
137
54
38
225
80
188
80
174
49
89
234
226
4
117
167
32
248
56
53
92
121
119
14
10
243
188
157
147
80
101
131
18
234
244
151
50
46
212
33
144
159
119
164
48
185
37
91
31
203
153
172
20
179
35
13
32
76
86
203
24
215
72
8
252
74
173
109
6
44
83
124
230
181
17
129
138
171
80
236
240
44
102
93
194
113
178
104
21
136
70
133
223
130
220
33
253
209
139
102
9
11
164
137
66
46
247
183
6
25
24
249
169
246
167
19
153
221
97
133
26
36
118
235
220
243
109
138
70
8
33
235
75
22
144
47
105
102
19
185
18
62
169
89
170
102
170
184
14
196
1
20
249
217
229
152
45
26
156
34
34
109
254
213
210
49
184
1
165
125
182
57
16
97
254
71
242
153
250
12
50
190
239
60
63
59
158
38
46
190
85
44
179
146
244
236
168
82
120
99
186
116
147
91
194
211
190
129
93
117
153
215
196
139
147
250
121
228
148
243
176
227
213
236
63
147
158
2
102
167
50
169
134
254
207
155
156
86
163
99
85
249
86
168
254
84
156
121
35
111
251
53
87
33
146
230
25
92
166
17
239
199
32
196
31
216
101
28
164
211
132
113
147
48
125
150
40
236
166
13
185
171
186
13
24
37
193
183
38
167
253
120
174
72
191
195
251
100
143
235
126
27
137
73
65
102
2
165
125
14
178
127
181
88
90
70
102
45
160
93
45
182
108
156
64
94
122
208
30
93
73
126
29
110
5
68
38
47
59
65
217
199
201
159
135
137
185
221
206
100
228
101
24
97
148
32
16
87
29
179
201
59
228
160
165
49
11
248
10
59
143
147
138
151
229
67
45
159
35
106
153
227
82
248
232
251
230
159
189
113
232
148
178
246
51
233
56
184
237
109
32
202
4
49
72
87
245
103
84
31
86
117
45
70
177
126
96
247
110
233
66
99
104
28
109
200
100
85
176
218
210
252
210
134
223
88
9
12
149
252
107
166
220
231
163
129
159
21
242
23
209
212
55
196
212
164
61
2
182
128
195
24
228
37
5
125
246
154
103
18
154
139
43
69
8
220
149
203
167
150
201
29
241
83
210
61
191
207
113
108
213
225
204
152
35
243
19
86
246
145
196
36
253
182
221
60
30
116
206
44
243
69
208
197
78
21
253
197
112
134
107
251
205
181
102
184
234
216
200
157
220
163
215
46
12
211
103
118
71
130
182
52
208
95
77
11
59
217
225
116
243
41
227
120
253
121
92
81
48
18
84
74
153
125
148
72
171
88
143
88
56
65
125
69
13
59
89
50
37
90
51
167
90
142
119
250
152
193
57
164
146
20
156
134
138
162
248
164
43
225
99
249
221
246
138
44
15
226
65
36
167
139
136
94
219
229
131
75
244
141
142
113
223
129
74
120
231
242
13
233
118
16
211
129
214
153
43
252
8
243
252
137
71
127
30
248
104
153
13
43
150
231
153
48
75
238
32
124
229
147
89
43
86
171
10
53
253
146
206
200
202
50
203
129
233
183
103
160
61
139
130
68
23
238
40
219
1
122
129
173
127
181
159
171
184
103
203
164
225
82
198
131
197
161
118
130
25
47
54
69
224
94
202
239
9
40
152
204
227
172
225
204
65
8
207
177
248
198
50
79
14
151
163
33
218
207
195
232
29
202
141
172
115
33
144
213
129
178
17
125
3
54
167
76
238
154
28
192
201
150
243
93
165
178
217
253
149
45
20
68
103
83
221
149
45
15
189
129
184
228
172
153
97
155
169
108
27
186
227
118
25
130
98
132
113
195
196
189
134
123
107
91
205
200
176
125
21
172
114
79
231
63
197
196
246
161
125
25
236
59
135
89
154
58
47
109
97
159
95
242
138
74
68
23
246
55
6
222
187
228
252
149
163
25
80
207
68
233
209
206
49
46
77
228
107
40
126
211
83
170
13
146
6
5
75
203
146
50
91
3
203
9
77
97
69
251
53
130
47
117
197
125
127
165
44
45
142
67
128
27
98
29
45
1
162
212
191
168
215
233
225
220
119
68
19
31
69
171
179
47
96
240
41
162
135
116
168
33
108
130
90
58
232
68
171
25
214
40
220
16
100
172
32
111
127
192
127
234
207
109
115
6
101
72
65
200
211
40
49
56
198
24
115
84
198
35
27
195
191
252
251
235
1
133
40
39
83
227
176
223
118
50
140
244
143
34
6
29
229
162
72
159
197
145
203
124
66
120
119
110
77
194
1
70
43
136
155
219
101
246
15
20
36
155
60
108
56
21
121
40
118
24
231
135
242
27
104
51
112
109
242
238
103
93
23
32
184
181
105
149
196
168
25
147
115
231
138
32
24
28
123
23
27
182
190
135
196
230
25
16
9
113
158
157
156
189
135
62
214
50
163
19
195
21
181
104
198
46
54
199
170
78
137
143
5
240
76
24
28
43
47
22
8
71
147
7
72
216
90
126
80
177
47
172
15
150
37
194
209
87
172
250
114
143
182
23
5
254
242
133
1
13
87
216
211
183
251
199
248
228
248
183
145
134
249
63
195
85
224
57
215
10
33
88
246
79
211
105
2
190
66
179
208
166
140
52
146
132
221
207
64
125
8
130
208
40
217
111
68
20
230
47
176
187
142
182
200
47
253
15
212
254
78
60
133
63
32
140
51
51
239
37
16
33
14
222
51
152
240
104
77
80
234
121
229
151
27
164
62
105
62
192
226
50
158
8
232
14
19
78
172
139
248
129
252
43
32
10
207
65
179
223
43
234
176
115
109
30
50
177
4
23
105
226
117
98
216
102
184
125
167
126
182
40
169
134
44
2
136
172
245
94
220
128
154
161
85
27
16
76
136
25
71
245
162
235
185
122
216
206
6
64
35
70
154
54
245
214
113
210
143
240
236
154
44
249
42
156
75
40
68
94
185
32
34
17
16
20
238
31
239
43
229
173
151
127
185
47
208
156
252
199
220
127
94
220
197
201
204
250
5
240
25
121
35
62
162
29
175
57
60
246
18
219
190
75
92
89
128
12
129
224
110
122
222
53
190
248
150
223
77
59
56
60
41
85
208
182
60
56
66
238
215
28
72
169
83
174
163
24
178
92
202
236
103
191
114
235
13
110
89
101
222
19
242
3
228
73
194
33
40
134
152
33
231
69
45
162
231
221
35
94
118
19
225
177
68
177
135
249
48
45
168
15
189
50
32
102
41
105
104
199
226
109
103
14
187
97
244
200
215
133
185
217
101
82
133
27
20
25
90
16
239
67
122
126
251
27
107
200
181
42
156
221
198
13
146
178
195
27
186
90
163
156
126
226
191
7
89
223
153
76
176
243
99
156
94
50
37
17
130
205
104
223
171
37
159
40
253
46
211
57
110
250
44
96
240
27
74
146
67
227
56
149
137
143
86
196
170
6
27
50
74
28
211
94
203
21
248
227
214
133
60
251
131
17
173
178
115
141
56
26
57
17
68
207
221
144
223
178
199
26
124
175
41
177
66
139
193
215
133
239
196
115
218
205
231
21
45
161
82
170
67
57
211
25
231
42
10
79
53
35
173
181
10
121
218
203
102
242
180
107
119
171
195
174
238
102
177
95
2
228
246
102
118
185
184
146
113
36
38
154
74
249
151
104
189
31
230
29
22
117
71
245
80
148
234
141
91
39
103
183
248
234
16
89
90
108
128
190
84
45
182
129
92
156
52
29
54
86
95
161
227
117
166
229
55
110
197
150
174
193
115
60
175
26
48
88
122
149
78
32
176
112
5
197
86
138
116
108
192
210
158
159
141
30
23
212
235
117
185
63
81
238
75
139
58
203
87
114
230
94
71
133
161
76
130
120
15
147
196
49
216
100
131
171
219
169
128
247
27
64
237
230
166
8
112
250
17
18
40
83
156
205
235
70
206
93
127
221
40
214
185
173
66
12
230
138
48
53
190
5
85
174
235
106
178
38
22
14
58
239
94
237
57
108
70
55
10
254
198
253
232
254
9
10
206
106
160
13
222
109
220
24
117
199
242
92
211
207
60
131
27
240
243
57
163
42
27
20
156
149
157
117
57
231
241
193
160
243
89
252
34
235
67
74
76
228
109
129
66
8
37
196
205
145
145
198
236
239
199
203
173
37
156
147
9
146
127
74
240
165
172
134
8
1
49
134
198
94
55
24
168
219
232
34
164
54
161
70
159
5
120
160
238
207
209
123
128
33
197
115
27
102
200
245
195
82
79
105
212
169
136
40
232
207
129
111
74
251
166
13
124
189
233
88
237
135
76
53
233
146
29
165
27
2
45
165
207
120
111
252
116
240
96
130
41
190
119
167
118
169
24
140
109
51
241
84
11
192
78
76
91
34
12
192
15
200
182
102
201
135
34
63
122
101
254
37
44
80
156
52
224
161
3
150
129
85
56
114
40
19
143
196
196
216
178
9
24
197
95
170
47
141
151
235
44
189
30
233
216
23
216
218
212
45
221
156
55
55
111
22
243
177
148
100
48
247
14
116
193
73
119
91
250
9
61
175
113
32
155
102
48
129
102
172
95
228
93
74
34
253
101
141
67
217
189
50
160
100
136
224
56
203
128
247
119
151
108
93
234
142
203
221
49
204
170
33
245
34
247
209
187
136
171
85
167
114
33
62
43
197
70
130
132
80
124
97
85
83
124
82
19
139
138
103
1
168
74
12
123
4
198
42
195
16
221
143
19
214
177
9
60
163
33
241
5
37
30
102
200
191
135
104
98
47
68
101
254
46
213
87
230
250
227
229
41
214
234
183
25
121
197
153
88
201
169
88
127
98
197
226
181
67
139
128
226
234
84
25
60
132
7
117
65
228
237
96
244
74
128
55
226
114
180
36
179
85
182
155
236
69
246
25
170
182
113
169
42
226
84
81
207
175
161
147
73
155
41
8
166
243
10
222
12
230
192
194
5
70
139
51
89
124
146
144
115
179
49
75
116
137
96
167
142
185
28
226
29
197
164
122
31
55
189
50
216
169
37
129
57
179
146
114
216
147
113
142
140
30
192
161
136
18
28
59
14
26
135
136
42
26
222
253
253
54
171
95
244
150
153
148
230
88
194
164
202
101
85
131
112
220
224
112
216
216
229
166
31
247
58
145
240
132
95
36
180
65
246
182
195
178
33
172
201
238
180
35
35
37
254
190
195
99
148
82
204
66
66
113
28
161
33
224
52
97
67
243
234
142
176
213
20
123
233
44
128
52
197
93
77
5
178
4
2
239
194
12
101
204
204
205
15
45
153
157
150
244
244
226
191
117
67
171
215
203
193
136
13
59
33
189
209
30
63
14
92
83
236
164
166
52
71
157
155
15
10
104
61
25
209
130
76
86
32
61
226
114
175
223
128
182
109
66
65
195
46
215
126
56
215
35
115
152
122
172
172
131
192
200
122
135
176
174
179
109
208
205
243
97
15
104
18
120
225
33
112
47
250
165
131
230
159
109
147
18
192
254
216
254
46
217
52
185
218
168
237
202
47
73
235
93
13
167
94
201
88
233
70
39
185
102
168
22
160
193
29
19
229
20
180
171
161
251
53
254
180
193
92
60
183
101
16
170
137
227
195
77
139
238
127
191
128
26
125
73
154
209
4
151
194
141
93
138
95
143
115
203
33
56
145
90
147
120
14
94
28
90
75
129
126
29
122
148
53
98
168
169
199
250
131
2
210
191
78
8
245
106
6
6
73
107
170
115
112
98
142
10
95
12
184
136
95
174
35
31
69
135
138
18
164
83
211
167
188
2
244
111
80
161
33
155
67
43
5
42
59
2
122
192
4
112
234
88
12
237
180
174
24
46
188
231
209
194
34
138
171
37
186
145
217
13
109
191
253
101
166
172
184
107
109
13
144
30
217
238
216
227
65
70
48
142
234
228
115
22
131
17
20
6
11
253
112
240
151
88
93
236
130
53
79
44
237
216
59
177
26
231
219
31
8
68
31
205
3
194
7
236
205
46
60
63
12
209
149
219
51
128
133
47
56
252
242
245
232
62
157
198
110
238
75
53
67
82
133
20
60
2
246
218
111
145
30
111
220
229
15
62
19
113
120
112
10
46
16
252
215
78
129
49
117
164
92
42
24
214
59
153
160
148
180
130
73
141
127
211
152
95
18
133
85
192
121
100
146
194
12
89
250
187
119
36
40
173
203
26
63
87
178
154
47
250
141
248
95
212
115
117
19
205
183
161
125
132
250
44
33
228
80
219
145
173
44
189
72
224
196
72
50
196
36
145
164
146
121
205
110
227
160
43
51
228
75
55
236
213
253
65
233
26
50
129
163
212
65
64
88
136
158
159
237
112
179
96
114
138
165
74
63
253
237
98
185
145
65
237
220
142
69
98
12
172
93
113
76
197
217
198
183
30
144
251
21
16
219
127
35
91
248
57
18
218
185
251
128
55
204
99
35
253
112
162
132
38
29
93
43
100
47
176
254
231
52
12
90
245
12
196
135
190
211
25
39
182
11
74
108
183
24
216
209
46
32
96
252
102
249
85
214
71
71
233
119
5
130
157
27
11
6
196
148
114
242
144
253
167
93
105
149
37
83
36
114
54
34
187
177
83
29
104
76
48
76
68
44
208
168
41
221
243
180
188
232
130
173
87
156
201
171
151
26
82
219
51
223
158
74
146
51
37
230
190
137
144
85
249
248
179
136
154
7
197
197
244
253
24
112
166
49
19
147
101
224
29
233
84
138
181
209
153
129
233
57
45
7
248
26
221
183
238
225
76
147
128
24
108
54
162
207
24
200
152
16
219
125
224
151
132
137
11
209
182
143
142
38
124
8
33
2
2
32
84
171
203
70
248
84
45
189
252
43
175
203
236
137
238
179
127
181
254
201
59
25
59
125
136
206
200
50
165
69
196
39
233
191
30
213
83
144
209
141
134
149
129
177
16
160
121
38
113
109
35
234
90
33
14
33
84
63
165
171
228
23
143
132
43
237
211
239
152
70
104
15
167
66
190
46
44
75
152
96
114
139
203
80
75
96
55
45
216
127
176
170
48
188
120
158
236
197
176
122
144
93
83
144
123
45
76
70
81
7
32
17
145
251
75
74
235
33
165
132
201
53
114
44
24
228
74
195
108
141
2
238
243
158
70
55
177
198
203
147
86
73
253
198
170
165
80
167
238
46
218
21
113
227
72
33
77
111
213
83
220
148
187
127
214
243
101
25
179
230
42
94
68
184
238
130
245
29
6
215
52
113
163
23
183
56
107
193
79
144
249
215
144
127
227
238
181
90
25
85
116
176
6
46
20
158
28
20
121
199
130
231
200
30
223
24
8
81
253
232
250
244
232
202
236
239
28
138
18
75
159
193
170
130
185
216
197
56
31
153
112
189
122
88
4
76
163
61
56
94
248
201
222
169
24
248
55
28
213
26
216
166
62
106
63
143
213
38
50
74
104
179
96
198
253
194
141
220
243
200
111
244
155
173
77
59
210
197
219
193
126
118
71
134
216
30
225
159
139
150
31
36
180
21
238
11
111
6
33
18
37
206
248
100
131
67
191
206
193
137
236
158
114
183
254
153
209
102
113
50
83
116
139
230
139
201
73
217
136
240
243
172
55
56
140
135
28
137
186
24
129
106
226
17
183
148
68
28
36
23
175
142
253
72
112
69
170
60
40
244
107
109
251
21
1
211
64
170
125
189
103
103
182
106
194
101
81
109
215
132
127
78
220
64
96
13
157
21
207
218
23
175
87
121
211
235
109
54
125
211
187
140
44
1
159
49
82
120
235
82
151
33
76
63
237
111
236
20
155
113
244
37
231
251
182
160
91
64
143
129
43
223
217
76
218
141
7
128
37
200
253
103
201
138
116
194
237
237
218
1
229
188
133
28
206
69
95
65
160
163
127
241
232
195
209
64
120
142
8
80
92
177
203
213
208
202
42
169
152
147
200
78
63
242
97
182
67
92
165
107
102
47
159
59
143
104
58
175
241
51
91
164
141
223
55
6
217
70
205
193
100
104
49
249
162
56
217
152
120
227
31
130
17
187
35
139
77
178
23
227
54
45
139
139
42
45
243
134
112
19
27
192
174
209
245
206
142
109
248
219
17
172
12
198
126
50
54
104
148
23
40
80
61
203
88
37
117
34
223
78
149
177
30
211
182
29
144
12
178
211
8
173
220
208
214
21
129
152
203
180
174
177
231
69
254
187
48
4
205
83
254
102
22
227
99
124
90
50
109
20
113
33
154
78
4
152
53
223
59
150
39
181
108
58
59
146
100
111
64
195
124
198
233
105
156
235
28
222
36
195
164
7
112
81
164
77
86
241
29
184
241
137
208
246
170
42
187
236
105
231
165
17
177
240
84
67
167
208
192
48
3
132
69
94
53
235
173
16
133
204
130
110
64
27
185
118
164
74
190
1
36
103
209
119
148
80
43
176
71
50
111
245
145
242
181
90
125
156
98
102
109
