0
504
1013
1519
2013
2507
3013
3516
3980
4468
4962
5461
5967
6470
6992
7477
7993
8487
8992
9484
9962
10463
10967
11448
11951
12449
12943
13424
13925
14435
14957
15457
15957
16454
16927
17416
17909
18428
18960
19429
19937
20445
20957
21463
21978
22482
23002
23491
23992
24505
24988
25494
26000
26498
27008
27528
28031
28539
29044
29581
30070
30536
31045
31539
32058
32545
33031
33513
34018
34534
35023
35497
36006
36531
37038
37533
38045
38552
39023
39529
40010
40563
41080
41602
42113
42630
43132
43622
44111
44582
45094
45576
46065
46554
47070
47547
48060
48573
49061
49573
50100
50599
51113
51627
52122
52635
53133
53612
54119
54624
55132
55632
56147
56670
57169
57690
58203
58688
59184
59688
60190
60665
61180
61668
62177
62660
63172
63687
64162
64668
65168
65678
66141
66626
67152
67648
68171
68649
69154
69620
70112
70621
71116
71619
72114
72610
73119
73605
74095
74587
75072
75561
76084
76577
77056
77581
78061
78574
79080
79561
80057
80562
81089
81575
82060
82565
83063
83553
84055
84544
85059
85556
86052
86574
87063
87571
88056
88566
89051
89548
90013
90514
91017
91514
92035
92542
93037
93526
94043
94534
95028
95528
96022
96510
96998
97514
97993
98485
98995
99466
99952
100445
100931
101438
101958
102429
102955
103473
103959
104469
104973
105472
105980
106481
107004
107498
108031
108521
109004
109489
109979
110463
110940
111448
111960
112465
112964
113439
113966
114473
115010
115516
116015
116509
117001
117544
118050
118537
119057
119550
120054
120547
121055
121545
122038
122534
123028
123509
123994
124479
124986
125447
125941
126416
126926
127416
127878
128407
128900
129406
129920
130430
130924
131413
131917
132400
132896
133392
133881
134367
134862
135365
135859
136351
136853
137336
137838
138352
138857
139364
139869
140386
140893
141409
141901
142423
142933
143449
143945
144456
144962
145478
146014
146498
147014
147546
148064
148549
149044
149547
150064
150584
151082
151563
152052
152558
153062
153578
154081
154565
155076
155584
156089
156578
157096
157608
158109
158611
159117
159624
160146
160644
161147
161660
162169
162655
163189
163716
164212
164697
165200
165694
166168
166643
167112
167612
168109
168612
169113
169619
170105
170590
171118
171608
172115
172607
173077
173596
174107
174591
175110
175613
176113
176606
177077
177594
178070
178554
179043
179550
180064
180573
181082
181576
182097
182589
183084
183577
184088
184563
185064
185549
186055
186546
187044
187558
188075
188550
189058
189570
190068
190555
191039
191542
192013
192529
193032
193515
193994
194485
194990
195503
196026
196544
197044
197545
198070
198581
199075
199566
200075
200597
201099
201592
202093
202598
203116
203608
204114
204595
205094
205578
206075
206600
207100
207591
208097
208583
209101
209624
210136
210637
211151
211676
212191
212683
213189
213680
214146
214651
215165
215659
216159
216660
217166
217673
218178
218698
219193
219707
220194
220677
221188
221674
222152
222635
223127
223605
224093
224571
225054
225586
226100
226577
227094
227574
228072
228605
229114
229597
230116
230608
231070
231574
232075
232579
233085
233568
234073
234573
235080
235609
236103
236623
237096
237606
238088
238587
239060
239521
240048
240551
241057
241554
242049
242567
243061
243563
244060
244520
245037
245534
246018
246501
247011
247533
248019
248540
249072
249553
250072
250592
251054
251546
252053
252563
253072
253607
254101
254597
255080
255595
256099
256618
257138
257657
258192
258694
259207
259708
260171
260686
261165
261666
262151
262665
263147
263624
264132
264596
265093
265600
266113
266582
267061
267568
268069
268544
269044
269533
270065
270576
271066
271564
272068
272546
273032
273530
274029
274510
275019
275533
276065
276552
277059
277569
278050
278553
279046
279519
280013
280533
281050
281547
282033
282552
283060
283585
284087
284598
285108
285619
286117
286624
287143
287618
288118
288638
289152
289643
290131
290643
291140
291621
292110
292625
293113
293633
294148
294663
295149
295671
296179
296673
297159
297692
298178
298692
299183
299691
300182
300701
301171
301668
302184
302678
303165
303667
304175
304676
305195
305700
306207
306693
307185
307690
308196
308656
309134
309654
310144
310651
311147
311647
312167
312692
313206
313697
314223
314708
315177
315665
316144
316667
317172
317678
318179
318693
319223
319718
320228
320711
321223
321723
322216
322747
323216
323741
324216
324723
325224
325715
326221
326700
327226
327695
328178
328670
329167
329684
330168
330681
331191
331699
332201
332717
333198
333709
334216
334716
335202
335726
336238
336713
337193
337692
338164
338658
339148
339645
340143
340651
341143
341634
342117
342607
343103
343607
344116
344647
345163
345654
346171
346678
347189
347665
348175
348688
349186
349691
350190
350681
351162
351665
352162
352650
353151
353670
354173
354658
355169
355660
356140
356667
357153
357671
358160
358669
359161
359705
360186
360713
361198
361706
362193
362665
363181
363676
364192
364683
365162
365654
366148
366676
367175
367652
368154
368646
369140
369639
370127
370642
371138
371623
372124
372657
373184
373678
374181
374677
375165
375670
376209
376727
377221
377711
378209
378719
379241
379725
380220
380703
381205
381698
382197
382699
383223
383737
384242
384758
385238
385725
386237
386736
387243
387756
388282
388802
389315
389793
390314
390793
391313
391808
392294
392802
393319
393787
394279
394796
395310
395826
396316
396854
397360
397859
398329
398861
399366
399839
400331
400826
401334
401829
402325
402812
403310
403814
404320
404833
405351
405817
406295
406784
407268
407773
408270
408762
409262
409754
410270
410790
411306
411822
412332
412832
413317
413819
414319
414785
415268
415756
416251
416762
417263
417749
418259
418757
419260
419751
420256
420773
421288
421784
422299
422799
423277
423775
424270
424773
425289
425797
426291
426815
427330
427838
428335
428831
429281
429763
430242
430735
431207
431688
432216
432738
433228
433736
434243
434743
435251
435749
436213
436698
437200
437701
438183
438659
439171
439696
440191
440690
441162
441688
442211
442696
443199
443714
444206
444699
445173
445673
446186
446678
447176
447686
448203
448714
449223
449719
450222
450707
451203
451709
452220
452722
453234
453750
454255
454758
455251
455755
456252
456758
457266
457763
458251
458722
459210
459741
460246
460760
461276
461777
462262
462762
463239
463741
464208
464699
465209
465727
466210
466722
467219
467713
468226
468700
469204
469689
470189
470687
471183
471692
472173
472673
473150
473682
474208
474695
475202
475715
476230
476739
477236
477727
478203
478708
479201
479719
480184
480692
481186
481678
482186
482656
483156
483625
484109
484623
485128
485621
486145
486652
487155
487692
488183
488692
489158
489652
490145
490660
491150
491642
492143
492661
493169
493643
494123
494625
495134
495643
496141
496638
497139
497641
498144
498657
499148
499647
500129
