0
484
998
1486
1984
2479
2965
3474
3952
4448
4925
5417
5895
6437
6929
7432
7910
8418
8891
9390
9892
10384
10872
11365
11881
12392
12878
13378
13886
14385
14880
15396
15883
16408
16940
17446
17964
18465
18988
19475
19982
20482
20982
21495
21965
22455
22956
23449
23935
24458
24948
25448
25960
26458
26971
27499
28009
28525
29035
29550
30049
30532
31022
31514
32019
32534
33028
33537
34054
34560
35058
35546
36037
36521
37049
37551
38047
38551
39047
39552
40020
40514
41048
41583
42091
42623
43106
43558
44058
44538
45048
45555
46050
46561
47014
47520
48044
48546
49030
49527
50015
50512
51012
51502
52024
52524
53015
53506
53987
54498
54945
55446
55950
56449
56959
57465
57961
58453
58948
59449
59941
60438
60913
61422
61936
62457
62940
63465
63942
64420
64931
65441
65961
66453
66943
67434
67930
68414
68914
69431
69923
70425
70925
71415
71928
72407
72914
73424
73920
74418
74913
75437
75931
76415
76908
77378
77902
78392
78892
79414
79920
80398
80914
81407
81924
82380
82886
83379
83880
84405
84910
85405
85903
86400
86911
87440
87943
88435
88937
89453
89891
90389
90898
91401
91905
92435
92939
93433
93913
94402
94916
95423
95918
96407
96922
97428
97910
98397
98886
99358
99873
100377
100873
101362
101858
102363
102865
103349
103827
104320
104804
105293
105814
106295
106815
107353
107826
108325
108814
109301
109804
110311
110826
111326
111807
112310
112816
113304
113791
114291
114815
115333
115836
116355
116843
117357
117836
118356
118845
119354
119874
120363
120869
121389
121870
122395
122893
123377
123886
124368
124855
125384
125879
126398
126875
127379
127870
128370
128857
129366
129880
130401
130884
131398
131882
132351
132850
133351
133859
134364
134870
135387
135865
136348
136858
137342
137822
138333
138818
139324
139833
140328
140804
141306
141789
142299
142785
143272
143789
144291
144813
145291
145785
146307
146806
147305
147796
148329
148814
149304
149774
150263
150762
151262
151742
152253
152760
153251
153746
154253
154747
155251
155756
156273
156747
157241
157745
158255
158754
159234
159721
160226
160710
161215
161709
162204
162712
163216
163733
164241
164772
165288
165774
166267
166759
167235
167761
168238
168736
169228
169750
170265
170772
171273
171773
172251
172768
173275
173751
174251
174745
175233
175739
176220
176723
177226
177751
178252
178734
179218
179752
180253
180760
181273
181780
182274
182760
183242
183750
184243
184764
185245
185710
186210
186723
187223
187746
188228
188775
189250
189743
190235
190759
191284
191769
192266
192753
193249
193729
194239
194716
195215
195713
196214
196722
197206
197721
198199
198700
199220
199700
200199
200729
201252
201733
202234
202692
203207
203694
204193
204693
205203
205707
206201
206716
207214
207722
208217
208731
209252
209718
210224
210730
211259
211768
212266
212766
213286
213771
214273
214766
215280
215789
216309
216792
217302
217762
218284
218780
219301
219788
220281
220798
221281
221745
222255
222772
223293
223793
224281
224761
225273
225778
226286
226805
227308
227812
228334
228831
229323
229844
230339
230859
231367
231844
232326
232824
233330
233827
234309
234812
235275
235765
236272
236794
237277
237771
238266
238785
239267
239773
240244
240738
241231
241717
242178
242680
243182
243695
244184
244696
245177
245678
246165
246648
247159
247648
248164
248680
249187
249668
250148
250637
251122
251631
252117
252601
253102
253598
254092
254589
255103
255612
256125
256616
257130
257613
258132
258624
259127
259632
260150
260659
261142
261658
262171
262711
263198
263701
264203
264699
265192
265674
266208
266695
267204
267706
268210
268728
269225
269736
270272
270793
271286
271783
272274
272778
273279
273746
274259
274746
275232
275759
276268
276789
277284
277802
278316
278824
279299
279789
280267
280741
281244
281740
282248
282737
283248
283747
284235
284738
285220
285719
286223
286726
287219
287736
288257
288782
289261
289751
290282
290766
291281
291803
292297
292782
293292
293800
294304
294823
295328
295788
296289
296788
297251
297725
298244
298746
299251
299749
300227
300762
301256
301754
302281
302752
303253
303776
304272
304764
305260
305765
306267
306778
307278
307751
308254
308772
309255
309750
310241
310696
311196
311706
312220
312724
313200
313661
314157
314671
315148
315645
316155
316639
317150
317656
318154
318632
319142
319654
320165
320663
321145
321626
322121
322606
323098
323598
324095
324618
325120
325619
326095
326615
327142
327634
328140
328653
329147
329619
330112
330614
331126
331632
332143
332673
333157
333670
334156
334647
335155
335649
336179
336676
337160
337663
338172
338663
339145
339658
340162
340660
341145
341639
342159
342675
343184
343696
344168
344670
345171
345657
346180
346684
347162
347680
348176
348673
349193
349703
350187
350658
351134
351631
352128
352608
353092
353612
354109
354593
355091
355591
356071
356577
357093
357641
358133
358665
359172
359659
360147
360631
361126
361622
362137
362640
363141
363675
364180
364707
365235
365759
366246
366747
367246
367744
368236
368751
369248
369747
370275
370761
371259
371734
372244
372726
373205
373707
374207
374700
375190
375658
376114
376609
377118
377629
378150
378648
379163
379616
380106
380602
381138
381620
382125
382648
383105
383594
384086
384583
385072
385575
386088
386593
387094
387599
388105
388606
389096
389607
390093
390619
391107
391605
392112
392617
393084
393584
394066
394599
395108
395590
396089
396575
397069
397546
398038
398546
399053
399552
400033
400535
401043
401545
402046
402533
403049
403548
404040
404546
405030
405500
406018
406501
407002
407486
407992
408515
409016
409512
410026
410517
411023
411526
412030
412510
413007
413492
413985
414486
415016
415497
416007
416481
416962
417458
417958
418460
418960
419493
420006
420505
421017
421508
422014
422516
422996
423499
423976
424463
424962
425465
425965
426468
426953
427469
427972
428448
428944
429457
429950
430443
430941
431439
431920
432404
432902
433396
433871
434399
434911
435409
435910
436422
436951
437449
437934
438432
438942
439427
439941
440418
440902
441413
441923
442429
442932
443449
443940
444430
444930
445411
445896
446394
446900
447390
447910
448421
448922
449405
449879
450377
450858
451344
451881
452389
452889
453394
453901
454377
454862
455362
455862
456350
456890
457413
457909
458401
458912
459406
459894
460395
460896
461407
461913
462434
462921
463412
463915
464433
464946
465466
465952
466464
466971
467467
467960
468494
468995
469527
470044
470541
471034
471541
472026
472522
473037
473516
474035
474529
475042
475552
476075
476578
477079
477590
478083
478581
479092
479567
480029
480528
481025
481507
481990
482489
483004
483495
483999
484521
485013
485506
486001
486495
486967
487460
487959
488475
488952
489451
489937
490443
490961
491464
491928
492442
492925
493432
493956
494433
494937
495431
495916
496412
496899
497406
497922
498415
498937
499423
