0
2
6
9
11
15
18
22
24
27
28
32
36
38
43
46
49
51
54
56
58
59
64
67
69
73
78
80
83
89
90
94
99
101
104
108
110
114
120
124
125
131
135
140
141
143
146
148
151
153
158
160
164
167
170
174
177
179
183
189
194
196
200
202
208
213
216
219
223
227
231
235
238
243
247
254
258
259
260
262
266
270
273
278
282
285
289
293
297
300
303
304
308
310
313
317
320
323
328
329
330
334
338
342
345
347
348
352
356
360
366
368
371
375
379
383
385
389
392
395
396
400
403
405
409
412
414
416
419
424
426
429
434
437
439
441
443
450
453
455
457
461
463
466
469
472
473
475
476
477
481
485
487
490
495
497
501
503
509
512
514
516
519
523
527
530
533
537
540
545
551
556
562
564
567
570
573
576
580
584
585
586
589
595
599
603
608
611
615
620
621
626
631
636
639
647
650
653
656
657
659
660
663
668
673
675
677
680
682
685
690
693
694
698
704
708
711
715
716
720
725
730
731
734
736
741
747
752
757
760
763
765
769
774
780
783
788
793
796
801
804
807
810
814
817
820
824
827
830
834
836
838
843
845
848
850
853
858
859
862
865
867
870
874
878
879
883
884
886
890
893
897
898
900
903
904
907
909
915
917
920
923
926
930
934
935
938
941
944
945
947
951
953
955
958
961
964
969
974
976
977
981
983
985
987
994
998
1001
1003
1008
1011
1014
1017
1020
1025
1029
1032
1033
1035
1038
1040
1044
1048
1052
1053
1054
1057
1063
1066
1071
1079
1083
1087
1091
1096
1100
1105
1107
1111
1115
1118
1122
1125
1127
1135
1139
1142
1146
1150
1152
1155
1156
1160
1161
1166
1170
1175
1179
1182
1183
1187
1190
1195
1196
1200
1202
1205
1207
1209
1214
1215
1219
1222
1228
1232
1236
1239
1242
1244
1247
1250
1253
1256
1260
1262
1265
1268
1272
1274
1277
1280
1285
1287
1290
1293
1295
1301
1303
1306
1309
1312
1314
1317
1321
1325
1329
1336
1339
1343
1348
1352
1356
1361
1364
1367
1369
1374
1379
1381
1383
1385
1388
1391
1394
1397
1401
1402
1406
1411
1413
1416
1418
1421
1424
1428
1433
1437
1441
1445
1448
1451
1457
1460
1462
1464
1466
1469
1473
1476
1477
1479
1484
1485
1487
1490
1497
1498
1500
1504
1507
1510
1514
1519
1520
1521
1526
1529
1532
1535
1538
1542
1545
1548
1552
1557
1563
1567
1569
1570
1574
1576
1580
1585
1588
1594
1598
1601
1606
1607
1609
1613
1616
1620
1623
1626
1628
1633
1637
1638
1640
1641
1644
1651
1655
1658
1662
1664
1667
1671
1675
1676
1680
1684
1688
1693
1695
1696
1701
1705
1710
1714
1717
1722
1725
1728
1731
1733
1739
1742
1743
1744
1749
1753
1755
1759
1761
1765
1768
1771
1774
1776
1779
1781
1783
1786
1790
1793
1796
1798
1801
1805
1809
1813
1815
1817
1821
1823
1826
1828
1833
1837
1841
1844
1848
1850
1853
1858
1862
1864
1866
1871
1872
1874
1878
1880
1884
1886
1889
1891
1894
1896
1897
1899
1905
1909
1916
1918
1921
1926
1927
1933
1940
1942
1945
1950
1953
1957
1960
1963
1965
1968
1969
1973
1976
1979
1984
1985
1989
1992
1997
1999
2003
2006
2013
2017
2019
2023
2024
2026
2029
2034
2039
2045
2048
2051
2054
2058
2061
2068
2070
2076
2080
2083
2085
2088
2091
2097
2099
2103
2106
2110
2113
2116
2119
2120
2125
2131
2133
2137
2140
2144
2146
2149
2153
2156
2158
2159
2163
2166
2169
2173
2178
2179
2181
2183
2184
2188
2191
2196
2200
2203
2205
2209
2212
2216
2219
2221
2223
2225
2228
2233
2238
2242
2245
2247
2250
2253
2254
2259
2264
2269
2272
2275
2281
2285
2288
2289
2292
2293
2297
2299
2301
2305
2308
2311
2314
2317
2322
2325
2331
2335
2340
2343
2344
2346
2349
2352
2355
2360
2363
2366
2373
2376
2379
2383
2387
2392
2394
2396
2398
2399
2403
2408
2410
2413
2416
2420
2422
2425
2429
2434
2437
2442
2444
2449
2452
2455
2458
2463
2467
2470
2472
2477
2482
2487
2489
2491
2493
2496
2499
2502
2507
2511
2515
2520
2525
2528
2531
2533
2536
2538
2543
2547
2548
2552
2557
2562
2566
2569
2571
2575
2579
2581
2583
2587
2590
2592
2595
2599
2600
2603
2605
2612
2615
2618
2621
2623
2626
2629
2632
2635
2639
2641
2643
2644
2647
2648
2649
2652
2654
2658
2661
2666
2668
2671
2676
2678
2681
2684
2686
2691
2695
2699
2703
2706
2710
2713
2714
2719
2720
2724
2727
2730
2733
2738
2742
2744
2750
2753
2754
2756
2760
2764
2768
2771
2773
2777
2780
2784
2787
2791
2794
2797
2801
2804
2806
2810
2813
2815
2818
2821
2824
2827
2830
2834
2835
2837
2842
2847
2852
2855
2859
2862
2866
2871
2875
2879
2882
2885
2887
2891
2892
2898
2903
2906
2909
2914
2915
2918
2923
2925
2930
2934
2939
2940
2943
2948
2954
2956
2960
2965
2966
2970
2973
2975
2980
2984
2988
2991
2993
2998
3004
3006
3011
3014
3018
3020
3024
3026
3029
3030
3034
3038
3041
3043
3048
3050
3053
3055
3056
3059
3062
3063
3066
3069
3074
3076
3081
3083
3085
3088
3089
3095
3097
3099
3102
3107
3112
3116
3121
3122
3124
3125
3130
3132
3134
3139
3142
3144
3148
3151
3154
3155
3157
3161
3163
3167
3170
3174
3178
3181
3184
3188
3189
3190
3195
3200
3204
3206
3211
3213
3218
3220
3225
3229
3232
3238
3242
3246
3251
3255
3259
3261
3263
3268
3270
3271
3274
3277
3283
3287
3290
3292
3295
3298
3303
3306
3309
3310
3313
3315
3318
3322
3325
3329
3331
3336
3340
3343
3346
3350
3353
3356
3361
3364
3365
3369
3373
3374
3375
3378
3381
3383
3387
3388
3390
3395
3399
3402
3406
3408
3412
3416
3419
3420
3422
3425
3430
3434
3438
3440
3444
3447
3450
3454
3457
3459
3462
3466
3470
3475
3477
3480
3483
3486
3491
3495
3499
3503
3507
3512
3516
3518
3520
3524
3526
3530
3532
3538
3545
3548
3553
3556
3560
3564
3570
3571
3573
3576
3579
3582
3585
3586
3587
3589
3591
3594
3595
3598
3603
3605
3606
3610
3613
3618
3621
3622
3625
3630
3635
3638
3645
3647
3650
3652
3653
3656
3661
3665
3670
3674
3676
3678
3683
3685
3690
3694
3697
3702
3705
3711
3715
3719
3720
3723
3725
3730
3732
3736
3738
3741
3744
3750
3752
3755
3757
3761
3765
3766
3771
3775
3777
3779
3784
3786
3789
3793
3799
3803
3805
3807
3811
3814
3817
3818
3819
3825
3829
3833
3835
3840
3844
3846
3849
3850
3855
3857
3860
3862
3866
3870
3873
3879
3881
3884
3886
3890
3896
3898
3902
3905
3907
3911
3915
3919
3925
3927
3930
3931
3934
3937
3938
3942
3945
3950
3952
3957
3961
3966
3969
3970
3975
3978
3981
3983
3984
3986
3987
3989
3993
3997
3999
4001
4005
4007
4011
4015
4019
4023
4026
4028
4032
4036
4039
4043
4048
4052
4055
4060
4063
4065
4067
4070
4075
4078
4082
4085
4088
4092
4096
4099
4102
4103
4104
4108
4110
4115
4118
4122
4124
4126
4129
4133
4135
4139
4145
4150
4153
4157
4160
4161
4163
4168
4170
4173
4174
4176
4178
4179
4182
4186
4192
4194
4196
4200
4202
4207
4211
4215
4220
4222
4225
4226
4231
4234
4236
4242
4246
4250
4255
4258
4260
4262
4266
4269
4272
4276
4279
4282
4285
4288
4291
4295
4301
4302
4305
4309
4312
4314
4318
4321
4323
4324
4328
4332
4335
4339
4342
4344
4347
4351
4354
4356
4363
4366
4368
4371
4374
4378
4381
4383
4384
4387
4390
4393
4399
4403
4405
4406
4410
4414
4415
4421
4422
4425
4428
4430
4433
4435
4440
4446
4448
4450
4453
4455
4458
4462
4468
4469
4474
4476
4478
4482
4484
4486
4489
4491
4495
4497
4501
4505
4510
4515
4516
4517
4522
4526
4529
4534
4539
4542
4547
4551
4553
4559
4563
4567
4570
4573
4576
4580
4582
4586
4588
4589
4592
4597
4601
4602
4607
4612
4614
4621
4622
4628
4631
4635
4639
4644
4648
4650
4652
4654
4657
4661
4663
4666
4671
4675
4676
4679
4682
4686
4688
4692
4696
4701
4706
4707
4709
4712
4716
4718
4720
4723
4726
4728
4730
4733
4737
4739
4740
4743
4745
4749
4753
4754
4755
4759
4762
4764
4768
4771
4775
4776
4777
4781
4786
4787
4791
4796
4799
4800
4801
4804
4806
4808
4812
4815
4817
4819
4824
4829
4834
4838
4841
4846
4848
4853
4855
4856
4859
4860
4863
4870
4873
4877
4879
4882
4885
4889
4893
4896
4899
4901
4904
4906
4908
4910
4913
4914
4916
4919
4922
4926
4928
4933
4935
4936
4939
4944
4946
4951
4955
4958
4960
4962
4965
4969
4971
4975
4978
4983
4987
4990
4993
4997
5000
5002
5003
5007
5010
5014
5017
5019
5024
5027
5030
5032
5034
5038
5040
5044
5048
5052
5055
5060
5062
5066
5071
5075
5080
5083
5086
5089
5091
5093
5097
5102
5105
5108
5110
5113
5114
5117
5122
5124
5128
5132
5137
5142
5148
5152
5153
5156
5161
5165
5169
5175
5178
5181
5185
5188
5190
5194
5198
5200
5203
5207
5209
5212
5213
5216
5220
5223
5227
5231
5236
5239
5240
5243
5245
5249
5254
5256
5262
5264
5269
5273
5278
5281
5284
5285
5290
5294
5297
5302
5305
5310
5313
5315
5318
5323
5326
5331
5332
5334
5336
5338
5341
5344
5349
5352
5357
5360
5361
5367
5369
5373
5378
5381
5383
5386
5387
5390
5394
5397
5400
5401
5404
5406
5408
5412
5415
5419
5420
5423
5425
5427
5430
5436
5441
5446
5449
5452
5455
5459
5461
5463
5465
5470
5473
5476
5480
5484
5487
5490
5493
5495
5498
5500
5502
5508
5510
5513
5517
5523
5526
5530
5535
5536
5539
5543
5547
5550
5552
5555
5559
5561
5565
5568
5573
5575
5579
5583
5586
5589
5593
5597
5599
5602
5605
5607
5608
5609
5612
5617
5620
5623
5627
5632
5635
5637
5644
5648
5651
5653
5656
5661
5665
5669
5671
5672
5676
5679
5684
5688
5690
5693
5696
5699
5704
5708
5709
5712
5716
5718
5723
5724
5728
5732
5736
5741
5745
5748
5753
5757
5760
5762
5766
5767
5770
5771
5772
5775
5779
5784
5786
5789
5791
5796
5800
5803
5806
5809
5813
5814
5818
5820
5822
5826
5828
5830
5831
5834
5835
5837
5841
5845
5846
5851
5854
5861
5867
5871
5876
5880
5884
5885
5888
5892
5896
5899
5902
5906
5910
5913
5915
5920
5924
5927
5929
5932
5935
5940
5944
5949
5953
5957
5958
5963
5966
5969
5973
5976
5980
5985
5987
5989
5992
5997
5999
6001
6004
6006
6011
6015
6021
6026
6033
6035
6040
6043
6047
6050
6052
6054
6059
6063
6066
6068
6070
6077
6079
6081
6087
6092
6097
6103
6107
6110
6113
6115
6118
6120
6122
6123
6127
6131
6133
6138
6142
6146
6150
6152
6157
6160
6162
6163
6167
6171
6174
6178
6183
6186
6190
6191
6193
6195
6199
6200
6203
6208
6212
6217
6218
6220
6224
6226
6227
6229
6234
6237
6239
6240
6244
6248
6253
6254
6256
6261
6264
6269
6271
6276
6282
6285
6286
6291
6294
6298
6303
6308
6309
6312
6317
6320
6326
6330
6333
6337
6338
6340
6342
6345
6352
6356
6357
6360
6365
6367
6372
6374
6377
6381
6385
6388
6390
6393
6396
6400
6404
6406
6409
6414
6418
6423
6428
6429
6430
6436
6439
6442
6444
6447
6451
6454
6457
6459
6461
6463
6469
6471
6475
6476
6479
6483
6486
6491
6493
6497
6501
6503
6506
6509
6511
6514
6517
6520
6523
6526
6528
6532
6536
6538
6542
6545
6548
6550
6554
6557
6561
6565
6567
6574
6580
6585
6587
6589
6591
6593
6597
6600
6602
6607
6612
6616
6622
6625
6629
6632
6634
6637
6642
6645
6647
6649
6653
6655
6659
6662
6665
6669
6670
6671
6677
6681
6683
6684
6687
6692
6698
6700
6703
6709
6711
6715
6716
6718
6723
6727
6729
6734
6735
6741
6743
6747
6753
6756
6759
6763
6767
6773
6777
6780
6784
6787
6790
6792
6795
6799
6801
6806
6810
6813
6819
6821
6825
6828
6832
6836
6841
6842
6848
6851
6854
6857
6862
6867
6871
6875
6879
6883
6887
6890
6891
6893
6894
6896
6901
6905
6908
6911
6914
6920
6923
6926
6930
6934
6935
6939
6944
6947
6952
6956
6959
6964
6966
6967
6969
6973
6976
6984
6989
6994
6995
6997
7001
7005
7009
7014
7015
7021
7023
7027
7031
7034
7040
7044
7045
7048
7052
7057
7060
7063
7067
7070
7076
7077
7081
7086
7090
7095
7099
7103
7107
7111
7113
7116
7118
7123
7128
7131
7133
7134
7137
7140
7141
7143
7146
7151
7157
7162
7166
7167
7169
7173
7175
7178
7181
7183
7189
7193
7198
7203
7205
7208
7209
7214
7216
7220
7225
7229
7232
7236
7240
7244
7247
7250
7252
7254
7257
7261
7262
7266
7269
7272
7275
7277
7282
7285
7288
7291
7295
7299
7303
7305
7312
7316
7318
7321
7324
7327
7329
7331
7332
7335
7337
7341
7343
7348
7352
7354
7358
7364
7365
7367
7371
7376
7378
7379
7383
7388
7392
7395
7399
7401
7404
7406
7408
7413
7417
7422
7427
7430
7431
7435
7436
7439
7442
7447
7452
7457
7461
7462
7464
7466
7470
7473
7479
7483
7485
7488
7492
7497
7501
7506
7508
7512
7516
7520
7524
7526
7528
7529
7532
7536
7539
7544
7548
7551
7554
7559
7562
7564
7565
7566
7568
7571
7575
7577
7581
7586
7589
7593
7597
7600
7605
7610
7614
7617
7620
7622
7625
7629
7630
7633
7638
7644
7648
7651
7653
7657
7658
7662
7664
7668
7673
7677
7678
7680
7684
7688
7694
7695
7697
7702
7705
7708
7711
7714
7719
7723
7728
7732
7736
7739
7742
7746
7749
7752
7755
7758
7761
7764
7765
7767
7770
7773
7775
7777
7779
7783
7786
7790
7792
7796
7800
7802
7804
7805
7807
7810
7814
7820
7824
7828
7829
7833
7835
7840
7843
7845
7849
7850
7852
7854
7860
7862
7865
7867
7870
7872
7874
7877
7881
7884
7885
7888
7889
7893
7897
7900
7903
7908
7912
7917
7921
7924
7928
7930
7934
7938
7941
7945
7947
7951
7957
7960
7967
7972
7979
7980
7985
7990
7995
7997
8000
8004
8007
8011
8013
8015
8017
8020
8025
8029
8031
8033
8036
8042
8045
8051
8055
8057
8058
8061
8064
8069
8072
8074
8077
8082
8084
8085
8088
8089
8092
8095
8098
8102
8104
8108
8113
8114
8118
8121
8126
8129
8132
8134
8135
8138
8141
8143
8144
8146
8150
8153
8154
8157
8160
8165
8168
8171
8175
8178
8182
8185
8186
8193
8198
8200
8201
8203
8208
8213
8215
8219
8223
8225
8229
8231
8236
8238
8243
8247
8249
8254
8256
8257
8259
8262
8268
8273
8276
8279
8282
8286
8290
8293
8295
8297
8299
8301
8305
8310
8314
8319
8323
8325
8327
8332
8334
8337
8341
8344
8347
8351
8352
8353
8356
8357
8362
8365
8367
8372
8375
8378
8381
8385
8390
8396
8401
8406
8410
8412
8415
8418
8422
8426
8428
8432
8435
8439
8441
8443
8446
8449
8452
8454
8456
8458
8462
8468
8471
8475
8478
8481
8486
8490
8492
8498
8500
8505
8508
8512
8515
8517
8520
8522
8525
8528
8532
8536
8540
8544
8548
8551
8554
8557
8561
8565
8568
8570
8576
8580
8583
8586
8591
8596
8600
8603
8606
8609
8614
8615
8618
8622
8627
8631
8635
8639
8644
8648
8651
8655
8658
8660
8663
8666
8668
8671
8672
8675
8679
8680
8686
8688
8690
8695
8699
8704
8706
8709
8714
8717
8721
8727
8730
8734
8739
8743
8745
8750
8753
8758
8762
8764
8768
8773
8774
8777
8778
8781
8784
8787
8792
8794
8795
8799
8801
8804
8807
8811
8812
8814
8816
8819
8823
8828
8832
8833
8836
8838
8840
8844
8847
8852
8857
8860
8864
8868
8870
8875
8881
8886
8889
8890
8891
8897
8899
8902
8907
8909
8912
8914
8916
8918
8920
8925
8928
8929
8932
8934
8938
8944
8949
8954
8957
8962
8966
8968
8971
8977
8980
8985
8988
8993
8997
8999
9001
9003
9005
9008
9011
9013
9014
9015
9019
9023
9026
9028
9032
9034
9036
9037
9041
9044
9049
9051
9054
9057
9060
9062
9064
9067
9071
9074
9078
9080
9084
9089
9091
9093
9096
9102
9104
9105
9109
9114
9116
9118
9120
9122
9127
9128
9130
9132
9135
9140
9144
9146
9151
9156
9159
9163
9165
9169
9172
9176
9181
9184
9185
9190
9195
9197
9200
9206
9207
9209
9213
9216
9220
9222
9224
9229
9232
9233
9236
9237
9239
9243
9246
9248
9251
9254
9256
9260
9264
9266
9268
9270
9271
9272
9276
9279
9284
9287
9291
9295
9299
9301
9302
9307
9308
9310
9314
9316
9319
9322
9323
9325
9329
9331
9332
9334
9339
9341
9342
9346
9350
9352
9353
9355
9359
9362
9363
9365
9369
9373
9375
9380
9381
9383
9387
9392
9394
9399
9402
9405
9408
9412
9418
9419
9425
9426
9430
9434
9439
9443
9446
9449
9455
9462
9464
9466
9470
9473
9476
9480
9481
9485
9487
9490
9493
9495
9499
9501
9503
9508
9511
9516
9520
9525
9530
9532
9536
9538
9543
9548
9549
9553
9555
9560
9564
9567
9570
9572
9575
9581
9584
9587
9589
9596
9599
9601
9604
9605
9610
9614
9618
9622
9627
9632
9634
9638
9641
9642
9645
9648
9651
9654
9656
9658
9661
9664
9668
9671
9674
9675
9678
9681
9684
9687
9689
9692
9693
9697
9700
9704
9705
9709
9710
9711
9713
9717
9721
9725
9728
9729
9730
9733
9737
9739
9743
9747
9751
9752
9757
9762
9768
9770
9777
9780
9783
9787
9792
9796
9800
9802
9805
9806
9810
9813
9816
9819
9822
9824
9827
9829
9832
9837
9840
9844
9848
9850
9852
9856
9860
9861
9862
9863
9866
9869
9871
9875
9876
9879
9881
9885
9892
9895
9898
9901
9904
9907
9911
9914
9915
9922
9928
9929
9933
9934
9935
9938
9940
9945
9948
9951
9955
9961
9962
9967
9968
9969
9972
9975
9976
9981
9986
9990
9992
9996
9999
10002
10005
10009
10012
10015
10019
10021
10026
10028
10031
10034
10036
10041
10042
10044
10048
10051
10054
10057
10063
10066
10068
10069
10074
10078
10085
10087
10090
10094
10099
10103
10106
10110
10112
10115
10120
10122
10126
10129
10132
10138
10142
10147
10149
10152
10155
10158
10161
10162
10166
10169
10173
10178
10179
10184
10189
10191
10195
10201
10205
10209
10211
10216
10219
10223
10227
10232
10236
10240
10245
10248
10251
10255
10258
10262
10267
10269
10271
10275
10279
10284
10287
10289
10292
10297
10302
10307
10311
10313
10316
10319
10323
10328
10334
10336
10338
10340
10343
10346
10348
10351
10353
10357
10359
10362
10364
10366
10369
10372
10374
10377
10380
10382
10385
10388
10391
10394
10399
10401
10403
10407
10409
10412
10414
10420
10422
10424
10426
10428
10433
10435
10440
10444
10446
10450
10454
10457
10463
10466
10468
10471
10475
10478
10482
10486
10490
10495
10496
10499
10505
10509
10511
10515
10518
10520
10526
10528
10529
10531
10533
10537
10539
10543
10548
10553
10556
10558
10565
10566
10568
10571
10575
10581
10586
10589
10594
10599
10604
10607
10613
10616
10620
10624
10628
10631
10633
10636
10640
10643
10645
10649
10651
10653
10657
10661
10665
10668
10670
10672
10674
10677
10681
10682
10687
10691
10696
10700
10701
10704
10708
10711
10714
10718
10720
10723
10727
10728
10731
10733
10735
10737
10739
10740
10742
10745
10750
10755
10760
10764
10768
10771
10775
10778
10779
10781
10785
10788
10792
10794
10799
10802
10804
10808
10812
10814
10817
10821
10825
10827
10830
10833
10837
10840
10841
10842
10844
10845
10849
10852
10856
10858
10862
10863
10867
10873
10876
10880
10883
10885
10888
10893
10895
10899
10902
10904
10906
10913
10916
10918
10920
10922
10925
10930
10934
10939
10941
10946
10949
10952
10954
10957
10960
10963
10966
10968
10971
10973
10976
10980
10984
10986
10987
10991
10996
10999
11001
11004
11008
11011
11016
11019
11024
11030
11033
11038
11042
11047
11049
11054
11058
11061
11064
11065
11068
11071
11073
11074
11076
11080
11082
11083
11086
11088
11094
11095
11100
11104
11110
11112
11116
11118
11122
11123
11128
11129
11133
11136
11137
11140
11142
11146
11151
11155
11160
11163
11166
11170
11172
11176
11177
11180
11183
11187
11189
11192
11196
11199
11204
11208
11213
11216
11219
11223
11224
11227
11230
11232
11235
11240
11246
11249
11254
11258
11264
11266
11269
11274
11276
11281
11283
11286
11289
11293
11297
11301
11305
11309
11313
11315
11319
11323
11327
11329
11334
11337
11342
11346
11350
11351
11357
11359
11363
11365
11368
11371
11372
11376
11378
11381
11382
11386
11388
11392
11394
11397
11402
11407
11409
11414
11418
11421
11423
11426
11428
11431
11434
11437
11440
11441
11446
11449
11452
11455
11459
11463
11467
11471
11476
11483
11484
11488
11490
11492
11498
11500
11504
11508
11511
11514
11518
11519
11524
11528
11529
11535
11539
11543
11546
11548
11549
11550
11551
11553
11557
11562
11565
11569
11572
11576
11582
11587
11592
11596
11602
11604
11607
11611
11615
11618
11622
11625
11629
11634
11641
11643
11646
11649
11656
11660
11665
11669
11674
11680
11682
11687
11690
11693
11698
11703
11708
11714
11717
11721
11725
11730
11735
11738
11739
11744
11746
11751
11756
11760
11764
11765
11769
11772
11775
11780
11782
11787
11789
11792
11794
11797
11802
11807
11809
11811
11814
11819
11823
11827
11830
11835
11838
11842
11846
11847
11852
11855
11858
11861
11864
11869
11872
11876
11879
11880
11883
11885
11887
11891
11893
11896
11898
11900
11902
11906
11909
11915
11918
11921
11922
11925
11928
11929
11932
11934
11937
11942
11946
11949
11954
11958
11960
11963
11966
11969
11972
11976
11978
11980
11983
11987
11988
11992
11994
11997
12000
12002
12007
12010
12014
12018
12022
12027
12028
12030
12033
12035
12038
12041
12044
12049
12051
12055
12058
12062
12065
12068
12071
12072
12076
12078
12081
12087
12092
12095
12098
12099
12102
12106
12110
12111
12116
12122
12124
12128
12131
12133
12137
12138
12141
12143
12145
12147
12148
12150
12153
12157
12159
12162
12165
12170
12175
12178
12182
12184
12187
12190
12195
12198
12201
12204
12209
12212
12215
12218
12221
12223
12229
12231
12233
12236
12241
12243
12245
12246
12249
12250
12251
12255
12258
12260
12262
12264
12270
12273
12278
12281
12283
12287
12289
12295
12299
12304
12305
12309
12310
12315
12317
12320
12324
12327
12330
12334
12336
12340
12344
12347
12351
12353
12356
12358
12362
12364
12369
12373
12376
12378
12380
12382
12387
12389
12395
12398
12401
12403
12407
12412
12413
12414
12417
12420
12422
12426
12432
12435
12440
12443
12449
12452
12457
12461
12465
12468
12473
12474
12475
12477
12480
12485
12488
12492
12495
12496
12499
12502
12503
12506
12510
12511
12513
12515
12518
12520
12523
12527
12531
12536
12540
12543
12545
12550
12555
12558
12560
12564
12565
12567
12570
12575
12582
12587
12592
12593
12595
12597
12598
12599
12601
12603
12605
12607
12613
12617
12619
12622
12625
12628
12632
12637
12640
12644
12650
12654
12658
12661
12666
12669
12672
12677
12681
12683
12686
12689
12691
12693
12696
12697
12703
12706
12710
12713
12717
12723
12726
12730
12733
12737
12741
12742
12745
12746
12748
12753
12759
12763
12766
12769
12771
12775
12779
12781
12783
12789
12793
12798
12799
12803
12807
12810
12813
12817
12822
12827
12831
12833
12835
12836
12840
12844
12846
12848
12852
12856
12858
12862
12864
12865
12870
12876
12880
12884
12888
12891
12895
12897
12898
12903
12906
12909
12910
12912
12915
12919
12924
12929
12933
12939
12941
12947
12949
12953
12957
12961
12964
12968
12969
12972
12975
12977
12982
12984
12989
12991
12996
13000
13004
13009
13011
13013
13016
13021
13027
13030
13034
13040
13041
13044
13047
13050
13052
13055
13057
13060
13066
13068
13070
13076
13077
13081
13084
13085
13087
13089
13091
13093
13098
13102
13105
13107
13110
13115
13120
13122
13126
13129
13134
13138
13142
13147
13151
13155
13159
13163
13167
13168
13170
