0
7
15
23
31
39
47
54
62
70
78
86
94
102
110
118
126
134
142
150
158
166
174
182
190
198
206
214
220
228
236
244
252
260
268
276
284
292
300
308
316
324
332
340
348
356
363
371
378
386
394
402
409
416
423
431
438
446
454
462
470
478
486
494
502
510
518
525
532
540
548
556
563
571
579
587
595
603
611
619
627
635
643
651
657
664
672
679
687
695
703
710
718
726
734
742
750
758
766
774
782
790
798
806
814
821
829
837
844
852
860
868
876
884
892
899
906
914
922
930
938
946
954
962
970
978
986
994
1002
1010
1018
1026
1034
1042
1050
1058
1066
1074
1082
1090
1098
1106
1114
1122
1130
1138
1146
1153
1161
1168
1175
1183
1191
1199
1207
1215
1223
1231
1239
1246
1254
1262
1270
1278
1286
1294
1302
1310
1318
1326
1334
1342
1349
1357
1365
1373
1381
1389
1397
1405
1413
1421
1429
1437
1445
1453
1461
1469
1477
1485
1493
1501
1509
1517
1525
1533
1541
1549
1556
1563
1571
1579
1587
1595
1603
1611
1619
1627
1635
1643
1651
1659
1665
1673
1681
1689
1697
1704
1712
1720
1728
1736
1743
1751
1759
1766
1774
1782
1790
1798
1806
1814
1822
1830
1837
1845
1853
1860
1868
1875
1883
1891
1899
1907
1915
1923
1931
1939
1947
1955
1963
1971
1979
1987
1995
2003
2011
2019
2027
2035
2043
2051
2059
2067
2074
2082
2090
2098
2106
2114
2122
2130
2137
2145
2153
2161
2169
2177
2185
2193
2201
2209
2217
2225
2233
2240
2247
2255
2263
2271
2279
2287
2295
2303
2311
2319
2327
2335
2343
2351
2359
2367
2375
2383
2391
2399
2407
2415
2423
2431
2439
2447
2454
2462
2469
2477
2485
2493
2501
2509
2517
2525
2533
2541
2549
2557
2565
2573
2581
2589
2597
2605
2613
2621
2629
2637
2645
2652
2660
2668
2675
2683
2691
2698
2706
2714
2722
2730
2738
2746
2754
2762
2770
2778
2786
2794
2802
2810
2818
2826
2833
2840
2848
2856
2864
2872
2880
2888
2896
2903
2911
2918
2926
2934
2942
2950
2958
2966
2974
2982
2990
2998
3006
3014
3021
3029
3037
3045
3053
3061
3069
3077
3085
3093
3101
3109
3117
3125
3133
3140
3147
3154
3162
3170
3178
3186
3194
3202
3210
3216
3224
3232
3240
3248
3256
3264
3272
3280
3288
3296
3304
3312
3320
3328
3336
3344
3351
3359
3367
3375
3382
3390
3398
3406
3414
3422
3430
3438
3445
3453
3461
3469
3477
3485
3493
3501
3509
3517
3525
3533
3541
3548
3556
3564
3572
3580
3588
3596
3604
3612
3620
3628
3636
3644
3652
3660
3667
3675
3683
3690
3698
3706
3714
3720
3728
3736
3744
3751
3758
3766
3774
3782
3790
3798
3806
3814
3821
3829
3837
3845
3853
3861
3869
3877
3885
3892
3900
3908
3916
3924
3930
3938
3946
3954
3962
3970
3978
3986
3993
4001
4009
4017
4025
