0
2507
4962
7477
9962
12449
14957
17416
19937
22482
24988
27528
30070
32545
35023
37533
40010
42630
45094
47547
50100
52635
55132
57690
60190
62660
65168
67648
70112
72610
75072
77581
80057
82565
85059
87571
90013
92542
95028
97514
99952
102429
104973
107498
109979
112465
115010
117544
120054
122534
124986
127416
129920
132400
134862
137336
139869
142423
144962
147546
150064
152558
155076
157608
160146
162655
165200
167612
170105
172607
175110
177594
180064
182589
185064
187558
190068
192529
194990
197545
200075
202598
205094
207591
210136
212683
215165
217673
220194
222635
225054
227574
230116
232579
235080
237606
240048
242567
245037
247533
250072
252563
255080
257657
260171
262665
265093
267568
270065
272546
275019
277569
280013
282552
285108
287618
290131
292625
295149
297692
300182
302678
305195
307690
310144
312692
315177
317678
320228
322747
325224
327695
330168
332717
335202
337692
340143
342607
345163
347665
350190
352650
355169
357671
360186
362665
365162
367652
370127
372657
375165
377711
380220
382699
385238
387756
390314
392802
395310
397859
400331
402812
405351
407773
410270
412832
415268
417749
420256
422799
425289
427838
430242
432738
435251
437701
440191
442696
445173
447686
450222
452722
455251
457763
460246
462762
465209
467713
470189
472673
475202
477727
480184
482656
485128
487692
490145
492661
495134
497641
500129
502712
505282
507820
510374
512885
515371
517816
520383
522843
525446
527962
530430
533002
535505
538000
540495
543054
545561
548001
550497
552985
555544
558048
560487
562924
565389
567856
570350
572866
575433
577901
580373
582971
585515
587968
590467
592958
595490
597993
600461
602976
605475
608029
610498
612949
615394
617886
620461
622936
625413
627911
630415
632893
635468
637933
640432
642892
645419
647916
650386
652810
655285
657788
660196
662717
665220
667739
670267
672776
675271
677763
680273
682750
685179
687687
690159
692655
695041
697506
700000
702477
705024
707497
709925
712470
715009
717498
720019
722520
724983
727479
729962
732415
734885
737307
739809
742319
744773
747323
749807
752309
754741
757221
759718
762281
764818
767297
769778
772331
774807
777302
779855
782310
784824
787352
789844
792378
794929
797471
799994
802439
804972
807554
810055
812588
815066
817579
820031
822590
825044
827569
830079
832578
835078
837587
840141
842586
845024
847520
850002
852481
854938
857421
859868
862331
864847
867415
869884
872373
874872
877378
879869
882405
884947
887423
889850
892339
894815
897295
899831
902373
904926
907533
910017
912540
915098
917597
920079
922540
925107
927592
930075
932585
935092
937536
940049
942624
945118
947578
950079
952543
955012
957553
960033
962575
965075
967508
969990
972424
974864
977349
979845
982385
984894
987365
989788
992315
994827
997349
999854
1002436
1004969
1007518
1010012
1012547
1014990
1017487
1019977
1022431
1024971
1027507
1029990
1032490
1034978
1037523
1039995
1042511
1045003
1047474
1049950
1052380
1054839
1057398
1059941
1062470
1064937
1067503
1069980
1072487
1074995
1077507
1079993
1082529
1085090
1087623
1090137
1092604
1095072
1097599
1100141
1102682
1105119
1107577
1110040
1112527
1115038
1117507
1119919
1122407
1124891
1127409
1129909
1132363
1134867
1137403
1139925
1142428
1144972
1147436
1149943
1152408
1154893
1157400
1159927
1162422
1164913
1167449
1169985
1172488
1174981
1177485
1179951
1182491
1185004
1187500
1190016
1192564
1195036
1197547
1200038
1202558
1204985
1207465
1210022
1212512
1215009
1217532
1219980
1222471
1224977
1227502
1229974
1232481
1234983
1237451
1240006
1242519
1245027
1247563
1250049
1252572
1255030
1257500
1260048
1262504
1265006
1267512
1270087
1272650
1275099
1277652
1280144
1282665
1285166
1287644
1290116
1292608
1295105
1297609
1300161
1302678
1305194
1307599
1310125
1312637
1315116
1317610
1320084
1322598
1325091
1327577
1330075
1332587
1335100
1337663
1340115
1342596
1345040
1347629
1350174
1352704
1355216
1357739
1360234
1362816
1365264
1367797
1370235
1372732
1375282
1377705
1380200
1382703
1385238
1387742
1390232
1392682
1395136
1397677
1400195
1402689
1405133
1407588
1410100
1412632
1415128
1417592
1420040
1422491
1424990
1427475
1429999
1432569
1435041
1437571
1440073
1442582
1445128
1447649
1450115
1452575
1455107
1457635
1460183
1462758
1465236
1467770
1470319
1472797
1475271
1477771
1480243
1482708
1485123
1487640
1490179
1492692
1495197
1497700
1500253
1502694
1505174
1507662
1510190
1512694
1515226
1517746
1520173
1522672
1525178
1527694
1530138
1532623
1535138
1537697
1540168
1542708
1545214
1547754
1550216
1552678
1555127
1557597
1560085
1562594
1565037
1567529
1569969
1572396
1574936
1577452
1580029
1582516
1584921
1587398
1589873
1592361
1594841
1597311
1599777
1602313
1604829
1607309
1609803
1612259
1614754
1617251
1619779
1622295
1624812
1627313
1629781
1632326
1634855
1637332
1639828
1642276
1644761
1647221
1649676
1652204
1654783
1657292
1659826
1662329
1664811
1667344
1669855
1672341
1674882
1677391
1679882
1682391
1684878
1687394
1689896
1692494
1695008
1697490
1699972
1702428
1704846
1707390
1709867
1712427
1714906
1717416
1719918
1722437
1724933
1727357
1729864
1732365
1734900
1737434
1739912
1742391
1744949
1747443
1749893
1752406
1754875
1757366
1759865
1762338
1764838
1767358
1769861
1772424
1774952
1777440
1779942
1782465
1784937
1787434
1790001
1792452
1794987
1797467
1799955
1802389
1804874
1807368
1809849
1812373
1814877
1817423
1819969
1822455
1824949
1827460
1829937
1832453
1834923
1837416
1839934
1842500
1844997
1847409
1849934
1852430
1854951
1857464
1860028
1862634
1865139
1867639
1870145
1872668
1875160
1877616
1880120
1882613
1885163
1887634
1890192
1892693
1895192
1897708
1900269
1902743
1905186
1907699
1910218
1912729
1915219
1917718
1920254
1922753
1925199
1927645
1930138
1932641
1935058
1937567
1940024
1942564
1945031
1947497
1949905
1952376
1954941
1957447
1959925
1962369
1964861
1967340
1969855
1972322
1974866
1977360
1979927
1982388
1984844
1987395
1989902
1992408
1994955
1997453
1999924
2002426
2004980
2007407
2009886
2012365
2014827
2017375
2019865
2022369
2024859
2027463
2029976
2032460
2034925
2037452
2039897
2042468
2044980
2047468
2049945
2052346
2054816
2057365
2059825
2062361
2064806
2067332
2069860
2072332
2074955
2077506
2080046
2082488
2084963
2087464
2089950
2092422
2094991
2097502
2099987
2102536
2105028
2107457
2109960
2112503
2114961
2117440
2119942
2122488
2125020
2127498
2130017
2132472
2134979
2137523
2140014
2142497
2144959
2147468
2149960
2152436
2154971
2157449
2159986
2162493
2164947
2167545
2170068
2172558
2174995
2177457
2180019
2182530
2185088
2187610
2190116
2192579
2195112
2197602
2200066
2202545
2205032
2207570
2210067
2212563
2215077
2217519
2220051
2222553
2225043
2227571
2230089
2232576
2235030
2237505
2239957
2242412
2244990
2247517
2250047
2252491
2255016
2257463
2259918
2262458
2264922
2267451
2270000
2272456
2274967
2277457
2279939
2282416
2284912
2287415
2289954
2292499
2295056
2297509
2300027
2302508
2304980
2307509
2310052
2312536
2315066
2317507
2320081
2322611
2325128
2327596
2330114
2332663
2335110
2337634
2340129
2342573
2345060
2347560
2350069
2352524
2354993
2357501
2359979
2362523
2365044
2367561
2370043
2372561
2375029
2377551
2380083
2382633
2385102
2387616
2390138
2392662
2395255
2397819
2400288
2402805
2405286
2407798
2410304
2412826
2415345
2417856
2420340
2422733
2425178
2427610
2430075
2432572
2435083
2437553
2440041
2442504
2445060
2447570
2450030
2452484
2454989
2457429
2459949
2462524
2465020
2467462
2469976
2472431
2474993
2477474
2479978
2482435
2484905
2487459
2489951
2492446
2494920
2497413
2499947
2502478
2504990
2507468
2509924
2512471
2514935
2517491
2519964
2522477
2524922
2527402
2529950
2532390
2534887
2537380
2539889
2542487
2545062
2547574
2550108
2552549
2554972
2557505
2560019
2562497
2564981
2567492
2570003
2572518
2574997
2577532
2580033
2582527
2585037
2587506
2589995
2592496
2595001
2597498
2599987
2602523
2605056
2607581
2610060
2612589
2614992
2617492
2619996
2622482
2624961
2627487
2629943
2632436
2634920
2637416
2639911
2642519
2644988
2647461
2649937
2652456
2654975
2657396
2659874
2662329
2664853
2667343
2669820
2672322
2674801
2677374
2679879
2682358
2684933
2687499
2690005
2692564
2695045
2697567
2700078
2702633
2705125
2707623
2710155
2712650
2715155
2717686
2720143
2722703
2725194
2727691
2730210
2732682
2735237
2737733
2740213
2742651
2745178
2747640
2750144
2752605
2755181
2757684
2760190
2762677
2765240
2767744
2770279
2772829
2775392
2777890
2780462
2782971
2785455
2787971
2790531
2793047
2795483
2798025
2800458
2802946
2805385
2807822
2810342
2812823
2815362
2817804
2820236
2822744
2825239
2827805
2830320
2832811
2835311
2837767
2840296
2842771
2845294
2847797
2850300
2852791
2855307
2857837
2860278
2862704
2865166
2867689
2870155
2872654
2875177
2877633
2880185
2882709
2885259
2887774
2890213
2892675
2895170
2897697
2900213
2902710
2905281
2907770
2910355
2912836
2915336
2917809
2920315
2922794
2925258
2927752
2930269
2932799
2935308
2937811
2940317
2942884
2945409
2947936
2950457
2952888
2955366
2957819
2960289
2962770
2965237
2967823
2970296
2972766
2975250
2977751
2980250
2982786
2985272
2987716
2990181
2992689
2995213
2997731
3000271
3002744
3005200
3007725
3010256
3012783
3015260
3017759
3020313
3022768
3025294
3027790
3030251
3032751
3035220
3037751
3040243
3042754
3045253
3047786
3050273
3052778
3055262
3057797
3060312
3062777
3065278
3067802
3070260
3072780
3075306
3077786
3080316
3082826
3085361
3087860
3090383
3092890
3095434
3097901
3100461
3102916
3105468
3107886
3110389
3112938
3115478
3118011
3120545
3123024
3125542
3128088
3130609
3133120
3135609
3138152
3140660
3143150
3145666
3148241
3150741
3153186
3155667
3158140
3160622
3163144
3165647
3168199
3170730
3173182
3175649
3178103
3180613
3183103
3185628
3188169
3190670
3193134
3195597
3198099
3200597
3203143
3205634
3208138
3210643
3213196
3215671
3218190
3220662
3223180
3225726
3228254
3230774
3233325
3235801
3238246
3240793
3243272
3245780
3248281
3250793
3253300
3255789
3258286
3260805
3263363
3265881
3268362
3270822
3273348
3275790
3278246
3280722
3283194
3285712
3288212
3290793
3293303
3295776
3298229
3300720
3303205
3305674
3308139
3310623
3313076
3315613
3318111
3320639
3323139
3325706
3328252
3330727
3333207
3335761
3338195
3340672
3343162
3345639
3348137
3350649
3353136
3355647
3358141
3360656
3363119
3365624
3368144
3370678
3373160
3375716
3378128
3380523
3383032
3385501
3387970
3390419
3392955
3395449
3397906
3400382
3402902
3405435
3407931
3410415
3412911
3415448
3417856
3420331
3422834
3425357
3427861
3430430
3432901
3435413
3437975
3440513
3442994
3445533
3448053
3450494
3452973
3455537
3458047
3460543
3463020
3465536
3468028
3470517
3473050
3475596
3478087
3480595
3483124
3485651
3488118
3490607
3493075
3495534
3498050
3500522
3502964
3505411
3507898
3510330
3512821
3515265
3517714
3520242
3522697
3525162
3527715
3530155
3532644
3535167
3537678
3540174
3542727
3545256
3547647
3550214
3552665
3555147
3557696
3560196
3562707
3565215
3567705
3570208
3572678
3575142
3577594
3580056
3582535
3585013
3587543
3590032
3592537
3595019
3597547
3600072
3602670
3605127
3607605
3610150
3612675
3615260
3617760
3620286
3622807
3625336
3627844
3630322
3632855
3635368
3637859
3640389
3642903
3645340
3647841
3650323
3652799
3655322
3657763
3660280
3662802
3665324
3667781
3670262
3672738
3675272
3677807
3680281
3682762
3685320
3687862
3690387
3692872
3695416
3697928
3700414
3702886
3705418
3707938
3710477
3712976
3715503
3718035
3720585
3723141
3725631
3728187
3730656
3733142
3735693
3738174
3740737
3743160
3745597
3748005
3750486
3752876
3755393
3757896
3760412
3762954
3765495
3768004
3770521
3772985
3775528
3778002
3780479
3783014
3785475
3787993
3790555
3793100
3795606
3798060
3800515
3802972
3805487
3808024
3810540
3812997
3815513
3817984
3820415
3822921
3825465
3827975
3830508
3833057
3835645
3838162
3840625
3843123
3845596
3848074
3850562
3853095
3855643
3858122
3860657
3863182
3865709
3868270
3870762
3873254
3875745
3878225
3880747
3883227
3885641
3888149
3890698
3893139
3895646
3898161
3900648
3903112
3905615
3908172
3910665
3913204
3915684
3918207
3920718
3923163
3925652
3928141
3930568
3933060
3935562
3938033
3940519
3943046
3945541
3948021
3950534
3953044
3955570
3958123
3960659
3963119
3965584
3968009
3970483
3972921
3975422
3977947
3980457
3982996
3985498
3988008
3990484
3993009
3995504
3997981
4000473
4002960
4005476
4007970
4010412
4012884
4015412
4017870
4020366
4022854
4025318
4027833
4030314
4032773
4035323
4037789
4040273
4042737
4045226
4047714
4050229
4052738
4055272
4057799
4060266
4062820
4065337
4067831
4070302
4072855
4075315
4077838
4080344
4082914
4085425
4087959
4090412
4093001
4095526
4098096
4100608
4103118
4105596
4108073
4110562
4113096
4115621
4118164
4120700
4123186
4125688
4128180
4130649
4133112
4135627
4138164
4140657
4143150
4145652
4148139
4150646
4153118
4155604
4158165
4160677
4163203
4165673
4168179
4170714
4173209
4175704
4178148
4180708
4183186
4185657
4188148
4190635
4193102
4195567
4198037
4200571
4203067
4205621
4208137
4210659
4213163
4215596
4218081
4220537
4222988
4225484
4227933
4230430
4232946
4235470
4237987
4240500
4242999
4245462
4248014
4250551
4253102
4255638
4258178
4260639
4263071
4265606
4268145
4270623
4273171
4275650
4278144
4280718
4283155
4285681
4288170
4290646
4293149
4295664
4298114
4300585
4303125
4305572
4308076
4310565
4313034
4315575
4318107
4320601
4323119
4325543
4328082
4330586
4333124
4335638
4338128
4340591
4343138
4345610
4348182
4350676
4353176
4355656
4358137
4360656
4363208
4365734
4368236
4370709
4373205
4375630
4378222
4380754
4383268
4385748
4388231
4390742
4393239
4395802
4398319
4400820
4403351
4405880
4408314
4410870
4413390
4415883
4418348
4420822
4423308
4425877
4428312
4430792
4433270
4435753
4438269
4440809
4443317
4445826
4448306
4450861
4453391
4455871
4458312
4460805
4463328
4465847
4468346
4470787
4473219
4475796
4478350
4480883
4483402
4485921
4488388
4490904
4493446
4495858
4498412
4500919
4503428
4505967
4508439
4510900
4513398
4515877
4518376
4520822
4523322
4525841
4528340
4530823
4533273
4535779
4538257
4540730
4543165
4545656
4548032
4550466
4552947
4555497
4558067
4560536
4563069
4565595
4568063
4570543
4573087
4575623
4578124
4580646
4583120
4585559
4588115
4590595
4593063
4595564
4598081
4600619
4603139
4605610
4608072
4610552
4613060
4615504
4617967
4620422
4622918
4625414
4627880
4630413
4632945
4635425
4637914
4640419
4642904
4645398
4647964
4650434
4652879
4655378
4657846
4660323
4662854
4665417
4667943
4670422
4672931
4675482
4678010
4680453
4682973
4685420
4687888
4690369
4692886
4695408
4697868
4700388
4702875
4705328
4707865
4710366
4712931
4715429
4717919
4720364
4722909
4725494
4727966
4730450
4732976
4735456
4737942
4740417
4742887
4745388
4747869
4750403
4752955
4755505
4758006
4760532
4763026
4765515
4767988
4770526
4773011
4775481
4777962
4780389
4782908
4785351
4787863
4790384
4792880
4795345
4797863
4800359
4802837
4805373
4807905
4810401
4812851
4815338
4817817
4820291
4822768
4825228
4827754
4830233
4832720
4835211
4837732
4840266
4842787
4845228
4847746
4850303
4852813
4855318
4857789
4860251
4862785
4865198
4867709
4870247
4872723
4875199
4877704
4880209
4882739
4885293
4887814
4890314
4892855
4895421
4897904
4900403
4902849
4905306
4907815
4910278
4912765
4915274
4917768
4920291
4922795
4925284
4927716
4930166
4932708
4935269
4937653
4940127
4942592
4945057
4947527
4949909
4952429
4954927
4957428
4959991
4962501
4964950
4967480
4969945
4972441
4974965
4977478
4979995
4982507
4985045
4987648
4990200
4992720
4995186
4997692
5000150
5002637
5005136
5007561
5010083
5012581
5015030
5017515
5019976
5022481
5024978
5027454
5029978
5032437
5034938
5037558
5040039
5042544
5045115
5047680
5050112
5052561
5055005
5057581
5060093
5062604
5065058
5067553
5070071
5072621
5075146
5077671
5080120
5082591
5085119
5087633
5090130
5092588
5095097
5097558
5100145
5102679
5105252
5107716
5110234
5112699
5115204
5117690
5120209
5122695
5125163
5127651
5130128
5132632
5135164
5137594
5140038
5142562
5145048
5147523
5150053
5152629
5155106
5157656
5160145
5162655
5165126
5167623
5170032
5172497
5175005
5177515
5180006
5182489
5185027
5187549
5190078
5192566
5195045
5197564
5200070
5202538
5204997
5207479
5209965
5212421
5214885
5217347
5219876
5222402
5224919
5227440
5229925
5232424
5234862
5237363
5239876
5242390
5244899
5247404
5249888
5252383
5254860
5257437
5259893
5262406
5264938
5267391
5269861
5272312
5274858
5277362
5279836
5282287
5284805
5287311
5289827
5292327
5294788
5297249
5299752
5302257
5304734
5307210
5309738
5312201
5314692
5317169
5319621
5322128
5324680
5327189
5329679
5332190
5334688
5337164
5339638
5342216
5344730
5347213
5349708
5352166
5354690
5357226
5359710
5362236
5364679
5367184
5369691
5372157
5374604
5377087
5379621
5382119
5384617
5387186
5389673
5392189
5394666
5397170
5399651
5402149
5404616
5407103
5409593
5412082
5414585
5417047
5419519
5422023
5424562
5427133
5429578
5432072
5434590
5437086
5439574
5442150
5444649
5447161
5449595
5452078
5454522
5457044
5459545
5462002
5464470
5466970
5469432
5471911
5474356
5476868
5479355
5481819
5484296
5486811
5489285
5491840
5494300
5496769
5499271
5501740
5504204
5506723
5509235
5511718
5514217
5516707
5519239
5521661
5524169
5526660
5529142
5531653
5534160
5536652
5539106
5541617
5544056
5546532
5549072
5551592
5554100
5556614
5559101
5561622
5564150
5566667
5569107
5571626
5574137
5576663
5579212
5581792
5584272
5586826
5589292
5591844
5594333
5596827
5599334
5601741
5604311
5606809
5609282
5611772
5614290
5616813
5619338
5621938
5624424
5626889
5629328
5631814
5634308
5636807
5639290
5641753
5644298
5646786
5649282
5651722
5654216
5656660
5659133
5661662
5664097
5666670
5669179
5671667
5674125
5676618
5679068
5681561
5684058
5686534
5689031
5691532
5693991
5696479
5699007
5701505
5703995
5706523
5709006
5711527
5714016
5716523
5719063
5721538
5724065
5726584
5729077
5731576
5734072
5736565
5739115
5741639
5744145
5746593
5749110
5751622
5754139
5756654
5759152
5761686
5764164
5766679
5769183
5771647
5774126
5776559
5779095
5781626
5784127
5786595
5789070
5791582
5794055
5796562
5798992
5801542
5804068
5806575
5809060
5811531
5813994
5816465
5818899
5821445
5823898
5826428
5828903
5831438
5833899
5836393
5838883
5841355
5843790
5846289
5848812
5851351
5853908
5856438
5858921
5861357
5863880
5866340
5868859
5871389
5873854
5876314
5878889
5881383
5883882
5886384
5888904
5891359
5893893
5896416
5898922
5901386
5903851
5906349
5908844
5911379
5913901
5916461
5919009
5921465
5923988
5926483
5928976
5931515
5934052
5936523
5939053
5941553
5944142
5946591
5949021
5951460
5953941
5956440
5958928
5961430
5963903
5966419
5968908
5971385
5973923
5976435
5978955
5981435
5983948
5986431
5988880
5991383
5993830
5996359
5998875
6001382
6003850
6006347
6008896
6011352
6013853
6016337
6018831
6021395
6023924
6026504
6028926
6031350
6033852
6036339
6038819
6041344
6043853
6046326
6048845
6051396
6053849
6056340
6058920
6061412
6063885
6066386
6068924
6071440
6073948
6076447
6078953
6081442
6083907
6086364
6088782
6091245
6093772
6096311
6098779
6101243
6103758
6106183
6108648
6111145
6113675
6116228
6118736
6121248
6123730
6126220
6128727
6131208
6133697
6136184
6138676
6141154
6143608
6146103
6148580
6151085
6153580
6156070
6158604
6161097
6163615
6166127
6168624
6171171
6173675
6176198
6178744
6181276
6183809
6186318
6188830
6191366
6193803
6196313
6198872
6201347
6203808
6206266
6208754
6211250
6213775
6216273
6218749
6221296
6223836
6226354
6228824
6231289
6233758
6236256
6238825
6241300
6243752
6246238
6248799
6251343
6253844
6256313
6258820
6261308
6263784
6266244
6268775
6271215
6273735
6276211
6278706
6281267
6283769
6286246
6288786
6291267
6293820
6296237
6298713
6301226
6303690
6306210
6308719
6311175
6313656
6316077
6318587
6321152
6323613
6326085
6328635
6331153
6333625
6336177
6338611
6341146
6343651
6346174
6348724
6351261
6353697
6356203
6358734
6361226
6363703
6366148
6368568
6371103
6373568
6376070
6378528
6381039
6383522
6385999
6388523
6391010
6393502
6396011
6398397
6400910
6403398
6405919
6408462
6410962
6413465
6415996
6418447
6420981
6423522
6426033
6428558
6431045
6433583
6436054
6438527
6441066
6443552
6446080
6448646
6451200
6453667
6456146
6458643
6461147
6463558
6466007
6468537
6471014
6473434
6475928
6478414
6480918
6483380
6485846
6488312
6490791
6493271
6495788
6498281
6500770
6503292
6505780
6508257
6510839
6513325
6515837
6518310
6520809
6523290
6525768
6528260
6530746
6533263
6535774
6538286
6540814
6543338
6545830
6548296
6550760
6553228
6555766
6558266
6560771
6563282
6565830
6568388
6570959
6573466
6576008
6578478
6580942
6583436
6585931
6588469
6590962
6593454
6595981
6598449
6600903
6603432
6605933
6608537
6611001
6613480
6615959
6618452
6620869
6623417
6625946
6628418
6630940
6633469
6635998
6638525
6641033
6643514
6645929
6648356
6650761
6653246
6655756
6658204
6660705
6663212
6665713
6668223
6670736
6673220
6675737
6678285
6680786
6683292
6685810
6688337
6690800
6693370
6695845
6698354
6700850
6703350
6705790
6708288
6710840
6713276
6715776
6718265
6720772
6723265
6725769
6728241
6730711
6733184
6735654
6738184
6740656
6743190
6745702
6748178
6750687
6753190
6755731
6758227
6760686
6763220
6765747
6768240
6770742
6773247
6775789
6778292
6780748
6783228
6785720
6788255
6790814
6793350
6795814
6798321
6800803
6803241
6805681
6808190
6810678
6813205
6815762
6818253
6820763
6823284
6825745
6828223
6830751
6833282
6835790
6838302
6840797
6843319
6845802
6848309
6850747
6853170
6855708
6858197
6860680
6863190
6865686
6868177
6870686
6873129
6875536
6878108
6880672
6883173
6885690
6888167
6890644
6893163
6895672
6898191
6900703
6903230
6905695
6908200
6910762
6913221
6915661
6918161
6920674
6923155
6925664
6928183
6930709
6933205
6935738
6938224
6940764
6943271
6945800
6948277
6950737
6953225
6955676
6958156
6960643
6963151
6965591
6968125
6970630
6973063
6975656
6978142
6980639
6983116
6985685
6988184
6990625
6993082
6995662
6998179
7000681
7003141
7005655
7008164
7010640
7013113
7015615
7018100
7020558
7023108
7025617
7028070
7030647
7033199
7035656
7038220
7040751
7043228
7045781
7048265
7050796
7053277
7055821
7058315
7060825
7063295
7065796
7068275
7070784
7073272
7075748
7078250
7080776
7083250
7085739
7088251
7090734
7093216
7095695
7098203
7100746
7103208
7105693
7108179
7110661
7113175
7115656
7118182
7120637
7123143
7125690
7128246
7130785
7133284
7135828
7138365
7140883
7143433
7145933
7148415
7150901
7153436
7155981
7158416
7160915
7163377
7165869
7168399
7170872
7173389
7175875
7178345
7180844
7183385
7185817
7188421
7190909
7193427
7195858
7198372
7200864
7203373
7205892
7208345
7210819
7213286
7215817
7218281
7220820
7223323
7225778
7228285
7230780
7233209
7235691
7238201
7240716
7243240
7245791
7248250
7250789
7253300
7255822
7258339
7260880
7263377
7265895
7268453
7270961
7273449
7275967
7278451
7280969
7283476
7285884
7288386
7290883
7293418
7295865
7298338
7300780
7303274
7305746
7308266
7310831
7313305
7315795
7318299
7320802
7323215
7325724
7328262
7330729
7333156
7335648
7338123
7340633
7343200
7345710
7348221
7350693
7353187
7355675
7358134
7360566
7363050
7365552
7368027
7370480
7372979
7375455
7378004
7380551
7383053
7385477
7387990
7390487
7392922
7395448
7397969
7400523
7403000
7405461
7407999
7410515
7412960
7415452
7417911
7420438
7422932
7425328
7427799
7430349
7432881
7435371
7437839
7440319
7442841
7445329
7447908
7450406
7452882
7455351
7457893
7460348
7462894
7465343
7467804
7470266
7472813
7475306
7477664
7480159
7482658
7485140
7487645
7490166
7492693
7495266
7497766
7500321
7502859
7505334
7507852
7510298
7512835
7515368
7517877
7520369
7522841
7525329
7527808
7530255
7532681
7535249
7537704
7540193
7542714
7545235
7547762
7550256
7552771
7555270
7557761
7560222
7562746
7565283
7567725
7570209
7572710
7575167
7577665
7580180
7582654
7585209
7587751
7590236
7592722
7595167
7597691
7600210
7602619
7605114
7607605
7610162
7612713
7615181
7617702
7620226
7622657
7625151
7627665
7630109
7632609
7635075
7637531
7640043
7642584
7645086
7647629
7650129
7652683
7655128
7657672
7660138
7662635
7665144
7667635
7670091
7672494
7674997
7677531
7680005
7682525
7685008
7687469
7689990
7692442
7694882
7697436
7699943
7702467
7704942
7707442
7709919
7712317
7714760
7717250
7719703
7722166
7724706
7727215
7729651
7732161
7734594
7737105
7739620
7742073
7744557
7747003
7749514
7751965
7754483
7757036
7759543
7762083
7764506
7767010
7769469
7771949
7774446
7776986
7779426
7781909
7784339
7786888
7789319
7791707
7794203
7796727
7799262
7801793
7804350
7806820
7809352
7811862
7814397
7816938
7819484
7821903
7824426
7826927
7829378
7831895
7834361
7836881
7839384
7841863
7844323
7846855
7849355
7851846
7854354
7856846
7859356
7861819
7864305
7866762
7869255
7871784
7874305
7876800
7879303
7881854
7884341
7886917
7889399
7891878
7894360
7896826
7899355
7901839
7904363
7906887
7909398
7911910
7914418
7916922
7919398
7921925
7924410
7926995
7929440
7931925
7934415
7936842
7939334
7941826
7944373
7946909
7949440
7951929
7954403
7956924
7959399
7961929
7964453
7966976
7969456
7971907
7974407
7976930
7979406
7981918
7984461
7986877
7989343
7991845
7994356
7996844
7999302
8001825
8004371
8006840
8009400
8011872
8014410
8016916
8019451
8021954
8024508
8027050
8029575
8032098
8034597
8037007
8039513
8042007
8044484
8046973
8049479
8052000
8054475
8056991
8059515
8062033
8064555
8067073
8069588
8072042
8074498
8077001
8079488
8082006
8084435
8086881
8089327
8091860
8094370
8096849
8099391
8101935
8104465
8106916
8109409
8111959
8114473
8116898
8119402
8121881
8124393
8126907
8129464
8131964
8134494
8136972
8139502
8141996
8144519
8146988
8149499
8152049
8154559
8157038
8159495
8161985
8164484
8166941
8169475
8171968
8174478
8176922
8179423
8181908
8184359
8186878
8189305
8191830
8194395
8196897
8199362
8201904
8204364
8206832
8209366
8211820
8214317
8216790
8219284
8221769
8224304
8226802
8229291
8231760
8234288
8236756
8239230
8241746
8244249
8246767
8249273
8251785
8254253
8256708
8259206
8261711
8264157
8266636
8269135
8271656
8274173
8276649
8279109
8281702
8284258
8286748
8289248
8291706
8294254
8296712
8299199
8301700
8304207
8306716
8309190
8311639
8314191
8316710
8319202
8321742
8324232
8326772
8329255
8331772
8334293
8336816
8339290
8341792
8344276
8346729
8349246
8351739
8354206
8356689
8359160
8361622
8364096
8366645
8369183
8371647
8374128
8376598
8379082
8381583
8384045
8386483
8389004
8391547
8394078
8396605
8399090
8401574
8404035
8406511
8409031
8411492
8414022
8416509
8418987
8421520
8424016
8426488
8429000
8431531
8434088
8436583
8439127
8441596
8444044
8446504
8449037
8451550
8454057
8456633
8459121
8461622
8464110
8466673
8469090
8471560
8474024
8476557
8479068
8481589
8484137
8486636
8489149
8491654
8494187
8496643
8499140
8501675
8504121
8506582
8509132
8511673
8514197
8516682
8519157
8521680
8524170
8526656
8529192
8531757
8534228
8536709
8539245
8541802
8544290
8546818
8549288
8551808
8554318
8556832
8559348
8561891
8564417
8566899
8569428
8571895
8574374
8576896
8579489
8582010
8584545
8587019
8589528
8592067
8594613
8597091
8599581
8602021
8604540
8607020
8609525
8612077
8614580
8617066
8619590
8622050
8624568
8627082
8629641
8632136
8634630
8637171
8639721
8642225
8644668
8647214
8649685
8652184
8654661
8657197
8659700
8662199
8664704
8667202
8669692
8672172
8674657
8677179
8679660
8682134
8684648
8687122
8689675
8692157
8694666
8697132
8699678
8702191
8704665
8707163
8709610
8712113
8714607
8717107
8719629
8722116
8724592
8727004
8729505
8731998
8734472
8736950
8739491
8741969
8744431
8746879
8749410
8751877
8754394
8756898
8759447
8761954
8764403
8766967
8769457
8771932
8774427
8776948
8779428
8781953
8784454
8787035
8789596
8792105
8794568
8797089
8799599
8802174
8804652
8807132
8809672
8812184
8814647
8817093
8819557
8822053
8824525
8826963
8829403
8831962
8834463
8836977
8839489
8841961
8844463
8846939
8849391
8851930
8854430
8856914
8859417
8861847
8864308
8866775
8869268
8871771
8874265
8876697
8879181
8881660
8884193
8886677
8889184
8891733
8894238
8896756
8899248
8901777
8904312
8906811
8909358
8911886
8914436
8916946
8919399
8921886
8924376
8926829
8929303
8931762
8934288
8936729
8939277
8941738
8944236
8946747
8949215
8951754
8954243
8956764
8959233
8961768
8964278
8966782
8969257
8971724
8974241
8976734
8979230
8981693
8984174
8986674
8989114
8991596
8994078
8996597
8999111
9001633
9004114
9006607
9009135
9011694
9014190
9016674
9019131
9021702
9024201
9026720
9029190
9031726
9034241
9036748
9039303
9041830
9044318
9046826
9049313
9051801
9054289
9056787
9059276
9061739
9064243
9066757
9069316
9071830
9074303
9076813
9079329
9081841
9084357
9086819
9089350
9091863
9094385
9096809
9099282
9101807
9104327
9106847
9109398
9111908
9114476
9116988
9119503
9122001
9124484
9126973
9129496
9131983
9134455
9136882
9139374
9141827
9144273
9146745
9149267
9151809
9154300
9156858
9159358
9161805
9164336
9166830
9169325
9171814
9174307
9176757
9179162
9181634
9184148
9186690
9189172
9191626
9194074
9196514
9198969
9201517
9204019
9206538
9209077
9211571
9214050
9216574
9219039
9221609
9224163
9226647
9229121
9231651
9234189
9236691
9239182
9241679
9244145
9246672
9249201
9251721
9254188
9256630
9259065
9261577
9264086
9266668
9269183
9271647
9274127
9276613
9279137
9281680
9284159
9286663
9289131
9291668
9294124
9296593
9299089
9301661
9304202
9306742
9309262
9311812
9314276
9316805
9319304
9321776
9324301
9326841
9329353
9331793
9334329
9336830
9339328
9341821
9344304
9346835
9349320
9351830
9354289
9356781
9359288
9361755
9364296
9366754
9369281
9371774
9374293
9376828
9379277
9381741
9384238
9386713
9389267
9391753
9394211
9396733
9399242
9401717
9404171
9406745
9409230
9411791
9414347
9416840
9419391
9421922
9424355
9426869
9429356
9431866
9434420
9436922
9439370
9441897
9444374
9446857
9449368
9451913
9454384
9456935
9459415
9461893
9464377
9466911
9469397
9471963
9474440
9476916
9479393
9481937
9484461
9486968
9489478
9492036
9494550
9497032
9499579
9502077
9504588
9507088
9509584
9512072
9514612
9517096
9519579
9522034
9524516
9527061
9529519
9531971
9534464
9536921
9539495
9541985
9544478
9547013
9549547
9552015
9554538
9557086
9559556
9562060
9564568
9566997
9569433
9571861
9574341
9576891
9579374
9581879
9584359
9586896
9589392
9591894
9594366
9596845
9599366
9601904
9604415
9606916
9609404
9611886
9614397
9616832
9619340
9621837
9624334
9626823
9629328
9631874
9634381
9636892
9639421
9641929
9644456
9646947
9649416
9651952
9654506
9656995
9659525
9661997
9664444
9666835
9669339
9671882
9674354
9676895
9679392
9681839
9684315
9686822
9689306
9691818
9694315
9696779
9699324
9701841
9704337
9706818
9709330
9711884
9714360
9716873
9719391
9721844
9724295
9726853
9729340
9731818
9734288
9736752
9739238
9741715
9744127
9746568
9749131
9751725
9754213
9756670
9759186
9761686
9764220
9766730
9769231
9771762
9774278
9776800
9779231
9781716
9784258
9786764
9789254
9791813
9794293
9796807
9799347
9801810
9804274
9806787
9809261
9811725
9814190
9816678
9819127
9821695
9824187
9826689
9829196
9831703
9834240
9836769
9839219
9841663
9844111
9846633
9849146
9851681
9854129
9856715
9859249
9861710
9864180
9866665
9869244
9871751
9874247
9876790
9879274
9881824
9884290
9886796
9889333
9891842
9894389
9896793
9899305
9901799
9904287
9906793
9909280
9911817
9914283
9916718
9919219
9921663
9924176
9926707
9929243
9931693
9934213
9936668
9939176
9941691
9944226
9946705
9949202
9951670
9954096
9956555
9959028
9961574
9964063
9966562
9969057
9971519
9974011
9976477
9978958
9981456
9984003
9986450
9988990
9991466
9993956
9996483
9998993
10001472
10003922
10006455
10008962
10011435
10013896
10016393
10018956
10021433
10023890
10026314
10028860
10031321
10033820
10036334
10038799
10041337
10043806
10046343
10048855
10051349
10053869
10056380
10058880
10061397
10063879
10066376
10068880
10071459
10073929
10076443
10078947
10081440
10083911
10086408
10088894
10091380
10093853
10096377
10098886
10101393
10103917
10106384
10108875
10111400
10113925
10116399
10118896
10121403
10123871
10126347
10128864
10131371
10133879
10136340
10138899
10141381
10143859
10146366
10148886
10151406
10153922
10156447
10158983
10161498
10164013
10166576
10169018
10171530
10174003
10176411
10178897
10181426
10183910
10186375
10188897
10191384
10193834
10196345
10198859
10201351
10203871
10206393
10208917
10211432
10213972
10216474
10218991
10221527
10224047
10226604
10229089
10231526
10234010
10236504
10239025
10241538
10244038
10246498
10248999
10251527
10254012
10256504
10258951
10261525
10264049
10266542
10269051
10271496
10274001
10276457
10278950
10281483
10283970
10286455
10288959
10291489
10293977
10296485
10298989
10301450
10303934
10306435
10308901
10311379
10313880
10316314
10318841
10321331
10323827
10326314
10328879
10331366
10333847
10336397
10338946
10341487
10343981
10346473
10348976
10351506
10354005
10356527
10359085
10361575
10364110
10366607
10369117
10371590
10374064
10376556
10379077
10381644
10384133
10386587
10389071
10391574
10394003
10396514
10398957
10401428
10403989
10406538
10409029
10411578
10413982
10416501
10418957
10421452
10424011
10426507
10428987
10431435
10433996
10436520
10438976
10441475
10443939
10446423
10448904
10451426
10453919
10456480
10458977
10461391
10463946
10466479
10468979
10471488
10473925
10476420
10478930
10481371
10483874
10486399
10488860
10491357
10493869
10496357
10498890
10501406
10503874
10506363
10508858
10511352
10513846
10516373
10518894
10521434
10523907
10526434
10528936
10531420
10533930
10536422
10538898
10541403
10543922
10546370
10548876
10551358
10553903
10556447
10558945
10561441
10563987
10566489
10568979
10571393
10573901
10576334
10578849
10581365
10583840
10586325
10588823
10591361
10593864
10596368
10598815
10601303
10603816
10606331
10608843
10611299
10613789
10616263
10618722
10621220
10623727
10626203
10628702
10631150
10633668
10636206
10638648
10641158
10643664
10646108
10648642
10651193
10653642
10656119
10658656
10661171
10663639
10666110
10668680
10671221
10673651
10676177
10678670
10681111
10683547
10686033
10688559
10691073
10693563
10696077
10698576
10701078
10703558
10706053
10708530
10711029
10713545
10716102
10718610
10721060
10723573
10726072
10728535
10731019
10733534
10736078
10738556
10740996
10743434
10745935
10748374
10750925
10753475
10756054
10758582
10761075
10763543
10766076
10768566
10771140
10773583
10776110
10778671
10781201
10783744
10786275
10788786
10791325
10793864
10796343
10798779
10801253
10803739
10806237
10808667
10811092
10813660
10816122
10818635
10821146
10823667
10826117
10828650
10831153
10833630
10836098
10838613
10841166
10843671
10846139
10848635
10851102
10853565
10856110
10858648
10861182
10863592
10866126
10868635
10871144
10873664
10876177
10878649
10881104
10883610
10886130
10888574
10891124
10893682
10896245
10898760
10901290
10903828
10906340
10908781
10911272
10913807
10916285
10918784
10921244
10923739
10926254
10928753
10931254
10933772
10936302
10938827
10941310
10943805
10946308
10948769
10951353
10953839
10956279
10958774
10961214
10963719
10966207
10968720
10971213
10973776
10976287
10978771
10981226
10983624
10986153
10988692
10991206
10993660
10996150
10998635
11001089
11003578
11006062
11008558
11011010
11013488
11016001
11018459
11020973
11023504
11025981
11028389
11030920
11033475
11036002
11038530
11041065
11043603
11046111
11048598
11051071
11053557
11056022
11058436
11060913
11063430
11065922
11068403
11070878
11073399
11075909
11078397
11080869
11083392
11085872
11088333
11090800
11093334
11095843
11098329
11100784
11103300
11105766
11108323
11110799
11113257
11115754
11118264
11120779
11123304
11125812
11128321
11130816
11133316
11135801
11138283
11140762
11143254
11145736
11148202
11150738
11153253
11155700
11158198
11160712
11163237
11165728
11168223
11170756
11173252
11175761
11178248
11180692
11183246
11185755
11188171
11190691
11193157
11195642
11198122
11200593
11203074
11205533
11208005
11210498
11213029
11215475
11217963
11220496
11222960
11225428
11227918
11230398
11232851
11235345
11237791
11240282
11242761
11245265
11247712
11250180
11252659
11255072
11257607
11260101
11262635
11265168
11267676
11270142
11272680
11275109
11277671
11280225
11282761
11285244
11287732
11290234
11292743
11295253
11297771
11300220
11302689
11305121
11307566
11310096
11312654
11315113
11317663
11320134
11322634
11325141
11327605
11330045
11332530
11335066
11337573
11340085
11342627
11345089
11347561
11350085
11352676
11355139
11357622
11360090
11362591
11365118
11367633
11370069
11372542
11375057
11377557
11380080
11382589
11385059
11387492
11389972
11392468
11394959
11397450
11399973
11402457
11404956
11407511
11410022
11412516
11414953
11417498
11419999
11422450
11424945
11427447
11429993
11432473
11435003
11437483
11439945
11442430
11444906
11447434
11449887
11452332
11454843
11457358
11459879
11462310
11464837
11467352
11469850
11472301
11474814
11477255
11479810
11482304
11484784
11487304
11489799
11492265
11494728
11497233
11499725
11502259
11504728
11507294
11509799
11512332
11514790
11517260
11519776
11522228
11524712
11527195
11529648
11532159
11534587
11537043
11539514
11542044
11544512
11547053
11549598
11552111
11554639
11557150
11559731
11562217
11564693
11567201
11569750
11572195
11574682
11577180
11579680
11582213
11584708
11587164
11589695
11592264
11594726
11597275
11599786
11602210
11604734
11607269
11609777
11612304
11614861
11617390
11619873
11622362
11624824
11627330
11629767
11632301
11634733
11637240
11639805
11642376
11644888
11647357
11649836
11652365
11654875
11657383
11659904
11662432
11664929
11667428
11669897
11672368
11674819
11677269
11679747
11682289
11684770
11687218
11689790
11692282
11694741
11697284
11699792
11702350
11704823
11707357
11709883
11712413
11714894
11717369
11719889
11722326
11724863
11727378
11729865
11732400
11734894
11737378
11739917
11742420
11744900
11747352
11749889
11752357
11754867
11757364
11759783
11762265
11764733
11767160
11769627
11772074
11774650
11777183
11779644
11782140
11784634
11787190
11789653
11792215
11794692
11797224
11799760
11802270
11804783
11807333
11809856
11812329
11814820
11817324
11819879
11822346
11824807
11827340
11829876
11832339
11834784
11837299
11839762
11842314
11844876
11847320
11849836
11852280
11854769
11857299
11859838
11862286
11864829
11867324
11869905
11872444
11874907
11877442
11879961
11882432
11884972
11887495
11889918
11892383
11894905
11897366
11899882
11902334
11904818
11907316
11909750
11912207
11914723
11917215
11919724
11922300
11924901
11927399
11929871
11932340
11934925
11937433
11939976
11942447
11944905
11947433
11949923
11952403
11954940
11957433
11959900
11962416
11964909
11967401
11969933
11972397
11974926
11977368
11979850
11982340
11984888
11987434
11989968
11992479
11995020
11997558
12000093
12002596
12005090
12007542
12009996
12012492
12015017
12017510
12020039
12022514
12025008
12027498
12029988
12032488
12035038
12037510
12039973
12042531
12045042
12047541
12050089
12052590
12055079
12057556
12060042
12062516
12065044
12067524
12070042
12072493
12075010
12077494
12079990
12082458
12084992
12087499
12089982
12092464
12095020
12097515
12099999
12102548
12105141
12107645
12110134
12112617
12115077
12117568
12120058
12122531
12125047
12127532
12130040
12132551
12135042
12137560
12140087
12142585
12145035
12147574
12150025
12152571
12155073
12157598
12160043
12162561
12165043
12167558
12170048
12172518
12174992
12177469
12179962
12182424
12184929
12187495
12189997
12192492
12194969
12197491
12200019
12202557
12205075
12207580
12210092
12212555
12215063
12217566
12220056
12222599
12225164
12227629
12230132
12232639
12235134
12237638
12240175
12242690
12245159
12247719
12250229
12252680
12255236
12257745
12260250
12262756
12265208
12267775
12270280
12272763
12275261
12277844
12280293
12282748
12285261
12287719
12290244
12292700
12295241
12297751
12300233
12302769
12305174
12307641
12310062
12312538
12315092
12317563
12320076
12322559
12325012
12327543
12330026
12332548
12335086
12337492
12340001
12342483
12345084
12347621
12350086
12352572
12355093
12357597
12360100
12362581
12365095
12367606
12370062
12372498
12375011
12377554
12380050
12382569
12385063
12387515
12389996
12392441
12394931
12397432
12399973
12402458
12404965
12407475
12410015
12412561
12415054
12417541
12420042
12422462
12424893
12427384
12429875
12432332
12434818
12437313
12439807
12442339
12444898
12447449
12449986
12452469
12454959
12457443
12460007
12462512
12465044
12467546
12469971
12472473
12474934
12477442
12479949
12482453
12484943
12487502
12489997
12492460
12494929
