0
2479
4925
7432
9892
12392
14880
17446
19982
22455
24948
27499
30049
32534
35058
37551
40020
42623
45048
47520
50015
52524
54945
57465
59941
62457
64931
67434
69923
72407
74913
77378
79920
82380
84910
87440
89891
92435
94916
97428
99873
102363
104804
107353
109804
112310
114815
117357
119874
122395
124855
127379
129880
132351
134870
137342
139833
142299
144813
147305
149774
152253
154747
157241
159721
162204
164772
167235
169750
172251
174745
177226
179752
182274
184764
187223
189743
192266
194716
197206
199700
202234
204693
207214
209718
212266
214766
217302
219788
222255
224761
227308
229844
232326
234812
237277
239773
242178
244696
247159
249668
252117
254589
257130
259632
262171
264699
267204
269736
272274
274746
277284
279789
282248
284738
287219
289751
292297
294823
297251
299749
302281
304764
307278
309750
312220
314671
317150
319654
322121
324618
327142
329619
332143
334647
337160
339658
342159
344670
347162
349703
352128
354593
357093
359659
362137
364707
367246
369747
372244
374700
377118
379616
382125
384583
387094
389607
392112
394599
397069
399552
402046
404546
407002
409512
412030
414486
416962
419493
422014
424463
426953
429457
431920
434399
436951
439427
441923
444430
446900
449405
451881
454377
456890
459406
461913
464433
466971
469527
472026
474529
477079
479567
481990
484521
486967
489451
491928
494433
496899
499423
501948
504447
507052
509520
512031
514532
517066
519556
521958
524444
527043
529532
532021
534488
537007
539560
542105
544583
547059
549572
552084
554594
557107
559578
562058
564552
567005
569452
571932
574408
576907
579428
581909
584481
586966
589480
591939
594469
596955
599467
601963
604488
607024
609411
611932
614450
616920
619377
621870
624325
626779
629281
631768
634310
636759
639337
641860
644399
646908
649430
651922
654478
656995
659511
662121
664625
667131
669649
672174
674708
677210
679753
682215
684689
687138
689690
692195
694742
697178
699694
702220
704685
707110
709582
712085
714520
716993
719504
722047
724536
727061
729568
732034
734504
737024
739545
742103
744622
747105
749621
752032
754490
757033
759572
762019
764508
767007
769498
772059
774557
777075
779576
782140
784712
787220
789714
792245
794765
797196
799680
802237
804737
807219
809709
812260
814747
817195
819706
822190
824744
827248
829782
832295
834815
837324
839857
842342
844864
847355
849830
852345
854888
857375
859862
862360
864825
867316
869793
872346
874831
877361
879852
882338
884788
887284
889832
892328
894808
897336
899872
902381
904917
907409
909906
912379
914908
917415
919939
922451
924990
927560
930057
932563
935108
937618
940180
942697
945212
947756
950208
952739
955254
957805
960292
962797
965323
967840
970344
972829
975336
977823
980365
982882
985364
987903
990417
992948
995383
997873
1000324
1002824
1005283
1007847
1010347
1012856
1015391
1017816
1020326
1022871
1025383
1027858
1030343
1032911
1035335
1037871
1040325
1042818
1045364
1047845
1050399
1052865
1055350
1057850
1060326
1062773
1065259
1067821
1070314
1072850
1075284
1077774
1080243
1082730
1085227
1087717
1090179
1092601
1095098
1097563
1100035
1102514
1104997
1107448
1109914
1112371
1114898
1117423
1119886
1122475
1124940
1127442
1129891
1132445
1135013
1137510
1140036
1142597
1145129
1147650
1150121
1152629
1155102
1157583
1160139
1162603
1165082
1167616
1170122
1172613
1175112
1177649
1180144
1182608
1185111
1187563
1190058
1192573
1195133
1197682
1200178
1202628
1205117
1207639
1210194
1212666
1215123
1217627
1220106
1222578
1225062
1227562
1230038
1232531
1235006
1237560
1240071
1242528
1245108
1247656
1250184
1252702
1255158
1257643
1260177
1262606
1265131
1267615
1270123
1272615
1275109
1277621
1280183
1282714
1285241
1287781
1290272
1292806
1295321
1297803
1300277
1302725
1305228
1307714
1310226
1312750
1315276
1317812
1320310
1322807
1325323
1327820
1330309
1332839
1335357
1337848
1340334
1342791
1345271
1347739
1350227
1352717
1355238
1357752
1360196
1362719
1365248
1367733
1370254
1372752
1375258
1377829
1380310
1382822
1385311
1387869
1390412
1392891
1395400
1397943
1400391
1402918
1405458
1407970
1410450
1412978
1415437
1417927
1420399
1422942
1425431
1427965
1430426
1432958
1435378
1437828
1440336
1442868
1445354
1447844
1450346
1452786
1455259
1457703
1460163
1462677
1465161
1467612
1470031
1472507
1475010
1477556
1480082
1482575
1485068
1487545
1490057
1492541
1495066
1497566
1500111
1502594
1505065
1507564
1510101
1512570
1515097
1517602
1520099
1522587
1525148
1527645
1530136
1532565
1535144
1537601
1540176
1542702
1545140
1547660
1550226
1552698
1555188
1557660
1560128
1562570
1565056
1567611
1570148
1572695
1575133
1577618
1580084
1582536
1585042
1587579
1590101
1592620
1595146
1597621
1600091
1602606
1605126
1607649
1610211
1612711
1615283
1617795
1620321
1622813
1625255
1627734
1630235
1632760
1635307
1637794
1640272
1642812
1645297
1647803
1650293
1652809
1655365
1657889
1660387
1662831
1665360
1667832
1670346
1672869
1675402
1677909
1680405
1682853
1685319
1687863
1690342
1692816
1695294
1697811
1700379
1702857
1705361
1707895
1710359
1712937
1715453
1717938
1720515
1723021
1725538
1728056
1730554
1733028
1735564
1738055
1740489
1743019
1745570
1748085
1750532
1753073
1755646
1758105
1760621
1763123
1765606
1768118
1770595
1773081
1775544
1778068
1780642
1783195
1785730
1788280
1790735
1793241
1795821
1798326
1800846
1803402
1805928
1808430
1810883
1813375
1815889
1818394
1820884
1823406
1825889
1828385
1830904
1833491
1835984
1838488
1841028
1843501
1845953
1848412
1850885
1853393
1855929
1858433
1860932
1863456
1866000
1868468
1870919
1873373
1875805
1878289
1880843
1883339
1885803
1888269
1890741
1893210
1895730
1898228
1900695
1903244
1905761
1908230
1910689
1913165
1915651
1918133
1920663
1923173
1925707
1928222
1930713
1933161
1935674
1938184
1940691
1943134
1945587
1948140
1950658
1953176
1955714
1958265
1960835
1963335
1965884
1968360
1970899
1973382
1975854
1978323
1980792
1983295
1985803
1988347
1990817
1993325
1995761
1998201
2000640
2003155
2005676
2008177
2010686
2013201
2015718
2018203
2020692
2023178
2025690
2028162
2030643
2033105
2035589
2038115
2040623
2043119
2045622
2048136
2050618
2053095
2055654
2058149
2060641
2063143
2065658
2068135
2070655
2073168
2075687
2078255
2080716
2083281
2085834
2088372
2090879
2093345
2095860
2098346
2100796
2103290
2105762
2108286
2110731
2113243
2115744
2118263
2120731
2123264
2125762
2128294
2130797
2133249
2135730
2138227
2140711
2143182
2145652
2148144
2150637
2153196
2155708
2158205
2160663
2163225
2165667
2168194
2170753
2173255
2175767
2178208
2180714
2183264
2185776
2188295
2190751
2193291
2195782
2198254
2200744
2203268
2205749
2208257
2210800
2213278
2215782
2218280
2220788
2223306
2225821
2228306
2230846
2233330
2235837
2238358
2240867
2243360
2245960
2248513
2251013
2253486
2255937
2258422
2260875
2263404
2265888
2268366
2270851
2273368
2275843
2278375
2280820
2283300
2285801
2288243
2290735
2293206
2295732
2298215
2300648
2303162
2305641
2308130
2310626
2313104
2315598
2318049
2320503
2323009
2325443
2327954
2330468
2332957
2335478
2337971
2340478
2342912
2345431
2347903
2350423
2352924
2355486
2357970
2360429
2362907
2365388
2367857
2370367
2372852
2375321
2377855
2380356
2382873
2385330
2387845
2390344
2392900
2395352
2397861
2400260
2402736
2405249
2407788
2410312
2412803
2415310
2417706
2420180
2422647
2425170
2427667
2430100
2432627
2435116
2437662
2440131
2442608
2445093
2447635
2450156
2452656
2455184
2457694
2460168
2462649
2465128
2467591
2470084
2472558
2475005
2477469
2479923
2482418
2485009
2487489
2489938
2492413
2494935
2497397
2499911
2502427
2504960
2507456
2509924
2512424
2514900
2517417
2519933
2522456
2524951
2527481
2529939
2532480
2534968
2537477
2539930
2542433
2544907
2547363
2549867
2552377
2554881
2557460
2559926
2562479
2564950
2567512
2570006
2572533
2575011
2577504
2579983
2582515
2585003
2587467
2589980
2592470
2594952
2597474
2599994
2602533
2605064
2607562
2610082
2612603
2615085
2617538
2620090
2622550
2624995
2627515
2630018
2632493
2634962
2637473
2639969
2642498
2644931
2647387
2649915
2652455
2655006
2657499
2660052
2662556
2665056
2667493
2669973
2672495
2675011
2677524
2679967
2682500
2685005
2687489
2690058
2692513
2694981
2697440
2699938
2702425
2704952
2707428
2709883
2712396
2714847
2717283
2719824
2722360
2724880
2727334
2729836
2732326
2734828
2737326
2739810
2742258
2744742
2747277
2749800
2752317
2754794
2757267
2759740
2762237
2764712
2767258
2769751
2772308
2774846
2777345
2779816
2782278
2784856
2787376
2789822
2792410
2794972
2797465
2799991
2802537
2805011
2807474
2809936
2812357
2814859
2817321
2819872
2822327
2824831
2827391
2829896
2832415
2834944
2837417
2839885
2842377
2844871
2847385
2849903
2852376
2854898
2857337
2859847
2862334
2864817
2867333
2869826
2872280
2874763
2877273
2879851
2882342
2884814
2887283
2889772
2892247
2894726
2897275
2899772
2902226
2904683
2907157
2909657
2912164
2914652
2917144
2919634
2922160
2924621
2927104
2929598
2932129
2934621
2937147
2939623
2942145
2944639
2947177
2949719
2952155
2954700
2957218
2959708
2962231
2964735
2967173
2969671
2972169
2974663
2977197
2979711
2982222
2984739
2987265
2989711
2992140
2994701
2997220
2999725
3002199
3004731
3007207
3009679
3012247
3014760
3017268
3019720
3022180
3024586
3027072
3029589
3032133
3034641
3037138
3039655
3042152
3044627
3047157
3049665
3052141
3054570
3057046
3059591
3062133
3064574
3067084
3069624
3072083
3074621
3077064
3079534
3082071
3084631
3087115
3089602
3092098
3094576
3097054
3099573
3102088
3104611
3107108
3109625
3112157
3114628
3117039
3119508
3122035
3124558
3127121
3129620
3132122
3134615
3137114
3139639
3142188
3144712
3147201
3149662
3152182
3154625
3157139
3159589
3162070
3164611
3167101
3169558
3172003
3174537
3177041
3179518
3182061
3184565
3187106
3189583
3192015
3194566
3197034
3199542
3202056
3204560
3207014
3209559
3212094
3214623
3217202
3219705
3222172
3224631
3227099
3229596
3232125
3234592
3237115
3239592
3242123
3244624
3247172
3249648
3252124
3254611
3257110
3259620
3262150
3264671
3267130
3269612
3272178
3274696
3277241
3279775
3282294
3284788
3287277
3289762
3292292
3294783
3297209
3299740
3302206
3304705
3307207
3309697
3312214
3314698
3317160
3319660
3322138
3324686
3327178
3329624
3332132
3334637
3337150
3339609
3342128
3344679
3347202
3349605
3352126
3354625
3357103
3359592
3362070
3364594
3367130
3369597
3372070
3374456
3376880
3379421
3381896
3384482
3386936
3389392
3391914
3394367
3396826
3399369
3401866
3404404
3406931
3409375
3411877
3414383
3416881
3419406
3421936
3424399
3426847
3429318
3431842
3434370
3436867
3439343
3441861
3444355
3446878
3449395
3451911
3454392
3456910
3459422
3461949
3464389
3466926
3469370
3471865
3474349
3476916
3479387
3481920
3484450
3486905
3489353
3491883
3494399
3496870
3499429
3501918
3504400
3506892
3509378
3511901
3514424
3516896
3519381
3521872
3524366
3526809
3529267
3531773
3534288
3536819
3539327
3541811
3544294
3546810
3549295
3551794
3554266
3556776
3559276
3561764
3564229
3566691
3569184
3571677
3574155
3576676
3579175
3581654
3584147
3586637
3589130
3591616
3594148
3596717
3599225
3601684
3604189
3606681
3609174
3611686
3614226
3616686
3619191
3621692
3624249
3626729
3629164
3631674
3634222
3636701
3639244
3641690
3644226
3646634
3649150
3651678
3654098
3656571
3659086
3661598
3664021
3666517
3669006
3671478
3673928
3676382
3678846
3681338
3683809
3686321
3688830
3691390
3693886
3696391
3698903
3701316
3703856
3706378
3708854
3711344
3713826
3716314
3718843
3721373
3723896
3726390
3728929
3731483
3733980
3736520
3739016
3741447
3743928
3746379
3748941
3751434
3753968
3756505
3759002
3761506
3763997
3766502
3769067
3771607
3774179
3776637
3779197
3781732
3784182
3786662
3789136
3791645
3794077
3796555
3798978
3801474
3803922
3806469
3808953
3811382
3813850
3816399
3818962
3821413
3823992
3826492
3828995
3831574
3834038
3836497
3838959
3841496
3844018
3846523
3849071
3851570
3854043
3856561
3859045
3861503
3863976
3866391
3868895
3871404
3873867
3876343
3878861
3881444
3884016
3886483
3888938
3891442
3893936
3896491
3898982
3901519
3904010
3906506
3908999
3911523
3914003
3916445
3918932
3921475
3923979
3926451
3928970
3931478
3933951
3936453
3939017
3941465
3943987
3946459
3948972
3951477
3954011
3956494
3958971
3961444
3963992
3966491
3968999
3971491
3973986
3976465
3979005
3981510
3984022
3986512
3988997
3991497
3994045
3996548
3999036
4001508
4004017
4006490
4008929
4011389
4013868
4016334
4018828
4021359
4023800
4026237
4028700
4031249
4033747
4036252
4038744
4041231
4043707
4046169
4048636
4051148
4053655
4056152
4058673
4061159
4063688
4066128
4068596
4071096
4073580
4076107
4078545
4081128
4083594
4086058
4088595
4091056
4093538
4096060
4098499
4101031
4103486
4105974
4108494
4110995
4113531
4116001
4118458
4120917
4123472
4125931
4128400
4130884
4133417
4135948
4138498
4141022
4143514
4145937
4148455
4150975
4153475
4155965
4158481
4160965
4163478
4165937
4168443
4170913
4173406
4175918
4178424
4180936
4183464
4185962
4188480
4190978
4193444
4195951
4198466
4200975
4203451
4206001
4208541
4210967
4213461
4215953
4218458
4221016
4223537
4226031
4228507
4230987
4233462
4235953
4238438
4240944
4243418
4245950
4248430
4250909
4253441
4255857
4258369
4260858
4263273
4265778
4268253
4270697
4273255
4275776
4278265
4280794
4283287
4285747
4288224
4290767
4293313
4295785
4298250
4300715
4303159
4305608
4308113
4310650
4313180
4315657
4318097
4320619
4323128
4325569
4328043
4330564
4333088
4335551
4338060
4340559
4343048
4345544
4348047
4350521
4353039
4355574
4358040
4360546
4363098
4365551
4368039
4370525
4373079
4375533
4377981
4380502
4382984
4385486
4387965
4390510
4392986
4395562
4398050
4400552
4403059
4405467
4407970
4410457
4412926
4415419
4417938
4420444
4422962
4425455
4428032
4430578
4433093
4435605
4438086
4440591
4443072
4445571
4448103
4450620
4453154
4455684
4458179
4460655
4463093
4465636
4468208
4470713
4473210
4475726
4478202
4480699
4483197
4485744
4488225
4490675
4493272
4495747
4498220
4500674
4503129
4505693
4508172
4510657
4513115
4515599
4518098
4520637
4523188
4525688
4528160
4530705
4533226
4535725
4538225
4540680
4543166
4545692
4548211
4550701
4553278
4555828
4558339
4560823
4563332
4565829
4568337
4570869
4573324
4575834
4578343
4580818
4583335
4585834
4588359
4590839
4593302
4595774
4598293
4600719
4603251
4605780
4608304
4610821
4613297
4615810
4618322
4620818
4623256
4625788
4628322
4630813
4633271
4635726
4638228
4640683
4643183
4645760
4648255
4650682
4653178
4655725
4658204
4660729
4663226
4665713
4668184
4670693
4673195
4675690
4678192
4680718
4683223
4685733
4688240
4690766
4693258
4695774
4698272
4700712
4703178
4705684
4708145
4710626
4713126
4715635
4718131
4720587
4723103
4725653
4728156
4730671
4733165
4735683
4738211
4740687
4743202
4745749
4748229
4750648
4753112
4755610
4758076
4760582
4763125
4765527
4768048
4770553
4772949
4775432
4777905
4780433
4782911
4785404
4787854
4790369
4792868
4795395
4797921
4800434
4802940
4805444
4807971
4810435
4812915
4815406
4817942
4820457
4822970
4825485
4828005
4830517
4833014
4835471
4837982
4840514
4843005
4845503
4847969
4850503
4853007
4855515
4858013
4860489
4862959
4865443
4867981
4870506
4872993
4875511
4877978
4880417
4882932
4885397
4887901
4890357
4892893
4895428
4897934
4900323
4902802
4905280
4907815
4910304
4912758
4915291
4917811
4920338
4922844
4925329
4927843
4930328
4932806
4935251
4937754
4940259
4942773
4945346
4947921
4950433
4952983
4955521
4958036
4960487
4962995
4965395
4967932
4970496
4972979
4975529
4977981
4980470
4982987
4985480
4987984
4990492
4993041
4995523
4998031
5000519
5003037
5005539
5008018
5010548
5013003
5015497
5017979
5020446
5022953
5025424
5027992
5030518
5032996
5035475
5037938
5040466
5042936
5045427
5047902
5050373
5052885
5055419
5057874
5060344
5062828
5065349
5067828
5070374
5072797
5075275
5077794
5080281
5082819
5085321
5087844
5090345
5092867
5095388
5097873
5100308
5102865
5105338
5107824
5110351
5112831
5115346
5117827
5120423
5122906
5125431
5127923
5130407
5132918
5135432
5137881
5140408
5142891
5145374
5147848
5150308
5152867
5155427
5157887
5160396
5162947
5165405
5167854
5170340
5172869
5175346
5177799
5180272
5182763
5185262
5187695
5190187
5192698
5195223
5197667
5200100
5202628
5205121
5207662
5210095
5212552
5215069
5217561
5220047
5222534
5224982
5227422
5229900
5232362
5234757
5237228
5239693
5242209
5244708
5247247
5249708
5252233
5254729
5257207
5259735
5262210
5264731
5267199
5269740
5272316
5274900
5277466
5279933
5282459
5284959
5287415
5289940
5292475
5295002
5297458
5299920
5302365
5304825
5307317
5309787
5312383
5314847
5317322
5319767
5322296
5324821
5327302
5329780
5332285
5334752
5337267
5339770
5342241
5344780
5347241
5349762
5352267
5354765
5357299
5359856
5362328
5364795
5367356
5369850
5372312
5374847
5377375
5379854
5382356
5384850
5387357
5389892
5392319
5394785
5397270
5399737
5402267
5404806
5407280
5409785
5412278
5414746
5417263
5419866
5422354
5424847
5427344
5429892
5432414
5434924
5437379
5439881
5442439
5444954
5447468
5450018
5452577
5455066
5457538
5460042
5462528
5465010
5467479
5469927
5472317
5474816
5477333
5479876
5482331
5484828
5487353
5489882
5492345
5494885
5497382
5499932
5502404
5504920
5507378
5509904
5512364
5514905
5517444
5519941
5522432
5524915
5527463
5529934
5532455
5534986
5537462
5540007
5542490
5544946
5547449
5549899
5552348
5554881
5557369
5559851
5562382
5564916
5567429
5569893
5572370
5574850
5577310
5579844
5582338
5584847
5587378
5589871
5592335
5594846
5597321
5599825
5602300
5604717
5607185
5609632
5612114
5614625
5617077
5619542
5622002
5624563
5627073
5629611
5632076
5634607
5637060
5639571
5642085
5644614
5647122
5649689
5652205
5654707
5657206
5659645
5662111
5664610
5667070
5669546
5671980
5674491
5676986
5679496
5682058
5684605
5687074
5689589
5692078
5694517
5696972
5699480
5701966
5704439
5706939
5709419
5711923
5714377
5716934
5719415
5721986
5724565
5727053
5729530
5732051
5734596
5737134
5739585
5742157
5744674
5747154
5749621
5752085
5754518
5757062
5759511
5762025
5764538
5767023
5769569
5772071
5774568
5777024
5779502
5782002
5784533
5787047
5789541
5792033
5794461
5796985
5799451
5802027
5804481
5806930
5809398
5811871
5814348
5816864
5819345
5821881
5824400
5826895
5829394
5831917
5834437
5836991
5839483
5841989
5844460
5846889
5849368
5851897
5854425
5856895
5859390
5861852
5864391
5866873
5869320
5871797
5874295
5876768
5879287
5881767
5884360
5886811
5889311
5891788
5894360
5896888
5899386
5901817
5904331
5906832
5909316
5911806
5914344
5916855
5919417
5921899
5924362
5926889
5929320
5931813
5934305
5936768
5939264
5941751
5944228
5946735
5949199
5951752
5954215
5956738
5959195
5961737
5964212
5966677
5969158
5971670
5974167
5976666
5979239
5981675
5984189
5986685
5989256
5991755
5994238
5996769
5999257
6001736
6004270
6006794
6009285
6011809
6014258
6016811
6019296
6021855
6024359
6026891
6029405
6031937
6034468
6036988
6039478
6041952
6044454
6046962
6049475
6051933
6054439
6056886
6059362
6061803
6064275
6066796
6069293
6071810
6074317
6076853
6079357
6081886
6084337
6086849
6089294
6091782
6094207
6096731
6099250
6101781
6104353
6106811
6109326
6111836
6114341
6116867
6119276
6121813
6124341
6126844
6129335
6131822
6134286
6136765
6139229
6141734
6144216
6146694
6149104
6151558
6154008
6156510
6159014
6161562
6164090
6166493
6169019
6171496
6174005
6176499
6179021
6181558
6184042
6186534
6188975
6191488
6193993
6196507
6199034
6201541
6204058
6206587
6209065
6211548
6214013
6216574
6219062
6221613
6224104
6226681
6229203
6231718
6234215
6236765
6239227
6241769
6244205
6246666
6249196
6251665
6254133
6256657
6259201
6261693
6264182
6266701
6269243
6271742
6274226
6276674
6279216
6281677
6284109
6286597
6289055
6291635
6294182
6296752
6299255
6301766
6304284
6306756
6309285
6311864
6314384
6316891
6319384
6321918
6324381
6326897
6329381
6331841
6334328
6336860
6339343
6341849
6344329
6346842
6349322
6351902
6354390
6356909
6359480
6361981
6364473
6366971
6369522
6372059
6374564
6377070
6379582
6382126
6384678
6387242
6389754
6392231
6394724
6397224
6399781
6402266
6404784
6407294
6409796
6412270
6414747
6417245
6419765
6422290
6424779
6427300
6429793
6432341
6434807
6437278
6439746
6442263
6444774
6447271
6449763
6452319
6454836
6457333
6459883
6462341
6464746
6467276
6469768
6472192
6474676
6477245
6479720
6482209
6484737
6487260
6489755
6492267
6494814
6497336
6499846
6502342
6504849
6507273
6509718
6512176
6514668
6517171
6519657
6522151
6524658
6527140
6529664
6532065
6534569
6537047
6539579
6542094
6544553
6547066
6549574
6552047
6554524
6557013
6559506
6561966
6564499
6566985
6569567
6572107
6574640
6577172
6579666
6582145
6584656
6587196
6589645
6592154
6594710
6597149
6599612
6602162
6604679
6607177
6609719
6612252
6614789
6617326
6619832
6622348
6624846
6627295
6629730
6632204
6634744
6637275
6639819
6642366
6644893
6647376
6649905
6652372
6654852
6657380
6659886
6662414
6664908
6667387
6669895
6672338
6674839
6677361
6679844
6682298
6684803
6687370
6689900
6692400
6694901
6697377
6699835
6702346
6704832
6707358
6709777
6712260
6714735
6717243
6719736
6722231
6724699
6727254
6729717
6732235
6734672
6737192
6739617
6742134
6744621
6747206
6749688
6752195
6754675
6757134
6759576
6762073
6764596
6767106
6769604
6772108
6774633
6777174
6779637
6782062
6784548
6787095
6789599
6792032
6794558
6797053
6799548
6802028
6804564
6807061
6809533
6812081
6814534
6817035
6819482
6821970
6824531
6827107
6829629
6832076
6834581
6837111
6839594
6842097
6844562
6847001
6849536
6852003
6854565
6857086
6859569
6862037
6864538
6867051
6869530
6872018
6874504
6877012
6879465
6881947
6884402
6886904
6889412
6891919
6894393
6896918
6899429
6901945
6904476
6907015
6909466
6911978
6914554
6917031
6919541
6922090
6924555
6927085
6929600
6932161
6934710
6937188
6939742
6942267
6944773
6947269
6949729
6952292
6954772
6957279
6959834
6962327
6964855
6967378
6969838
6972342
6974807
6977311
6979825
6982361
6984825
6987278
6989783
6992253
6994702
6997220
6999782
7002307
7004759
7007265
7009767
7012291
7014828
7017364
7019871
7022403
7024901
7027392
7029894
7032352
7034784
7037256
7039773
7042246
7044728
7047215
7049785
7052249
7054771
7057260
7059821
7062296
7064807
7067267
7069804
7072355
7074887
7077414
7079885
7082374
7084898
7087374
7089849
7092359
7094899
7097429
7099936
7102416
7104935
7107440
7109893
7112362
7114795
7117238
7119766
7122286
7124781
7127269
7129786
7132264
7134784
7137291
7139813
7142241
7144766
7147241
7149743
7152264
7154740
7157279
7159770
7162314
7164770
7167243
7169769
7172253
7174699
7177145
7179662
7182116
7184657
7187091
7189584
7192059
7194542
7197032
7199551
7202063
7204548
7207088
7209563
7212151
7214617
7217122
7219648
7222134
7224618
7227094
7229559
7232062
7234570
7237023
7239538
7242050
7244558
7247127
7249697
7252164
7254648
7257139
7259607
7262058
7264552
7267069
7269587
7272126
7274669
7277171
7279691
7282155
7284662
7287174
7289671
7292189
7294665
7297156
7299613
7302068
7304625
7307120
7309631
7312041
7314557
7317061
7319524
7322066
7324586
7327097
7329578
7332063
7334624
7337121
7339619
7342091
7344582
7347078
7349601
7352101
7354586
7357117
7359678
7362178
7364744
7367221
7369724
7372240
7374746
7377234
7379762
7382285
7384729
7387275
7389760
7392221
7394766
7397306
7399827
7402272
7404805
7407320
7409811
7412276
7414741
7417291
7419786
7422272
7424763
7427214
7429673
7432134
7434614
7437153
7439616
7442074
7444565
7447102
7449558
7452021
7454530
7457060
7459581
7462072
7464582
7467037
7469534
7472038
7474555
7477052
7479562
7482100
7484595
7487025
7489528
7492026
7494488
7497003
7499511
7501956
7504415
7506911
7509323
7511871
7514406
7516930
7519430
7521977
7524458
7526950
7529443
7531945
7534420
7536901
7539326
7541849
7544402
7546926
7549462
7552026
7554538
7557076
7559557
7561991
7564506
7567030
7569490
7572017
7574523
7577045
7579553
7582028
7584532
7586974
7589454
7591960
7594442
7596923
7599400
7601833
7604316
7606791
7609289
7611839
7614388
7616956
7619398
7621932
7624428
7627001
7629505
7632053
7634542
7637031
7639566
7642085
7644572
7647138
7649608
7652195
7654691
7657171
7659689
7662161
7664687
7667126
7669698
7672174
7674650
7677160
7679667
7682188
7684715
7687305
7689798
7692256
7694761
7697302
7699773
7702314
7704826
7707348
7709744
7712179
7714638
7717146
7719621
7722098
7724617
7727150
7729633
7732076
7734584
7737124
7739653
7742163
7744639
7747110
7749650
7752130
7754701
7757194
7759675
7762203
7764724
7767223
7769678
7772207
7774699
7777177
7779650
7782114
7784624
7787125
7789645
7792175
7794697
7797266
7799828
7802376
7804906
7807440
7809976
7812433
7814959
7817434
7819933
7822450
7824949
7827425
7829876
7832437
7834980
7837418
7839848
7842363
7844908
7847335
7849824
7852258
7854738
7857213
7859725
7862236
7864742
7867287
7869776
7872274
7874704
7877218
7879759
7882237
7884724
7887178
7889677
7892106
7894618
7897081
7899535
7902011
7904493
7907039
7909570
7912025
7914564
7916981
7919503
7922032
7924469
7926966
7929494
7932023
7934553
7937005
7939515
7941966
7944539
7947017
7949517
7952001
7954474
7956990
7959442
7961966
7964475
7966930
7969431
7971946
7974483
7976979
7979512
7982011
7984499
7986977
7989515
7991965
7994521
7997005
7999535
8002086
8004549
8007093
8009649
8012163
8014667
8017183
8019710
8022205
8024720
8027229
8029708
8032170
8034715
8037182
8039623
8042114
8044607
8047045
8049533
8052043
8054548
8057113
8059585
8062132
8064648
8067103
8069605
8072077
8074502
8077014
8079534
8081994
8084497
8087019
8089469
8091988
8094447
8096971
8099424
8101922
8104358
8106804
8109294
8111844
8114322
8116883
8119390
8121913
8124437
8126871
8129388
8131862
8134362
8136822
8139293
8141890
8144348
8146827
8149336
8151837
8154357
8156832
8159375
8161867
8164342
8166810
8169315
8171818
8174288
8176764
8179318
8181847
8184449
8186958
8189427
8191874
8194439
8196891
8199421
8201960
8204435
8206975
8209505
8211934
8214381
8216878
8219468
8221962
8224471
8226971
8229435
8231956
8234441
8237006
8239529
8242022
8244431
8246924
8249454
8251966
8254450
8256958
8259484
8262013
8264446
8266916
8269488
8272038
8274538
8276962
8279488
8281924
8284420
8286882
8289342
8291861
8294350
8296804
8299248
8301752
8304342
8306822
8309357
8311795
8314270
8316736
8319219
8321768
8324275
8326776
8329271
8331761
8334221
8336721
8339171
8341635
8344119
8346629
8349097
8351612
8354138
8356623
8359098
8361598
8364139
8366716
8369280
8371764
8374307
8376848
8379330
8381860
8384345
8386888
8389415
8391949
8394418
8396940
8399419
8401974
8404499
8406960
8409458
8412008
8414516
8417015
8419512
8422039
8424573
8427130
8429661
8432188
8434680
8437211
8439671
8442138
8444681
8447165
8449652
8452106
8454597
8457048
8459559
8462073
8464628
8467164
8469609
8472097
8474607
8477087
8479604
8482094
8484533
8487024
8489543
8492059
8494498
8497009
8499475
8501988
8504503
8507029
8509523
8511945
8514402
8516949
8519419
8521899
8524390
8526891
8529357
8531856
8534338
8536811
8539314
8541804
8544253
8546755
8549273
8551806
8554314
8556809
8559262
8561745
8564247
8566762
8569331
8571846
8574357
8576796
8579343
8581911
8584388
8586886
8589394
8591905
8594446
8596892
8599374
8601843
8604332
8606817
8609335
8611776
8614284
8616793
8619283
8621799
8624290
8626704
8629207
8631705
8634133
8636606
8639126
8641627
8644097
8646564
8649109
8651559
8654033
8656569
8659025
8661525
8664065
8666588
8669150
8671708
8674199
8676685
8679198
8681744
8684252
8686742
8689250
8691786
8694226
8696711
8699202
8701757
8704266
8706831
8709306
8711784
8714359
8716818
8719264
8721729
8724187
8726717
8729206
8731658
8734144
8736644
8739188
8741691
8744199
8746720
8749213
8751701
8754205
8756733
8759202
8761654
8764129
8766600
8769087
8771580
8774094
8776622
8779141
8781617
8784110
8786586
8789102
8791594
8794078
8796637
8799101
8801589
8804113
8806572
8809079
8811597
8814103
8816582
8819085
8821616
8824085
8826613
8829087
8831626
8834139
8836609
8839126
8841615
8844147
8846574
8849136
8851612
8854115
8856588
8859052
8861547
8864068
8866597
8869104
8871595
8874085
8876626
8879117
8881616
8884134
8886583
8889089
8891611
8894085
8896596
8899064
8901522
8903982
8906455
8908950
8911462
8913934
8916410
8918985
8921502
8923984
8926433
8928953
8931506
8933993
8936483
8938996
8941556
8944075
8946535
8949051
8951563
8954090
8956641
8959130
8961664
8964176
8966667
8969178
8971684
8974210
8976713
8979172
8981690
8984194
8986719
8989258
8991758
8994231
8996695
8999171
9001693
9004151
9006684
9009194
9011673
9014217
9016695
9019186
9021624
9024140
9026587
9029104
9031606
9034140
9036637
9039129
9041670
9044204
9046722
9049205
9051695
9054268
9056768
9059252
9061718
9064298
9066855
9069325
9071817
9074282
9076807
9079287
9081827
9084279
9086776
9089285
9091781
9094272
9096814
9099306
9101795
9104300
9106865
9109382
9111939
9114485
9117054
9119613
9122097
9124640
9127117
9129617
9132185
9134772
9137281
9139751
9142257
9144774
9147223
9149708
9152203
9154675
9157192
9159732
9162227
9164797
9167251
9169686
9172148
9174712
9177200
9179638
9182089
9184574
9187094
9189614
9192141
9194568
9197042
9199521
9202036
9204474
9206957
9209502
9212012
9214448
9216951
9219446
9221959
9224450
9226943
9229456
9231997
9234458
9236938
9239454
9241992
9244487
9247043
9249529
9252021
9254537
9257105
9259621
9262049
9264539
9267084
9269609
9272105
9274598
9277088
9279583
9282102
9284580
9287083
9289489
9291981
9294433
9296980
9299534
9302040
9304496
9306973
9309419
9311963
9314469
9316980
9319476
9321915
9324421
9326947
9329434
9332009
9334517
9336997
9339474
9341997
9344482
9346999
9349491
9351997
9354528
9357022
9359593
9362083
9364659
9367202
9369711
9372296
9374827
9377253
9379829
9382285
9384786
9387274
9389802
9392354
9394825
9397340
9399906
9402415
9404906
9407443
9409918
9412415
9414848
9417342
9419800
9422290
9424839
9427340
9429824
9432368
9434859
9437306
9439780
9442216
9444740
9447268
9449752
9452235
9454702
9457219
9459752
9462268
9464877
9467308
9469903
9472374
9474949
9477423
9479911
9482452
9484965
9487416
9489896
9492419
9494866
9497432
9499920
9502420
9504891
9507447
9509969
9512446
9514993
9517479
9520022
9522489
9524989
9527526
9530025
9532541
9535048
9537507
9539971
9542453
9544943
9547393
9549955
9552439
9554888
9557373
9559857
9562355
9564809
9567327
9569823
9572337
9574821
9577296
9579780
9582253
9584703
9587158
9589594
9592080
9594563
9597050
9599587
9602081
9604605
9607108
9609637
9612134
9614717
9617204
9619740
9622233
9624721
9627259
9629703
9632172
9634619
9637083
9639617
9642077
9644605
9647052
9649577
9652109
9654589
9657159
9659703
9662258
9664762
9667245
9669753
9672280
9674751
9677279
9679792
9682322
9684824
9687279
9689772
9692290
9694733
9697234
9699786
9702316
9704837
9707287
9709785
9712361
9714891
9717403
9719954
9722417
9724888
9727397
9729921
9732490
9735009
9737527
9739997
9742452
9744977
9747461
9749944
9752447
9754960
9757433
9759950
9762443
9764896
9767372
9769861
9772325
9774909
9777353
9779900
9782385
9784852
9787338
9789843
9792304
9794787
9797296
9799822
9802369
9804886
9807426
9809932
9812399
9814851
9817325
9819869
9822396
9824886
9827344
9829834
9832332
9834812
9837298
9839785
9842301
9844822
9847285
9849776
9852233
9854708
9857184
9859611
9862080
9864602
9867115
9869673
9872191
9874649
9877145
9879691
9882163
9884611
9887077
9889624
9892149
9894666
9897156
9899672
9902198
9904720
9907255
9909742
9912233
9914731
9917168
9919717
9922216
9924772
9927232
9929745
9932300
9934748
9937253
9939787
9942274
9944739
9947202
9949695
9952189
9954727
9957191
9959716
9962214
9964677
9967218
9969724
9972261
9974784
9977328
9979837
9982345
9984869
9987335
9989853
9992382
9994851
9997366
9999841
10002366
10004809
10007267
10009767
10012247
10014733
10017274
10019814
10022326
10024752
10027243
10029727
10032232
10034714
10037181
10039729
10042253
10044760
10047277
10049749
10052243
10054792
10057294
10059807
10062304
10064777
10067274
10069782
10072249
10074763
10077236
10079680
10082180
10084656
10087156
10089654
10092145
10094608
10097110
10099589
10102085
10104579
10107051
10109453
10111956
10114476
10116933
10119427
10121867
10124346
10126839
10129352
10131884
10134377
10136842
10139371
10141827
10144339
10146859
10149311
10151762
10154261
10156749
10159270
10161783
10164243
10166734
10169204
10171713
10174229
10176752
10179220
10181758
10184263
10186765
10189290
10191815
10194317
10196801
10199346
10201849
10204360
10206779
10209233
10211744
10214263
10216736
10219236
10221631
10224162
10226716
10229236
10231721
10234194
10236641
10239235
10241785
10244302
10246884
10249397
10251857
10254387
10256903
10259400
10261892
10264421
10266917
10269419
10271898
10274381
10276845
10279363
10281850
10284367
10286924
10289416
10291909
10294359
10296887
10299390
10301889
10304387
10306905
10309482
10312008
10314610
10317146
10319709
10322181
10324696
10327250
10329769
10332299
10334812
10337296
10339751
10342238
10344754
10347219
10349713
10352191
10354726
10357225
10359802
10362326
10364772
10367286
10369842
10372316
10374796
10377344
10379867
10382357
10384856
10387329
10389857
10392359
10394858
10397330
10399865
10402395
10404942
10407497
10409947
10412412
10414906
10417416
10419935
10422432
10424959
10427459
10430003
10432481
10434934
10437418
10439926
10442419
10444969
10447466
10449956
10452426
10454952
10457458
10459965
10462464
10464958
10467449
10469970
10472447
10474936
10477450
10479961
10482429
10484893
10487411
10489904
10492405
10494950
10497461
10499972
10502384
10504909
10507427
10509965
10512484
10514993
10517511
10519986
10522453
10524975
10527418
10529906
10532381
10534836
10537412
10539886
10542384
10544944
10547399
10549896
10552357
10554839
10557282
10559742
10562260
10564720
10567268
10569845
10572316
10574863
10577381
10579891
10582409
10584913
10587440
10589980
10592498
10595043
10597570
10600012
10602546
10605080
10607581
10610053
10612519
10614991
10617517
10620036
10622499
10625014
10627513
10629982
10632426
10634991
10637471
10639955
10642476
10644992
10647506
10650027
10652525
10655050
10657508
10659972
10662496
10664974
10667470
10669960
10672489
10674922
10677436
10679970
10682475
10684973
10687525
10690027
10692549
10695001
10697499
10699991
10702495
10704998
10707435
10709947
10712406
10714860
10717336
10719881
10722355
10724879
10727369
10729857
10732406
10734892
10737392
10739960
10742409
10744898
10747394
10749909
10752411
10754887
10757376
10759885
10762429
10764967
10767522
10770033
10772597
10775049
10777522
10779982
10782499
10784986
10787447
10789913
10792408
10794975
10797468
10799962
10802476
10805031
10807511
10809993
10812540
10815038
10817487
10819957
10822468
10824947
10827480
10829958
10832463
10834964
10837481
10839938
10842424
10844923
10847434
10849951
10852489
10855022
10857506
10859964
10862432
10864876
10867347
10869807
10872331
10874805
10877255
10879722
10882271
10884791
10887298
10889797
10892302
10894851
10897343
10899873
10902331
10904737
10907214
10909714
10912200
10914655
10917179
10919710
10922197
10924703
10927225
10929735
10932232
10934713
10937158
10939628
10942115
10944681
10947202
10949664
10952219
10954719
10957188
10959714
10962262
10964741
10967271
10969787
10972282
10974771
10977284
10979822
10982286
10984786
10987332
10989815
10992309
10994799
10997268
10999792
11002277
11004745
11007297
11009802
11012257
11014745
11017288
11019795
11022279
11024809
11027327
11029817
11032316
11034849
11037366
11039837
11042397
11044872
11047394
11049925
11052400
11054934
11057413
11059906
11062430
11064892
11067330
11069812
11072327
11074796
11077337
11079791
11082253
11084805
11087289
11089766
11092250
11094760
11097302
11099811
11102338
11104885
11107374
11109890
11112419
11114876
11117323
11119828
11122359
11124918
11127423
11129921
11132391
11134908
11137446
11139946
11142426
11144949
11147394
11149907
11152411
11154912
11157384
11159860
11162354
11164847
11167291
11169816
11172340
11174800
11177361
11179850
11182332
11184794
11187176
11189696
11192158
11194649
11197158
11199649
11202204
11204663
11207208
11209737
11212246
11214791
11217290
11219770
11222199
11224730
11227245
11229756
11232237
11234796
11237307
11239794
11242341
11244834
11247335
11249837
11252331
11254809
11257341
11259812
11262304
11264809
11267385
11269854
11272260
11274754
11277235
11279722
11282175
11284703
11287168
11289683
11292170
11294674
11297184
11299650
11302162
11304666
11307091
11309595
11312094
11314599
11317046
11319571
11322064
11324530
11327008
11329450
11332003
11334556
11337054
11339576
11342112
11344589
11347137
11349594
11352083
11354544
11357092
11359567
11362137
11364597
11367063
11369570
11372046
11374597
11377130
11379535
11382025
11384521
11387033
11389528
11392015
11394502
11396987
11399444
11401927
11404416
11406886
11409367
11411908
11414396
11416951
11419404
11421877
11424431
11426956
11429474
11431992
11434504
11436951
11439439
11441917
11444423
11446935
11449452
11451935
11454405
11456900
11459383
11461839
11464381
11466879
11469418
11471948
11474425
11476951
11479415
11481831
11484457
11486922
11489411
11491817
11494346
11496842
11499310
11501773
11504311
11506818
11509293
11511768
11514266
11516808
11519325
11521854
11524364
11526890
11529389
11531854
11534451
11536928
11539476
11542000
11544475
11546975
11549442
11551918
11554455
11556962
11559504
11561964
11564429
11566942
11569437
11571906
11574372
11576887
11579423
11581981
11584500
11586977
11589439
11591894
11594394
11596973
11599508
11602102
11604607
11607066
11609562
11612035
11614585
11617093
11619560
11622115
11624669
11627158
11629632
11632159
11634670
11637181
11639667
11642208
11644747
11647265
11649730
11652201
11654660
11657156
11659635
11662066
11664576
11667075
11669612
11672080
11674516
11676983
11679467
11682015
11684473
11687012
11689468
11691931
11694380
11696884
11699413
11701941
11704384
11706848
11709368
11711902
11714430
11716889
11719440
11721956
11724506
11727018
11729497
11732001
11734576
11737066
11739545
11742044
11744545
11747091
11749574
11752039
11754479
11757022
11759530
11762057
11764540
11767106
11769647
11772160
11774696
11777245
11779738
11782224
11784715
11787257
11789726
11792166
11794631
11797077
11799571
11802078
11804523
11807046
11809516
11812053
11814507
11816996
11819541
11822073
11824579
11827051
11829530
11832008
11834553
11837070
11839561
11842032
11844540
11847052
11849517
11852041
11854527
11857057
11859568
11862115
11864695
11867158
11869678
11872156
11874616
11877082
11879591
11882090
11884629
11887135
11889660
11892201
11894709
11897143
11899625
11902148
11904653
11907211
11909656
11912152
11914682
11917106
11919612
11922076
11924535
11927064
11929632
11932126
11934598
11937118
11939667
11942205
11944711
11947191
11949678
11952146
11954666
11957182
11959705
11962212
11964757
11967229
11969714
11972207
11974771
11977232
11979722
11982165
11984652
11987201
11989668
11992174
11994692
11997166
11999610
12002077
12004533
12007022
12009487
12011998
12014566
12017082
12019614
12022093
12024619
12027114
12029643
12032103
12034721
12037199
12039762
12042258
12044782
12047285
12049772
12052260
12054691
12057229
12059764
12062237
12064685
12067152
12069650
12072120
12074550
12077078
12079596
12082117
12084597
12087085
12089554
12092065
12094583
12097086
12099623
12102107
12104623
12107066
12109601
12112078
12114577
12117094
12119585
12122061
12124492
12127005
12129467
12132009
12134499
12136981
12139428
12141914
12144463
12147044
12149534
12152056
12154582
12157065
12159603
12162158
12164647
12167144
12169620
12172162
12174646
12177179
12179682
12182145
12184634
12187139
12189595
12192066
12194549
12197013
12199461
12201994
12204523
12207048
12209579
12212022
12214523
12217040
12219552
12222172
12224696
12227162
12229675
12232169
12234690
12237143
12239621
12242075
12244540
12247058
12249541
12251987
12254508
12257009
12259483
12261954
12264500
12266984
12269516
12271998
12274563
12277021
12279515
12281973
12284527
12287051
12289517
12292056
12294568
12297096
12299573
12302065
12304608
12307109
12309576
12312005
12314494
12317039
12319562
12322036
12324491
12327055
12329541
12332000
12334568
12337065
12339535
12342053
12344573
12347026
12349504
12352010
12354430
12356975
12359501
12361988
12364502
12367051
12369555
12372105
12374586
12377081
12379579
12382113
12384598
12387083
12389602
12392122
12394590
12397075
12399559
12402027
12404549
12407066
12409555
12412027
12414431
12416904
12419383
12421832
12424286
12426761
12429305
12431830
12434247
12436731
12439231
12441752
12444251
12446702
12449146
12451702
12454204
12456749
12459306
12461863
12464358
12466902
12469374
12471856
12474395
12476901
12479427
12481935
12484424
12486938
12489506
12492003
12494485
12496980
