0
249
504
763
1013
1283
1519
1762
2013
2253
2507
2752
3013
3250
3516
3750
3980
4237
4468
4715
4962
5206
5461
5725
5967
6229
6470
6729
6992
7230
7477
7728
7993
8234
8487
8732
8992
9242
9484
9725
9962
10206
10463
10720
10967
11208
11448
11696
11951
12196
12449
12686
12943
13189
13424
13665
13925
14171
14435
14681
14957
15209
15457
15703
15957
16198
16454
16687
16927
17173
17416
17668
17909
18172
18428
18698
18960
19191
19429
19696
19937
20195
20445
20710
20957
21218
21463
21723
21978
22235
22482
22736
23002
23260
23491
23751
23992
24256
24505
24736
24988
25246
25494
25759
26000
26243
26498
26754
27008
27265
27528
27799
28031
28283
28539
28791
29044
29318
29581
29816
30070
30308
30536
30794
31045
31291
31539
31804
32058
32299
32545
32804
33031
33280
33513
33760
34018
34288
34534
34776
35023
35262
35497
35742
36006
36275
36531
36788
37038
37271
37533
37786
38045
38301
38552
38782
39023
39287
39529
39766
40010
40292
40563
40826
41080
41343
41602
41857
42113
42365
42630
42881
43132
43396
43622
43873
44111
44339
44582
44839
45094
45339
45576
45829
46065
46305
46554
46809
47070
47304
47547
47806
48060
48317
48573
48815
49061
49308
49573
49830
50100
50365
50599
50852
51113
51370
51627
51864
52122
52379
52635
52895
53133
53374
53612
53866
54119
54364
54624
54883
55132
55379
55632
55879
56147
56413
56670
56910
57169
57418
57690
57940
58203
58433
58688
58924
59184
59436
59688
59930
60190
60444
60665
60924
61180
61414
61668
61929
62177
62432
62660
62916
63172
63426
63687
63918
64162
64413
64668
64918
65168
65430
65678
65900
66141
66392
66626
66897
67152
67400
67648
67921
68171
68400
68649
68914
69154
69394
69620
69862
70112
70375
70621
70857
71116
71365
71619
71859
72114
72379
72610
72873
73119
73366
73605
73864
74095
74340
74587
74813
75072
75318
75561
75825
76084
76327
76577
76819
77056
77322
77581
77806
78061
78327
78574
78833
79080
79320
79561
79804
80057
80313
80562
80834
81089
81329
81575
81820
82060
82312
82565
82812
83063
83310
83553
83802
84055
84306
84544
84789
85059
85318
85556
85802
86052
86311
86574
86805
87063
87313
87571
87829
88056
88328
88566
88822
89051
89294
89548
89787
90013
90267
90514
90762
91017
91263
91514
91759
92035
92291
92542
92786
93037
93273
93526
93785
94043
94293
94534
94779
95028
95276
95528
95778
96022
96256
96510
96751
96998
97257
97514
97760
97993
98249
98485
98744
98995
99237
99466
99707
99952
100204
100445
100689
100931
101186
101438
101700
101958
102195
102429
102684
102955
103219
103473
103717
103959
104210
104469
104721
104973
105233
105472
105714
105980
106233
106481
106741
107004
107262
107498
107754
108031
108290
108521
108769
109004
109234
109489
109735
109979
110234
110463
110709
110940
111167
111448
111693
111960
112209
112465
112717
112964
113196
113439
113701
113966
114229
114473
114737
115010
115253
115516
115771
116015
116258
116509
116752
117001
117269
117544
117809
118050
118303
118537
118806
119057
119306
119550
119808
120054
120304
120547
120803
121055
121298
121545
121789
122038
122289
122534
122782
123028
123260
123509
123728
123994
124234
124479
124743
124986
