0
206
398
604
813
1013
1229
1427
1624
1822
2013
2206
2409
2592
2804
3013
3206
3410
3609
3800
3980
4180
4381
4568
4767
4962
5161
5364
5560
5781
5967
6178
6379
6575
6781
6992
7186
7375
7576
7780
7993
8183
8388
8586
8786
8992
9189
9390
9577
9769
9962
10160
10366
10564
10771
10967
11156
11358
11549
11744
11951
12145
12358
12551
12735
12943
13132
13332
13518
13715
13925
14114
14339
14541
14732
14957
15165
15344
15552
15753
15957
16153
16344
16550
16737
16927
17128
17320
17518
17713
17909
18120
18331
18528
18756
18960
19146
19333
19534
19747
19937
20144
20349
20559
20763
20957
21159
21374
21572
21780
21978
22186
22380
22584
22790
23002
23206
23399
23601
23799
23992
24207
24406
24596
24780
24988
25203
25402
25604
25809
26000
26194
26392
26609
26802
27008
27215
27426
27639
27851
28031
28238
28435
28642
28839
29044
29257
29488
29685
29860
30070
30256
30445
30635
30842
31045
31244
31440
31647
31862
32058
32252
32445
32654
32852
33031
33232
33433
33620
33815
34018
34232
34430
34640
34817
35023
35214
35401
35598
35804
36006
36223
36424
36631
36833
37038
37222
37422
37638
37831
38045
38251
38456
38646
38826
39023
39234
39424
39627
39813
40010
40241
40458
40676
40872
41080
41283
41504
41703
41903
42113
42328
42527
42738
42935
43132
43347
43531
43722
43925
44111
44289
44483
44681
44888
45094
45288
45485
45674
45878
46065
46259
46445
46666
46852
47070
47265
47446
47642
47856
48060
48270
48473
48668
48868
49061
49255
49470
49678
49881
50100
50320
50498
50700
50897
51113
51318
51532
51719
51915
52122
52332
52538
52743
52934
53133
53327
53521
53711
53919
54119
54315
54526
54734
54933
55132
55322
55529
55743
55934
56147
56352
56572
56773
56955
57169
57373
57583
57793
57995
58203
58385
58589
58778
58982
59184
59389
59585
59782
59984
60190
60395
60576
60760
60973
61180
61364
61560
61770
61971
62177
62390
62570
62772
62967
63172
63378
63586
63781
63963
64162
64364
64562
64770
64967
65168
65376
65584
65766
65948
66141
66343
66532
66739
66949
67152
67348
67554
67762
67967
68171
68348
68551
68751
68955
69154
69349
69538
69717
69912
70112
70318
70515
70727
70914
71116
71311
71514
71721
71913
72114
72315
72518
72707
72923
73119
73310
73517
73706
73905
74095
74281
74481
74671
74863
75072
75269
75465
75672
75879
76084
76279
76479
76679
76872
77056
77270
77483
77672
77859
78061
78268
78474
78672
78884
79080
79271
79465
79658
79856
80057
