0
43
80
119
160
190
234
280
310
357
410
461
494
537
577
620
664
707
755
788
831
874
910
950
990
1028
1068
1105
1145
1175
1207
1250
1305
1345
1376
1405
1440
1480
1521
1557
1592
1650
1692
1741
1776
1817
1854
1895
1933
1964
2010
2057
2095
2136
2172
2206
2241
2277
2318
2365
2400
2439
2478
2523
2564
2610
2649
2691
2735
2776
2811
2850
2888
2936
2975
3007
3047
3082
3135
3172
3202
3238
3280
3333
3380
3416
3466
3502
3545
3592
3643
3684
3718
3749
3779
3820
3855
3900
3932
3977
4017
4058
4096
4141
4174
4215
4245
4281
4309
4351
4385
4418
4453
4505
4550
4592
4630
4666
4704
4740
4776
4814
4864
4898
4946
4990
5023
5059
5099
5137
5183
5212
5247
5289
5330
5368
5402
5445
5484
5522
5562
5597
5644
5685
5730
5763
5799
5842
5881
5928
5970
6010
6050
6094
6139
6185
6227
6259
6299
6339
6381
6426
6479
6532
6564
6612
6654
6682
6721
6756
6790
6833
6879
6920
6959
6998
7033
7077
7115
7140
7167
7199
7246
7282
7325
7382
7421
7462
7494
7531
7569
7612
7649
7685
7725
7760
7798
7827
7860
7890
7925
7970
8005
8056
8114
8149
8190
8241
8282
8324
8362
8413
8449
8488
8516
8557
8603
8643
8689
8733
8770
8813
8862
8898
8941
8979
9015
9043
9083
9130
9170
9221
9259
9308
9340
9373
9416
9458
9496
9542
9585
9627
9665
9708
9752
9800
9832
9871
9911
9954
9996
10030
10061
10098
10141
10177
10225
10273
10314
10366
10411
10451
10496
10536
10576
10621
10658
10687
10732
10765
10799
10836
10877
10916
10960
10998
11037
11081
11129
11171
11214
11248
11286
11326
11367
11402
11438
11487
11528
11559
11600
11645
11685
11718
11750
11798
11845
11885
11918
11953
11997
12029
12070
12100
12151
12193
12242
12276
12313
12359
12389
12431
12465
12505
12543
12578
12615
12664
12706
12742
12775
12823
12863
12906
12960
12998
13046
13086
13135
13183
13229
13271
13322
13369
13406
13440
13486
13527
13556
13599
13643
13683
13725
13764
13808
13849
13889
13928
13972
14016
14052
14096
14133
14165
14201
14242
14271
14306
14356
14404
14442
14475
14508
14555
14588
14635
14683
14729
14762
14791
14842
14884
14933
14972
15010
15057
15094
15125
15164
15209
15241
15274
15317
15354
15394
15426
15465
15501
15538
15574
15615
15655
15688
15722
15754
15796
15828
15873
15909
15949
15994
