7
12
39
49
54
56
59
61
62
65
66
74
118
120
121
125
134
146
160
163
183
187
192
240
245
287
288
290
303
310
323
324
332
338
340
345
353
361
363
366
380
388
389
5
11
14
15
41
43
47
50
64
73
74
96
147
153
176
203
208
223
224
238
243
252
256
261
269
272
286
292
296
303
310
323
325
340
342
365
371
22
28
41
70
79
81
117
118
123
159
200
215
233
246
249
250
253
256
260
276
281
286
294
296
314
315
336
343
344
345
347
351
353
354
357
375
386
387
395
13
15
37
50
55
62
64
72
76
77
92
99
106
112
120
129
131
144
164
167
189
208
215
225
254
257
269
280
285
291
292
293
301
312
332
333
337
360
390
392
393
11
21
56
75
76
83
88
89
94
117
133
146
154
155
161
171
204
239
240
242
272
281
295
360
371
373
378
379
380
385
8
12
18
21
35
56
58
60
86
93
94
101
108
113
116
126
149
163
165
167
168
171
182
196
199
210
222
232
242
259
266
269
284
292
304
311
319
354
355
365
370
389
394
395
3
12
15
19
20
39
48
57
58
72
76
93
117
122
123
132
135
142
148
149
162
166
168
172
174
187
202
232
251
261
266
270
273
274
278
285
299
311
316
317
321
328
342
343
348
383
17
29
33
46
58
60
75
109
114
115
126
132
140
149
193
196
215
220
241
248
267
287
306
325
344
349
357
361
371
394
5
13
24
27
31
35
39
51
59
84
85
87
95
103
104
106
120
121
127
141
143
152
165
190
198
212
236
262
269
271
272
275
276
287
290
292
306
320
325
330
342
344
351
354
371
375
397
0
1
4
23
24
35
36
38
71
75
78
81
86
101
113
133
144
147
148
149
151
153
154
164
175
179
188
194
200
219
224
226
234
237
246
254
255
260
274
276
277
292
297
319
326
340
342
346
348
349
374
382
398
6
9
12
23
41
42
53
54
59
66
68
98
99
101
105
106
131
138
149
154
159
171
174
176
191
193
200
212
214
227
233
235
243
248
252
255
257
271
284
303
308
318
335
336
343
347
350
356
363
373
394
7
24
51
55
70
76
92
125
164
173
190
194
197
198
211
212
214
216
233
245
258
283
300
304
307
313
324
358
364
369
388
389
391
12
14
35
52
54
79
82
94
109
129
131
137
144
146
148
151
160
163
171
179
186
188
192
195
214
216
229
238
239
256
311
312
315
325
333
334
363
370
384
385
386
393
396
4
8
11
17
18
25
30
37
40
50
87
90
94
97
102
119
125
147
158
163
179
190
191
233
237
241
249
265
275
279
283
306
314
315
330
334
341
345
355
372
10
17
35
40
46
68
76
79
86
95
100
103
107
111
114
117
122
132
157
159
160
161
202
206
209
210
211
226
254
255
256
258
262
267
273
284
311
314
322
326
357
361
376
5
33
45
47
63
70
71
75
91
92
96
112
115
126
130
140
145
161
166
170
172
185
198
204
216
228
233
260
262
266
280
283
293
296
297
328
350
351
352
356
373
389
392
395
20
31
53
57
62
74
92
102
111
116
121
124
145
149
159
170
178
183
187
192
193
205
210
221
237
238
248
259
277
279
286
293
309
316
323
325
329
331
334
367
379
382
387
17
21
52
54
59
63
80
81
85
92
94
114
123
126
128
139
154
171
176
194
195
211
221
225
226
240
251
253
256
258
273
283
284
287
293
300
302
310
318
325
329
337
344
346
352
375
376
380
11
17
20
31
35
52
65
72
83
84
89
120
121
124
136
142
152
158
196
239
280
302
303
309
314
319
325
326
327
334
371
372
374
21
28
40
60
73
85
87
110
112
120
122
126
128
129
161
163
173
174
178
190
203
216
221
229
237
240
243
244
251
252
254
263
269
290
312
320
342
345
355
367
371
379
395
5
6
31
41
73
75
84
86
92
95
107
110
113
117
129
135
138
146
156
163
165
171
192
200
201
215
218
219
222
234
244
245
271
306
307
330
332
338
366
373
383
394
398
2
22
32
37
44
55
56
76
82
91
95
123
128
148
155
163
174
204
212
217
220
243
252
256
270
287
293
303
304
311
313
320
324
351
384
392
2
10
14
26
38
40
41
43
63
101
107
115
128
159
161
163
166
168
169
179
185
188
190
193
195
199
208
215
217
220
248
257
259
276
295
298
317
343
388
397
4
7
10
13
47
82
102
109
127
129
133
134
152
156
186
188
191
196
203
259
261
263
274
308
312
328
329
334
335
342
349
352
354
359
362
364
368
369
372
390
3
7
9
14
18
23
24
29
33
55
71
73
75
77
78
115
118
121
123
140
154
168
180
194
197
245
254
271
282
287
298
299
303
313
335
345
367
396
0
8
26
45
60
76
78
80
81
90
95
96
108
137
143
147
151
157
161
165
169
197
198
205
206
231
238
259
271
289
295
314
330
339
345
351
354
356
362
373
1
7
22
25
66
103
104
119
125
127
167
185
194
198
200
217
232
236
244
256
257
262
274
297
304
318
325
327
338
352
356
359
371
373
380
381
385
14
16
25
29
42
51
64
65
66
67
68
101
103
111
113
122
123
143
150
155
157
158
161
163
170
190
191
220
225
257
264
270
296
298
305
352
353
357
368
394
8
45
53
89
110
126
127
129
137
149
163
171
172
174
178
190
195
201
214
218
229
241
244
272
284
287
301
358
367
397
3
42
43
48
55
58
59
72
115
119
133
146
161
164
173
180
192
193
238
244
249
263
294
320
336
366
372
374
379
388
391
396
15
17
22
36
46
52
64
66
78
97
102
106
112
115
117
123
132
135
144
152
156
162
168
171
177
186
195
215
219
227
257
270
276
315
321
339
342
347
361
375
388
392
395
13
14
15
23
33
43
49
77
82
91
92
98
103
107
113
122
125
129
131
140
141
145
150
154
162
166
170
171
172
174
185
205
221
222
237
259
260
262
268
272
278
280
282
284
293
304
323
338
348
349
363
365
371
374
394
3
4
5
39
72
84
85
92
93
114
115
117
120
126
127
130
140
146
148
153
166
168
178
223
231
237
265
268
281
303
316
344
356
363
367
372
375
381
383
384
6
18
44
57
86
98
117
121
135
152
179
200
212
214
256
271
292
300
303
305
312
344
345
348
350
353
357
380
383
388
394
4
22
28
52
56
68
90
97
101
176
179
188
200
218
220
224
229
258
268
292
294
301
307
327
329
330
346
349
370
3
9
13
24
29
34
37
40
45
48
60
86
102
115
118
125
139
146
147
154
178
184
187
215
233
239
288
306
325
336
340
364
376
379
397
1
10
12
29
43
44
51
67
70
75
99
103
106
115
122
125
147
163
178
187
204
205
209
213
251
256
273
292
301
310
320
322
342
356
357
361
363
366
367
399
5
6
16
18
23
41
44
49
60
62
112
115
120
121
131
149
167
211
213
234
235
238
240
241
244
247
257
261
275
282
293
298
299
304
312
314
333
350
380
385
398
2
6
10
27
38
112
118
126
133
136
140
172
180
197
217
231
233
234
244
249
263
265
275
301
304
319
322
323
329
358
363
367
374
388
390
397
10
12
63
64
73
82
98
105
116
117
131
136
137
151
156
167
172
190
194
196
201
225
253
261
262
266
275
294
312
322
338
354
366
371
372
12
14
15
18
27
30
33
36
47
53
59
63
73
77
85
88
90
102
114
120
134
142
151
162
184
185
191
199
209
217
219
234
237
239
254
260
271
272
276
277
301
307
308
310
313
321
327
333
334
338
345
351
359
370
382
392
398
399
16
40
59
60
62
64
72
80
83
84
85
88
91
99
130
133
141
147
172
182
183
204
213
220
234
237
243
249
250
279
286
338
344
348
363
374
378
384
394
395
398
399
21
29
33
35
48
57
71
75
78
98
114
118
125
126
135
149
153
162
195
196
210
226
243
246
250
251
258
264
283
301
309
315
324
331
334
337
346
352
355
357
360
363
368
369
374
379
383
384
395
9
22
27
36
71
82
93
94
110
121
127
139
155
159
181
182
184
188
246
251
257
261
262
276
284
325
339
343
354
360
376
381
382
394
397
0
14
24
30
36
38
45
55
64
69
81
83
99
103
124
131
148
167
168
178
198
221
226
237
244
245
257
264
278
284
285
329
335
344
353
366
370
372
378
384
389
2
25
29
35
42
45
58
80
96
107
111
119
124
138
155
163
199
243
246
252
256
259
264
278
291
311
315
326
328
343
359
362
366
382
389
396
399
8
14
33
34
36
41
58
66
67
74
79
81
94
100
132
143
146
155
186
262
267
271
288
293
296
298
301
303
306
315
316
320
323
324
338
356
367
369
371
379
398
8
9
13
20
26
31
33
35
42
69
83
89
150
162
163
174
202
204
208
209
216
233
235
238
244
246
259
272
289
304
320
327
339
360
366
384
394
397
60
74
88
97
99
104
125
132
138
146
151
159
161
175
207
220
233
239
253
263
286
301
314
322
334
336
355
366
380
386
396
2
3
20
32
43
49
56
62
88
96
109
110
111
115
125
138
139
145
146
150
171
172
183
201
205
225
240
241
242
261
276
279
285
289
303
304
313
334
350
355
356
358
363
385
395
399
8
31
34
45
56
62
63
69
72
83
87
101
114
118
126
127
136
137
140
174
179
190
198
201
203
206
212
221
223
234
239
251
264
277
278
291
304
328
332
336
347
359
360
382
393
395
399
12
15
20
32
41
103
112
114
124
136
139
147
166
170
179
181
193
197
201
221
224
242
244
245
261
264
271
273
306
317
331
333
349
352
357
371
383
387
6
11
21
26
61
74
75
86
88
106
120
132
133
138
151
170
171
189
197
215
217
221
225
230
231
233
248
258
273
275
289
313
319
321
352
364
379
385
388
391
394
4
29
40
79
80
85
94
105
116
121
165
166
173
178
179
181
196
201
208
213
223
232
233
272
281
296
309
314
316
321
322
365
367
373
392
399
16
24
29
40
59
81
86
91
94
103
126
127
129
134
136
153
156
187
200
214
241
248
253
271
287
292
305
314
320
337
343
366
381
385
12
27
45
51
63
68
72
78
83
98
110
115
122
159
161
190
209
215
221
231
246
277
280
284
285
296
327
342
344
348
372
379
387
389
392
35
39
46
48
62
67
95
103
110
149
159
175
188
201
206
208
221
224
242
248
249
254
266
282
288
290
308
311
341
346
347
353
379
383
392
399
1
14
22
32
35
39
54
55
59
103
117
118
125
161
200
210
222
235
239
254
256
268
274
277
280
296
298
302
310
313
314
316
324
334
336
354
360
362
372
379
392
6
21
34
44
60
69
74
76
91
98
103
114
123
135
155
157
165
173
185
187
195
206
208
211
213
223
231
232
233
234
243
262
267
271
272
278
302
311
312
314
316
329
331
339
348
384
396
7
18
32
35
36
45
48
62
63
64
132
141
150
160
172
178
182
186
194
210
220
236
247
254
261
279
288
293
296
298
317
318
352
394
398
30
34
35
45
55
59
93
96
99
108
112
113
131
157
167
185
189
195
196
218
220
230
243
268
269
274
285
295
306
319
323
329
331
352
354
357
359
391
399
6
8
9
21
24
41
56
70
79
87
97
107
122
140
150
153
157
163
189
214
217
224
231
237
251
252
268
272
278
291
306
328
332
346
350
356
361
375
381
10
13
18
20
24
28
36
62
65
67
81
86
89
103
115
125
163
164
166
187
198
204
225
244
273
283
285
291
293
306
313
314
319
322
326
333
335
338
339
348
350
360
365
379
384
3
11
19
21
27
29
43
46
51
56
61
69
75
107
116
129
130
134
136
153
173
180
196
197
200
222
235
245
296
297
300
314
315
319
323
340
364
369
380
384
389
6
30
31
32
52
53
65
66
75
93
96
101
111
115
142
148
160
164
169
184
201
213
223
225
230
231
237
251
266
273
277
285
298
299
315
319
323
327
351
354
365
369
374
386
389
392
9
42
46
53
56
63
72
89
98
113
115
125
127
128
132
133
149
151
188
204
205
207
208
220
223
236
246
247
297
321
323
328
335
336
346
354
373
385
395
21
24
26
29
47
51
94
105
118
131
137
138
150
171
174
188
192
197
218
228
236
247
266
282
293
312
314
326
334
335
343
359
370
373
376
377
378
383
384
387
389
393
2
7
18
79
90
91
98
100
115
117
128
130
139
150
154
166
175
176
179
182
191
198
199
200
201
227
239
263
283
290
291
292
306
312
319
326
329
334
339
344
347
350
372
373
2
6
12
13
38
39
55
73
79
91
93
96
107
118
141
146
153
170
173
187
189
215
231
237
240
264
275
284
290
293
294
295
300
304
313
324
348
368
370
377
381
0
6
13
26
30
33
40
70
99
114
120
134
137
145
167
173
209
219
236
253
269
285
286
293
308
336
343
362
364
365
369
372
373
388
398
2
12
13
18
19
26
30
35
44
54
86
114
128
129
133
155
191
205
211
217
221
224
238
258
265
270
285
291
311
324
325
341
345
356
378
383
390
392
398
0
18
21
22
40
54
58
61
66
69
108
111
125
128
135
161
164
200
210
216
221
232
234
255
283
292
296
305
311
314
319
321
325
355
366
370
373
385
5
11
12
15
19
20
44
48
52
58
60
84
87
99
103
117
123
127
132
133
146
147
148
153
161
162
163
167
187
221
230
236
257
292
294
297
301
323
327
332
334
336
350
363
374
381
382
399
0
3
21
25
38
53
54
60
62
69
76
77
94
103
137
140
172
173
204
211
239
240
255
268
275
279
283
292
293
316
324
344
348
357
367
371
372
383
386
14
39
42
47
50
71
84
92
113
115
117
120
131
140
144
146
147
160
164
171
191
203
209
238
251
265
281
282
306
324
363
394
0
3
10
11
29
46
54
68
81
82
85
87
88
97
103
107
108
133
147
157
196
199
207
223
228
246
249
261
283
309
310
324
341
342
344
368
378
386
392
396
3
20
27
29
32
48
81
99
105
117
128
132
137
139
140
164
183
187
192
200
216
220
246
250
265
270
289
296
298
308
309
326
330
340
366
1
4
14
16
24
25
30
32
37
58
75
78
83
84
85
86
88
96
135
146
148
157
166
179
188
195
198
208
211
239
242
248
255
258
262
264
272
273
277
284
300
314
326
347
352
354
366
374
375
384
389
390
391
3
14
18
29
35
36
43
47
57
58
63
64
68
70
93
103
105
106
135
141
164
167
183
200
226
234
261
263
281
300
307
335
340
351
374
381
392
4
20
35
48
64
68
85
90
93
95
96
106
117
128
163
197
235
276
278
290
302
306
309
326
331
365
384
391
393
397
1
10
56
62
75
111
130
135
146
174
183
193
201
211
217
219
228
261
278
287
290
291
294
297
327
347
350
357
358
363
365
375
388
390
392
394
6
36
40
46
51
77
103
107
113
117
118
124
125
127
138
143
151
161
170
171
196
197
208
228
239
253
256
263
298
300
316
317
326
334
338
347
359
362
368
383
391
399
6
12
21
22
24
37
38
44
45
47
63
67
69
83
91
112
115
116
117
118
136
137
150
153
159
161
170
173
177
181
189
191
193
194
224
249
250
252
257
277
279
280
304
310
318
327
332
341
344
368
370
375
383
27
46
55
80
83
98
113
119
123
125
126
137
141
151
154
160
165
168
173
183
184
187
208
210
214
232
233
238
242
249
271
273
275
301
302
310
321
325
327
332
358
366
381
388
393
396
397
5
15
20
55
57
60
61
70
76
81
85
87
88
89
116
125
133
138
144
159
164
184
218
224
235
247
255
266
280
293
298
308
359
362
366
368
8
40
56
63
64
87
109
121
126
132
133
153
155
158
162
166
167
195
207
209
210
217
226
227
235
243
253
261
268
272
285
286
288
304
307
315
316
329
330
334
351
358
363
370
376
381
385
390
392
394
11
12
34
36
48
51
62
81
82
102
119
123
149
155
167
170
172
183
184
199
223
231
246
259
263
268
278
315
316
317
326
335
357
358
364
374
13
23
37
40
44
46
49
55
56
57
69
77
78
81
83
103
117
132
134
153
157
171
175
177
190
193
211
221
230
234
247
269
280
288
296
323
339
349
356
366
368
378
380
18
19
25
35
38
50
64
69
78
110
111
118
124
135
143
148
155
159
175
183
190
201
206
234
248
261
277
279
282
284
288
294
302
307
311
314
318
322
327
347
353
354
356
358
372
391
392
27
31
41
43
55
57
63
69
100
102
103
110
121
129
130
131
132
140
142
143
146
148
151
153
156
163
188
197
199
203
210
214
221
233
234
248
264
265
288
296
299
304
317
318
334
336
337
349
360
367
384
15
19
21
31
33
56
61
75
76
91
92
107
111
115
120
121
127
142
146
157
158
160
181
183
190
192
200
202
204
229
269
285
299
317
330
332
336
382
385
395
397
0
17
47
50
52
57
66
69
97
114
120
131
160
166
185
193
203
205
222
228
232
255
258
271
280
299
302
327
333
348
360
362
369
391
4
9
12
15
35
36
66
67
68
80
87
93
94
108
122
137
160
172
179
215
250
251
261
271
291
295
334
335
337
347
361
7
29
34
45
47
60
64
67
72
78
87
100
121
129
142
155
202
205
225
232
244
249
258
295
298
307
326
342
349
388
14
26
30
34
40
48
64
89
93
94
97
111
115
124
125
141
159
170
187
188
203
204
207
215
217
221
223
233
236
247
280
288
291
299
303
328
349
364
376
391
399
11
12
43
56
61
67
80
86
93
113
118
130
146
148
178
190
191
210
212
225
235
278
290
297
315
325
331
342
343
348
351
360
367
376
394
1
2
11
31
46
49
51
52
55
56
60
63
70
77
81
89
127
142
144
150
162
174
181
184
194
210
227
234
253
254
255
278
292
302
303
305
308
323
352
360
366
371
378
394
397
20
30
33
35
45
62
68
89
90
99
135
159
176
177
182
184
186
216
220
242
243
253
267
282
286
288
308
339
348
368
371
384
2
36
59
65
71
74
82
96
103
105
111
120
134
139
155
157
164
167
175
183
186
195
202
204
216
223
230
241
242
272
277
278
281
308
326
328
339
340
372
377
378
379
384
386
387
12
13
21
35
39
70
81
88
89
94
101
127
153
163
171
177
183
190
193
199
219
229
245
250
251
254
265
279
283
288
308
309
322
345
349
353
374
380
387
391
24
38
44
47
52
57
68
69
70
72
94
108
115
128
133
147
149
154
157
179
181
194
200
206
226
228
231
238
252
283
285
317
323
346
350
358
367
373
376
391
394
11
12
19
37
51
93
99
100
101
109
120
127
138
144
157
176
187
200
202
205
207
212
215
221
234
246
252
267
277
292
310
315
317
328
372
378
390
395
4
10
31
38
39
59
69
80
81
82
83
84
100
111
118
139
143
145
148
150
153
207
211
214
218
224
227
234
236
239
241
251
258
267
289
313
318
330
331
353
360
371
376
387
394
46
49
57
64
78
89
134
180
187
197
208
237
239
242
247
256
278
281
289
290
305
314
317
326
333
335
344
349
355
376
378
387
389
0
2
8
14
15
33
35
43
51
54
65
67
99
107
111
113
116
122
127
130
131
136
148
175
178
180
187
196
239
241
245
268
275
292
296
306
322
323
366
369
373
9
14
29
33
43
66
70
78
92
95
100
110
111
114
205
226
238
251
280
299
305
310
326
339
351
354
358
359
366
395
22
35
42
51
90
103
107
123
131
141
142
146
149
154
155
157
163
166
175
186
192
206
214
223
227
243
254
256
269
277
295
349
355
364
374
387
0
39
48
75
82
84
94
95
108
110
138
160
170
188
195
196
219
225
230
234
254
270
271
273
286
294
312
351
1
11
12
15
21
28
32
34
50
64
73
86
96
99
105
117
130
131
136
139
141
157
158
160
189
200
202
217
228
233
234
247
252
253
258
259
299
301
329
349
353
358
1
29
38
63
64
73
84
89
99
106
109
121
122
132
137
140
145
154
159
165
196
205
212
227
251
273
280
310
317
328
361
370
378
398
0
6
19
31
32
43
59
64
75
94
104
107
110
134
137
142
174
178
200
202
220
223
233
238
261
265
300
315
322
332
345
349
369
17
26
41
44
47
53
55
56
82
91
93
111
117
123
129
142
152
155
160
177
200
217
218
238
259
264
293
317
324
336
351
352
353
365
381
9
12
14
15
53
56
58
67
71
75
76
84
85
97
127
131
137
141
148
182
186
188
198
222
223
232
235
236
237
268
274
283
296
298
303
308
309
312
317
332
341
346
348
349
354
358
359
360
369
378
387
388
3
14
15
21
25
27
39
46
57
60
65
84
87
100
108
119
125
132
136
150
168
180
181
187
206
207
228
237
239
248
260
262
282
291
299
325
332
336
341
366
371
376
378
383
385
5
13
15
51
73
74
78
93
101
110
111
131
138
141
157
171
186
194
197
204
216
218
226
240
250
257
265
274
294
297
310
314
318
333
337
342
345
347
367
368
369
395
12
15
49
54
65
76
117
129
138
147
150
151
164
171
181
188
193
197
228
246
255
259
264
273
286
291
305
310
311
325
334
350
351
356
380
384
396
399
18
29
32
41
44
56
61
72
73
92
95
97
102
126
147
164
193
199
222
233
247
249
255
272
275
280
284
307
320
357
358
360
364
367
368
390
2
5
10
11
13
31
40
45
69
71
72
73
85
87
119
120
123
139
142
144
146
153
179
221
228
233
262
263
264
278
317
327
349
353
357
364
377
392
11
13
15
21
28
31
35
39
40
58
62
72
73
86
92
133
143
144
153
161
167
200
204
213
215
224
231
246
252
260
261
309
315
341
362
380
22
33
40
42
50
62
72
93
103
104
122
136
157
159
167
169
184
186
193
217
221
222
235
242
255
273
284
294
295
314
321
323
339
352
355
387
2
14
29
43
46
48
73
79
91
94
100
110
113
123
129
139
140
151
154
156
164
172
173
201
206
217
254
256
269
287
321
352
353
364
378
386
391
396
17
20
27
40
45
52
58
69
78
102
105
109
111
124
128
130
144
165
166
167
168
170
179
184
195
198
203
214
227
232
237
246
249
252
263
267
277
280
297
312
316
323
339
345
346
355
362
381
383
398
2
6
7
18
34
50
57
60
61
63
90
105
107
131
134
149
162
181
201
212
220
224
235
268
283
288
312
346
358
367
369
374
390
396
25
37
41
60
77
86
96
109
113
122
141
154
161
162
176
177
180
181
185
187
194
210
211
214
216
218
225
231
236
242
251
278
285
288
294
299
310
315
316
326
332
340
370
386
391
392
393
396
17
18
24
28
30
48
49
57
60
74
106
109
120
126
133
152
163
164
177
183
196
199
217
219
231
235
250
271
279
304
308
312
329
337
342
345
347
350
354
364
368
373
374
386
4
5
6
41
62
69
137
139
144
145
150
155
156
168
187
193
198
203
212
244
267
273
287
299
311
316
325
353
360
363
365
370
383
5
21
24
29
46
55
59
63
65
93
98
104
109
112
122
124
126
134
140
148
153
156
206
222
232
267
272
273
285
305
319
324
338
372
382
398
1
2
13
14
33
41
74
78
81
96
107
116
157
158
173
178
189
198
210
224
235
243
246
250
251
255
263
268
270
284
291
307
318
325
331
345
357
368
377
378
16
31
43
45
48
54
55
60
68
90
103
111
117
120
124
136
147
190
217
222
235
237
250
260
264
270
277
280
295
296
323
324
332
342
361
369
373
399
6
9
11
26
41
42
50
63
66
71
72
76
77
84
98
107
120
133
137
140
160
179
180
185
196
204
209
214
224
225
259
262
263
270
275
276
280
288
301
326
332
349
375
377
388
396
6
12
24
26
28
58
62
68
70
82
135
140
149
160
171
172
176
179
181
184
217
262
275
277
283
287
302
368
383
4
25
30
40
44
51
57
59
73
77
91
92
99
108
134
144
154
164
171
219
220
229
232
234
235
254
264
287
319
332
337
342
371
372
374
3
26
35
50
57
59
73
79
83
114
122
138
142
147
153
154
156
184
185
198
220
226
234
238
257
266
274
276
277
286
290
293
310
326
355
367
370
384
388
391
392
398
3
8
10
12
49
53
55
63
92
106
107
126
131
133
144
162
180
182
184
186
210
224
231
244
252
268
275
291
302
304
321
323
336
342
343
347
351
356
360
361
390
3
28
29
63
68
76
83
98
99
103
107
114
121
127
135
136
139
140
181
189
192
219
222
229
251
254
261
268
294
307
316
324
332
352
358
378
382
387
7
10
22
27
30
78
83
103
106
108
116
118
121
128
151
158
169
178
179
209
219
226
252
255
276
283
290
310
312
313
343
356
357
395
26
43
51
53
61
76
86
88
96
99
115
119
121
128
144
164
165
169
173
176
215
234
237
257
258
263
267
271
276
293
301
305
306
307
312
327
332
350
369
375
376
388
395
7
8
15
20
30
37
40
43
57
58
89
117
122
126
128
130
141
145
152
153
159
219
223
243
249
250
252
255
262
278
282
290
311
338
352
358
364
371
379
10
27
32
48
54
56
57
68
72
80
88
94
95
131
138
141
172
188
205
210
229
234
243
297
318
327
337
346
347
349
352
364
366
377
384
388
390
391
6
18
28
51
55
57
70
73
82
95
109
139
152
159
166
174
190
199
211
217
228
235
236
238
250
255
262
274
304
313
322
347
351
361
365
369
372
379
380
388
16
25
28
35
47
49
60
61
109
111
113
121
122
136
155
156
163
165
169
177
181
187
212
244
245
273
286
304
331
333
353
359
376
379
386
2
20
21
36
37
45
59
74
78
99
115
123
136
138
145
149
150
151
153
162
169
177
183
199
206
214
244
246
255
259
262
286
287
289
292
296
300
303
312
345
356
358
359
368
385
398
399
7
13
15
30
39
41
43
65
66
70
71
74
84
97
104
108
115
129
134
145
149
152
163
167
169
175
178
196
211
249
262
279
296
298
323
343
351
352
365
367
382
14
22
31
45
53
59
61
67
75
78
108
119
135
142
147
150
158
163
172
180
181
183
214
216
227
230
234
245
286
288
293
309
317
327
348
354
358
363
364
369
374
379
387
389
392
27
42
47
62
64
88
98
143
159
165
172
185
190
205
212
220
232
243
253
259
262
263
265
271
284
306
313
316
345
361
373
381
387
12
34
37
44
60
94
98
102
111
121
123
130
140
142
144
158
159
189
206
214
215
242
266
285
290
295
299
303
307
335
349
385
393
394
395
398
0
3
6
18
20
37
39
40
48
54
57
73
98
115
121
125
138
150
152
157
164
176
191
233
245
261
267
270
272
283
300
306
312
318
322
329
337
345
351
354
357
370
389
17
25
31
37
41
72
81
97
103
105
112
117
119
142
145
154
169
184
202
249
255
259
262
264
276
284
285
303
305
307
333
335
345
351
358
376
386
388
391
13
17
25
41
49
53
54
61
62
64
65
81
99
104
121
126
142
144
157
159
164
166
177
189
205
215
231
236
241
253
264
268
280
284
290
298
310
316
322
331
342
350
368
369
379
385
388
1
4
7
14
49
50
63
72
83
84
93
95
100
101
124
132
135
136
157
168
191
199
215
236
256
263
278
293
303
324
325
328
330
333
338
344
350
351
358
383
395
398
23
29
35
54
63
70
72
75
81
92
118
131
139
140
148
154
160
165
194
200
211
214
219
226
251
260
263
279
284
285
289
302
304
308
315
319
346
349
368
379
0
2
24
66
68
80
90
93
97
107
113
153
159
165
181
182
195
196
203
205
212
218
220
225
230
254
266
287
293
311
313
319
332
353
355
359
377
380
386
398
2
3
21
25
30
37
50
58
81
95
97
103
111
112
150
151
159
164
183
189
192
208
211
219
223
241
244
248
249
253
258
262
274
279
313
332
333
360
362
367
374
379
387
397
8
10
20
23
29
41
52
55
56
69
86
100
109
121
137
149
157
160
169
174
178
187
189
212
227
257
263
279
302
309
311
321
324
326
327
329
334
336
347
355
358
362
366
367
376
23
33
34
40
46
48
52
67
86
94
96
101
111
112
113
122
127
152
154
161
167
170
178
188
192
197
203
211
235
241
261
277
309
323
333
342
345
347
357
360
363
365
367
391
393
398
4
14
31
46
47
64
73
83
103
107
117
119
122
126
140
146
151
157
159
161
185
197
199
206
244
254
263
268
273
282
287
289
310
315
321
365
374
380
386
389
390
397
2
7
52
56
67
138
139
141
149
150
151
155
168
171
172
173
186
213
217
254
256
267
293
306
321
327
328
350
360
379
392
399
1
18
25
28
43
95
102
133
136
145
148
157
158
161
164
183
186
188
215
230
239
251
256
280
293
304
307
309
310
322
324
328
329
343
344
345
353
373
393
394
9
11
24
31
39
42
44
62
73
81
88
97
100
137
169
176
182
184
200
201
204
224
230
237
240
249
250
256
258
259
284
310
313
319
343
359
360
382
384
399
10
13
21
27
34
48
62
71
80
82
85
103
120
121
143
149
180
183
185
191
217
220
233
235
240
249
268
276
278
285
313
323
326
331
337
354
359
362
366
375
380
395
1
23
24
38
44
47
67
75
88
95
100
108
131
139
172
181
184
186
190
198
211
213
232
235
241
242
258
281
288
291
292
304
308
313
325
342
343
349
363
373
379
385
387
390
393
0
2
4
7
10
23
26
27
29
34
36
43
55
61
78
97
100
115
117
123
127
135
152
158
175
194
200
204
209
216
232
250
267
271
290
295
302
310
317
324
326
329
341
346
354
367
379
385
386
390
392
393
396
6
12
24
27
32
38
41
60
64
69
70
81
92
97
108
109
110
114
117
133
142
161
168
172
178
191
192
199
201
202
208
215
227
235
245
250
255
275
286
287
289
308
313
315
327
337
339
346
356
366
381
389
397
8
10
13
20
48
76
97
126
133
137
143
148
154
165
182
211
215
216
217
263
265
266
270
276
293
304
314
316
334
340
358
399
3
7
12
29
31
34
50
59
69
75
78
102
108
111
129
132
137
165
176
181
195
202
204
226
253
254
267
268
270
273
277
288
294
297
298
313
319
320
341
357
363
369
379
381
385
387
392
399
4
25
30
31
46
48
52
62
68
73
75
79
92
112
115
118
128
132
144
146
165
173
179
181
199
212
237
246
247
263
282
297
302
308
350
363
372
381
382
386
388
389
7
17
18
23
28
31
80
102
139
144
182
190
208
211
218
261
291
292
298
302
303
311
319
323
326
354
355
366
0
27
34
37
39
46
74
78
82
83
86
92
99
110
133
146
196
200
211
225
227
242
255
257
269
274
278
294
310
312
315
331
334
339
345
355
357
367
386
5
13
18
28
29
42
57
71
82
113
121
123
140
141
200
212
214
215
226
245
252
276
282
297
324
342
346
351
353
361
368
371
375
378
391
26
49
65
112
113
121
127
142
147
153
158
175
181
202
209
212
218
226
245
251
266
269
297
312
318
319
325
331
355
360
380
381
387
389
0
4
6
18
23
27
29
32
34
55
63
71
81
94
98
119
126
132
133
149
158
159
162
170
183
204
215
221
234
238
247
257
258
278
281
292
312
322
333
339
349
367
391
12
24
32
69
90
98
106
126
128
129
131
137
138
147
153
176
184
187
194
198
207
210
214
215
227
230
236
245
247
254
258
284
286
289
290
291
295
296
317
325
345
364
390
391
392
397
7
16
32
51
58
65
66
73
102
107
126
133
136
143
157
160
164
180
189
200
219
234
235
247
291
293
301
305
309
311
317
321
325
328
330
333
345
353
365
374
398
12
26
41
43
54
57
68
75
77
91
99
102
105
122
124
142
155
160
172
173
177
178
195
199
210
220
221
241
268
293
314
341
360
366
367
371
374
384
388
19
54
57
63
75
76
91
113
134
137
138
162
167
178
191
202
204
219
230
233
235
237
240
253
262
263
308
309
311
325
338
339
346
349
364
365
373
379
392
0
1
3
22
26
37
39
46
52
90
94
95
105
120
131
148
166
179
198
203
223
248
252
255
275
303
312
314
321
335
345
360
368
373
393
0
3
4
6
12
19
20
24
31
58
59
61
64
73
90
103
110
151
179
180
197
199
204
205
219
225
239
243
246
252
267
268
269
275
277
283
284
287
302
316
334
337
338
356
4
7
13
32
45
50
58
59
79
93
96
105
133
134
166
181
192
197
203
237
256
270
280
281
300
301
314
317
319
340
344
347
348
360
371
382
388
395
43
63
65
82
86
109
129
130
142
149
163
192
229
234
250
258
275
284
291
297
342
354
358
365
381
11
22
32
52
60
86
88
117
145
152
200
218
232
234
243
263
269
278
294
323
329
343
369
377
378
386
389
7
14
46
51
53
58
70
73
76
88
100
101
103
126
127
129
143
155
156
197
201
211
253
256
259
300
308
319
337
340
387
388
9
18
30
37
38
42
56
83
104
111
115
121
123
127
133
137
172
174
196
205
219
223
230
233
234
237
259
269
281
282
283
291
297
298
305
314
316
322
335
341
354
362
366
370
373
376
383
3
5
33
37
45
52
76
80
84
104
133
143
153
185
211
222
231
250
254
263
293
299
304
312
326
328
350
356
365
370
372
375
379
385
388
389
16
17
22
37
56
70
79
88
93
98
105
106
107
114
125
134
135
138
161
174
179
184
187
200
211
214
244
264
287
311
313
316
327
328
340
341
358
364
368
373
376
389
394
5
25
50
54
61
63
72
74
84
85
96
97
101
115
116
119
121
126
127
135
136
138
148
156
177
181
193
199
208
211
214
215
216
229
234
236
240
241
247
263
270
271
278
289
290
292
297
307
311
318
319
324
343
350
360
361
394
8
9
17
31
32
35
73
97
99
100
103
150
165
167
168
171
183
191
195
211
221
228
229
252
275
280
283
289
311
327
331
333
334
338
341
349
353
366
376
34
38
49
81
92
95
109
113
122
124
129
135
140
147
152
171
176
177
182
188
223
244
248
249
254
263
279
296
304
312
313
314
331
338
360
366
372
373
376
396
399
11
21
30
59
66
104
108
131
154
156
161
171
172
186
193
233
238
241
253
257
260
291
292
311
322
323
336
346
372
377
391
394
3
19
27
77
87
92
105
122
133
143
187
188
203
216
231
236
241
249
256
258
262
284
286
289
309
312
314
319
321
322
330
339
344
360
362
382
394
1
6
26
28
34
37
56
69
79
105
111
113
125
139
143
158
175
182
216
230
234
248
254
257
259
269
273
291
309
323
327
329
337
338
351
356
382
391
24
25
36
38
42
46
47
56
62
64
77
82
89
94
97
107
114
115
131
142
148
152
195
196
208
211
223
247
249
268
277
293
296
306
307
311
319
328
359
376
377
379
393
18
19
27
38
40
53
59
70
72
77
89
104
109
110
116
133
163
178
200
201
210
212
220
226
241
257
262
273
278
293
297
321
331
360
362
380
391
7
25
27
28
51
54
77
94
100
111
123
127
137
171
203
221
225
229
232
241
242
244
279
280
301
302
309
322
336
363
364
365
372
376
394
396
1
11
12
14
22
42
45
68
74
99
102
103
126
128
136
162
176
193
196
210
216
223
234
237
243
246
249
265
271
272
276
287
293
305
322
327
333
361
365
379
1
9
15
45
73
89
95
103
105
131
143
148
152
179
181
200
202
210
218
249
264
267
288
303
317
321
330
333
334
342
352
365
373
378
395
14
28
43
49
55
63
65
72
74
105
115
120
125
157
161
162
164
168
176
242
253
267
274
278
285
286
299
300
307
309
312
313
315
324
344
365
373
376
6
18
24
36
50
71
87
88
89
94
104
140
146
149
151
171
183
210
237
267
273
305
311
325
336
339
356
369
389
30
33
61
66
89
118
145
148
150
151
153
159
186
199
201
234
236
248
252
265
271
284
293
317
318
333
335
337
345
356
361
377
388
3
10
28
68
87
90
94
103
126
138
143
162
172
173
186
204
221
230
232
239
243
315
323
326
328
335
361
370
372
388
4
11
20
33
35
49
71
72
76
80
87
114
122
135
141
183
189
204
205
213
228
248
249
255
288
293
311
317
318
329
332
353
358
386
395
9
21
25
26
27
33
35
89
93
95
103
114
128
136
138
156
167
169
180
185
186
198
208
211
225
226
237
242
249
259
266
273
274
289
294
296
303
318
320
322
343
355
359
370
393
9
11
24
36
37
54
80
90
104
122
127
141
147
160
177
189
219
231
232
240
245
271
279
293
310
321
325
326
332
355
376
379
383
387
394
1
6
43
45
53
92
109
115
124
136
141
145
155
160
171
174
179
211
222
228
238
239
242
255
256
257
258
259
261
272
273
274
277
279
293
322
331
333
335
336
337
344
354
355
357
359
361
364
368
382
384
1
2
11
13
17
21
34
46
50
52
63
66
70
72
81
88
100
104
107
108
118
128
137
141
142
145
146
150
160
173
177
180
189
193
198
208
209
217
227
235
251
254
269
280
287
295
311
318
322
323
348
349
362
364
377
378
388
395
8
30
33
37
45
47
50
63
72
88
95
111
117
122
125
139
154
165
172
174
219
230
247
249
281
296
298
304
321
323
333
341
358
362
387
3
11
14
20
28
50
51
63
78
85
99
105
109
110
116
117
132
151
155
174
176
181
225
236
252
254
259
279
281
285
293
294
301
328
329
332
337
367
371
394
395
6
18
61
62
69
71
76
78
90
94
100
122
128
137
153
154
156
161
163
172
193
194
202
205
208
209
219
227
230
235
240
257
262
279
281
287
295
297
300
305
309
315
325
327
338
339
361
379
380
388
392
18
30
36
43
59
71
89
103
107
108
109
115
118
119
125
152
157
159
160
173
190
202
206
224
241
242
255
280
306
312
313
314
316
317
325
356
373
381
382
384
398
0
27
29
30
31
33
36
38
44
62
63
66
78
81
93
104
118
120
164
186
187
190
194
211
213
248
256
265
267
270
293
297
314
318
321
353
360
361
362
387
388
391
1
24
30
36
81
85
93
96
100
107
113
115
122
129
144
146
150
170
198
217
218
224
231
237
249
265
269
291
319
320
323
327
358
373
375
377
390
394
6
9
19
30
43
45
48
51
72
78
88
97
98
100
121
123
151
159
162
171
174
175
185
192
216
221
222
234
235
244
252
253
259
265
269
270
279
303
312
318
319
320
325
327
330
332
348
353
356
380
393
1
12
15
31
35
40
64
76
132
141
142
146
150
153
159
163
187
203
227
228
255
257
267
278
286
307
312
318
325
328
332
345
362
374
381
398
2
12
28
43
53
54
56
69
81
85
86
94
106
138
165
170
181
184
198
203
211
220
227
252
254
272
288
299
305
311
321
331
333
342
356
357
360
382
397
29
35
51
83
88
95
99
100
112
155
176
188
207
216
224
262
278
289
296
300
313
314
323
339
342
352
366
387
0
5
19
30
38
47
53
55
62
64
91
93
130
141
156
159
167
174
180
197
199
200
221
229
235
236
252
265
284
301
307
309
320
321
332
336
366
371
377
379
381
6
16
22
29
59
72
78
83
94
102
107
108
111
117
124
156
158
163
164
168
175
189
221
225
228
237
253
254
271
273
277
281
285
286
293
303
314
325
345
359
361
365
374
378
383
394
22
25
26
33
46
53
61
62
63
66
120
125
144
151
162
168
171
181
197
202
210
221
231
245
269
277
285
308
310
328
332
343
355
360
363
368
379
391
397
398
13
18
40
51
68
86
97
111
124
137
142
152
156
188
191
193
201
210
220
225
232
238
245
263
264
271
272
274
276
313
317
320
328
330
336
339
347
348
361
362
364
373
374
381
392
395
3
15
30
35
37
40
42
49
61
83
89
94
108
112
113
114
138
144
147
148
166
182
183
192
193
205
207
211
216
220
225
234
239
264
281
294
298
317
327
345
349
355
362
368
5
11
34
43
66
70
75
78
89
107
109
117
154
165
169
181
187
197
232
233
236
262
275
286
288
292
311
313
346
350
360
366
368
369
385
389
391
29
52
53
56
57
58
85
93
105
114
120
155
157
160
166
205
206
207
216
218
225
228
236
249
268
278
291
301
319
324
326
335
342
350
353
354
366
369
370
389
394
395
398
34
49
53
67
69
76
81
85
105
112
113
114
120
125
128
135
142
146
184
188
194
200
209
217
228
243
265
268
269
272
276
277
294
299
304
332
350
354
359
363
368
369
371
372
382
384
389
393
395
23
33
55
66
76
81
103
104
110
111
112
116
117
128
148
164
166
184
188
190
191
213
220
228
229
258
275
283
285
288
299
314
346
357
363
376
0
11
23
25
27
42
51
72
85
89
99
100
107
124
127
134
149
154
178
202
216
217
226
230
241
248
249
262
265
269
278
279
285
287
302
310
316
345
354
356
377
389
394
9
14
16
18
29
44
59
88
101
105
123
129
130
141
144
154
156
157
173
177
180
190
196
202
205
225
238
243
244
245
251
287
296
308
309
323
336
399
31
37
76
85
93
117
126
140
144
149
151
154
161
165
170
186
188
192
196
202
210
239
240
242
267
269
278
288
296
301
313
317
328
343
359
390
7
13
42
57
74
81
89
94
112
138
139
141
183
188
195
215
234
235
236
285
289
324
330
345
373
385
397
399
3
5
15
17
32
33
43
45
54
67
73
84
90
129
138
143
175
182
192
195
224
229
249
255
281
284
285
288
294
308
316
330
334
343
344
354
369
375
382
395
0
27
44
49
57
103
105
118
132
144
147
149
152
174
179
182
191
200
205
210
212
224
229
248
250
259
260
287
294
304
305
311
312
313
315
317
325
332
336
343
353
366
373
377
382
395
397
6
7
57
64
87
90
93
96
98
110
119
134
160
161
182
203
205
208
214
236
266
268
281
298
300
305
316
326
327
331
334
346
348
364
375
380
382
387
393
397
12
18
27
28
33
36
40
43
44
58
72
81
105
110
113
120
132
138
142
164
166
170
187
190
193
201
202
203
213
214
217
218
229
233
242
252
255
257
259
278
289
294
297
300
303
325
336
338
339
357
399
7
18
26
30
64
71
73
78
89
106
127
133
137
148
149
156
167
179
182
186
187
195
196
204
223
230
255
266
272
291
324
337
350
351
352
364
368
377
11
16
25
40
41
51
53
83
90
104
112
119
120
125
131
141
145
149
150
151
158
172
175
176
185
187
190
195
198
209
211
218
235
236
237
238
240
253
270
273
293
296
321
326
334
354
358
359
370
0
11
24
42
55
60
85
87
93
98
110
126
176
180
213
219
225
230
231
263
267
300
301
303
319
320
323
334
362
366
385
399
1
6
15
37
42
62
64
72
90
103
105
145
159
169
178
210
216
228
236
265
267
272
273
276
280
282
285
312
326
329
348
350
358
2
3
12
26
36
64
73
76
95
102
108
125
132
162
168
179
186
187
190
205
206
207
218
235
238
244
249
252
266
273
283
300
302
311
314
328
332
336
340
344
347
391
394
16
53
64
79
85
96
111
122
124
139
165
166
170
182
190
192
195
208
209
210
229
247
248
261
270
275
276
279
280
284
290
292
294
296
298
316
332
337
361
382
388
399
0
5
13
14
15
38
59
73
78
89
94
102
108
152
164
173
207
208
217
219
247
250
252
254
261
263
265
276
284
293
330
333
343
364
365
385
393
398
5
9
16
21
42
44
47
50
51
65
78
91
100
101
114
119
130
137
150
153
157
168
178
189
208
214
229
232
253
263
267
272
285
305
309
312
314
318
325
359
365
383
387
389
390
399
0
22
61
70
78
82
90
98
121
124
126
134
139
168
174
187
199
205
211
216
234
237
243
254
271
273
279
284
300
310
321
323
327
328
329
331
336
339
342
343
354
387
394
2
11
26
31
43
45
50
53
60
61
75
84
87
104
113
114
142
156
161
170
179
184
190
210
221
223
238
276
282
310
313
325
326
336
341
344
359
360
373
380
384
388
3
4
18
42
44
45
55
80
90
91
92
100
112
128
129
139
158
160
165
167
180
185
190
200
211
238
241
256
269
275
297
318
331
334
339
343
368
398
10
17
31
33
50
59
65
79
85
96
121
126
132
141
152
160
194
199
228
236
238
249
252
263
274
279
302
316
317
327
328
332
343
355
361
363
368
376
381
382
385
387
389
13
20
33
53
54
58
61
62
66
99
105
112
128
137
150
158
169
173
177
183
191
205
207
220
226
230
238
245
264
266
270
285
291
302
304
326
328
343
367
373
383
394
395
396
29
31
60
84
85
87
100
102
105
110
116
119
128
143
149
152
162
163
165
167
209
212
221
223
228
230
249
257
265
266
284
291
322
323
325
334
337
340
348
357
364
368
370
377
388
392
394
397
9
17
32
45
66
75
85
89
98
109
112
119
131
135
153
164
174
187
188
209
234
257
282
312
340
341
355
360
369
371
377
383
4
8
10
34
44
47
56
85
116
126
128
132
134
135
158
163
167
183
185
196
216
218
219
229
261
272
285
286
291
305
312
329
339
359
360
373
379
392
398
18
29
37
38
44
46
65
67
69
71
81
86
87
103
111
124
131
135
148
150
151
152
167
176
177
208
254
266
270
294
309
310
313
317
345
348
366
367
392
396
9
13
64
72
73
85
101
118
128
146
173
175
177
182
185
192
202
238
240
251
260
261
273
275
279
285
291
298
300
301
304
309
316
318
323
324
349
350
359
367
371
379
387
11
17
22
57
61
64
78
80
87
89
93
112
114
127
131
144
148
154
155
159
165
167
171
173
186
187
231
234
254
268
272
288
292
311
314
315
321
328
339
341
344
372
7
28
33
54
79
80
100
109
115
131
162
178
186
187
191
201
206
208
220
223
227
228
276
280
281
307
312
318
321
328
376
383
391
396
11
49
56
66
70
74
80
113
136
164
170
171
175
195
203
222
248
250
273
278
287
293
312
321
323
329
330
332
336
342
362
17
20
32
58
62
64
77
92
97
109
116
124
131
138
142
148
151
152
157
161
188
196
214
220
250
259
274
278
291
303
305
312
331
344
372
380
392
1
3
22
26
27
46
48
58
66
76
84
86
87
102
111
139
140
142
144
147
158
161
205
207
208
212
213
214
234
256
283
293
308
311
315
320
346
350
359
380
386
392
393
17
18
29
32
49
67
80
82
109
125
129
147
162
179
200
225
226
232
248
250
276
280
288
293
294
310
316
322
326
347
351
358
366
381
391
399
3
9
23
28
30
43
58
61
62
66
68
93
97
98
102
106
111
114
141
147
151
156
167
168
197
201
202
221
231
246
255
256
271
289
313
316
326
336
348
360
362
363
370
379
380
381
392
393
12
14
19
21
22
52
60
65
71
80
98
106
107
113
114
138
139
140
150
153
156
176
179
198
207
217
231
233
250
257
259
260
263
268
269
273
275
280
292
293
297
306
312
316
317
355
378
383
10
31
41
43
71
75
92
107
112
124
128
133
162
175
178
186
223
231
242
251
264
269
288
292
298
308
309
313
336
338
339
344
357
360
366
367
368
375
379
380
393
0
2
9
22
31
39
44
58
61
62
111
120
132
135
140
143
148
153
160
161
165
166
168
172
195
201
210
213
218
219
221
222
223
230
245
247
258
278
287
297
298
317
318
319
328
339
340
344
346
365
378
390
11
14
25
26
28
32
67
71
78
91
97
112
128
129
135
138
141
145
154
159
180
185
194
199
203
231
256
272
325
337
340
344
348
351
355
358
365
370
377
378
380
386
389
393
399
1
33
41
60
61
63
69
100
111
115
128
131
144
159
164
166
178
190
203
222
240
244
246
248
249
250
251
272
303
305
313
323
324
332
334
339
366
367
378
384
6
11
51
58
70
72
78
118
120
121
126
130
136
143
149
161
165
167
178
201
203
205
207
209
212
239
264
289
294
297
308
317
332
340
349
350
352
355
361
369
376
387
391
393
398
6
12
24
25
43
47
54
57
59
61
76
80
86
111
119
134
135
141
166
171
183
192
205
227
238
241
243
258
259
274
279
280
297
312
318
326
327
335
369
371
8
31
56
62
71
73
78
91
94
100
109
113
116
120
128
132
145
178
195
206
209
228
233
234
247
248
252
256
267
284
292
300
304
324
327
336
359
379
386
395
1
8
14
20
32
68
83
100
104
109
122
126
135
141
142
144
145
152
157
178
187
192
201
206
219
243
248
260
262
265
274
277
278
286
305
306
322
336
347
353
355
368
387
388
395
8
12
33
35
40
53
59
69
73
75
77
78
81
97
99
102
116
121
123
128
147
170
173
185
196
207
217
255
297
300
303
312
335
342
362
363
392
11
12
22
23
29
31
33
49
52
59
67
103
116
133
176
186
198
205
207
221
235
258
259
262
266
325
326
329
345
1
5
23
27
33
48
75
78
85
100
102
116
121
123
128
133
134
136
146
174
192
199
205
240
246
247
250
275
285
296
302
306
316
317
337
340
345
350
355
359
362
369
373
398
399
17
30
50
69
75
82
92
113
116
130
145
149
150
151
153
174
175
186
198
204
213
230
232
233
263
279
288
297
316
318
320
349
388
12
26
46
48
54
55
70
78
115
116
124
149
169
179
184
195
197
220
230
238
239
287
302
321
332
334
338
340
344
346
355
368
375
380
1
2
11
67
81
82
93
99
106
108
125
132
155
189
201
204
215
220
233
234
235
256
265
276
278
281
286
287
290
307
334
339
351
363
380
384
395
27
28
44
54
60
66
69
85
108
110
113
121
123
133
134
137
150
167
169
171
172
206
208
217
219
220
234
245
247
250
251
272
278
292
308
328
350
354
380
388
394
1
10
31
32
35
42
43
65
80
114
128
138
142
167
168
173
174
183
188
192
196
211
239
253
255
260
276
278
279
280
297
304
305
306
328
336
351
370
379
12
13
15
30
36
72
78
82
96
98
100
110
117
120
131
134
148
151
155
173
178
184
189
191
199
202
216
223
230
238
253
310
316
336
342
343
353
361
366
370
372
373
378
386
27
29
34
104
109
113
124
164
165
167
176
181
207
217
226
230
251
267
268
278
305
308
310
316
317
332
336
348
355
362
363
364
379
387
391
392
396
397
16
27
32
41
42
48
63
64
66
76
80
83
89
99
111
155
158
176
180
188
193
194
195
201
202
229
253
289
292
303
321
328
337
350
363
367
369
383
398
12
17
18
27
36
70
75
78
86
96
118
137
150
159
167
171
176
178
183
202
219
230
234
244
275
279
280
281
291
300
305
307
308
312
314
318
330
332
340
342
347
351
353
365
3
6
12
20
25
28
31
42
45
51
58
66
67
72
83
84
90
96
113
121
140
141
145
152
170
173
188
195
202
219
223
240
259
272
273
282
285
289
297
306
313
314
322
330
340
363
370
386
11
13
14
30
40
49
53
55
59
62
65
66
76
83
101
106
127
133
148
149
156
176
209
210
224
226
237
239
241
253
260
261
289
334
345
346
354
359
363
373
393
396
1
5
7
18
23
27
37
50
57
59
74
89
90
95
100
101
106
112
130
131
142
152
157
164
169
191
197
204
223
229
238
264
285
290
291
293
294
296
339
349
354
378
383
11
20
23
29
42
54
62
68
74
83
95
106
125
129
155
171
204
207
219
232
233
236
241
246
259
279
332
337
365
368
378
381
395
396
3
11
15
34
36
40
42
49
57
68
85
96
104
105
125
135
141
142
160
165
177
183
190
209
210
216
226
254
281
282
284
290
307
318
336
374
380
381
18
27
30
48
50
51
73
96
121
127
132
138
140
151
152
176
217
227
243
252
275
278
290
306
316
319
321
326
330
334
338
340
346
348
365
367
377
383
385
386
1
11
12
16
38
48
56
62
126
130
133
137
140
156
161
166
167
168
169
209
210
219
230
242
248
249
252
260
275
276
279
291
300
301
305
309
319
357
358
362
376
5
13
22
24
36
44
45
62
86
91
112
121
125
147
155
170
189
197
203
231
238
239
242
252
273
306
307
317
322
331
338
343
348
392
397
1
6
7
24
30
46
54
63
67
68
74
94
101
132
135
149
177
183
218
224
236
256
262
273
286
287
296
302
312
335
343
349
352
362
382
385
12
16
24
27
29
69
76
83
84
95
98
100
101
111
113
124
133
150
159
162
163
166
170
179
181
186
214
221
233
243
247
251
275
279
284
289
292
296
311
337
341
349
359
364
366
375
386
393
399
10
13
22
36
41
43
54
66
68
69
79
92
120
124
131
132
139
140
145
156
175
183
188
197
219
225
232
233
239
253
264
267
270
329
337
355
374
377
382
387
388
2
14
38
58
74
90
102
103
116
117
121
122
136
156
159
170
177
193
197
200
209
267
293
304
339
352
374
376
388
395
397
5
11
37
45
46
53
58
63
86
87
89
113
144
150
156
160
172
181
183
194
223
227
236
237
244
252
262
271
274
279
292
319
322
323
334
354
360
362
369
372
398
1
2
7
10
18
20
28
38
39
93
104
108
115
116
134
135
159
163
173
185
193
200
212
213
216
219
228
253
254
257
258
266
269
279
297
322
330
331
332
339
342
350
357
358
383
6
22
35
43
50
53
58
61
74
79
84
94
96
121
137
141
185
198
212
222
227
231
233
237
243
244
248
290
312
314
315
333
339
343
359
363
369
372
379
393
1
2
10
31
45
48
49
78
98
112
123
125
136
146
154
170
174
217
229
244
258
263
268
275
280
281
289
292
318
319
339
340
369
0
6
13
17
29
38
56
64
77
78
86
98
107
118
120
141
142
151
169
188
196
203
216
232
248
278
290
302
313
348
383
397
22
23
24
26
30
47
63
68
71
72
86
93
96
101
108
111
115
123
137
155
159
173
178
186
191
194
209
210
217
219
228
244
245
251
257
261
271
274
297
299
305
350
364
365
381
384
385
393
2
24
29
34
38
59
74
83
84
100
101
102
110
112
120
125
130
137
140
151
153
155
157
188
199
208
211
213
217
220
236
243
250
253
269
275
290
304
305
308
322
325
341
389
395
397
398
30
40
45
48
52
53
62
71
78
82
90
116
150
153
158
163
170
172
181
184
209
212
214
232
238
242
243
247
258
281
301
307
315
316
334
380
391
393
396
399
11
32
36
38
49
61
63
67
75
82
101
105
112
125
130
138
142
155
160
174
188
190
197
228
244
262
265
275
283
289
303
357
364
6
11
12
19
31
47
59
65
90
93
96
102
105
109
132
134
148
151
153
164
208
226
236
240
255
277
281
283
292
301
303
335
354
389
397
19
25
49
58
60
61
73
80
97
103
115
124
127
134
144
165
181
194
201
211
222
223
224
227
231
252
255
256
264
265
284
301
312
315
326
327
340
359
362
363
371
373
376
391
18
26
29
42
43
54
55
63
90
101
123
154
168
175
184
196
212
216
230
239
244
253
290
296
297
325
336
343
349
368
372
373
2
33
39
40
41
45
55
74
82
92
105
138
145
159
185
187
192
198
201
202
205
210
216
224
226
231
243
257
286
312
314
319
330
333
342
348
353
365
370
373
396
5
7
47
50
63
68
69
74
124
127
129
131
139
159
217
222
224
233
249
266
272
292
298
304
310
338
342
352
362
377
5
13
14
25
27
30
54
57
60
67
72
76
87
112
121
125
129
149
155
164
168
174
198
203
205
206
209
230
236
245
263
267
272
281
282
298
303
310
312
316
317
321
326
340
342
354
358
371
372
382
397
7
25
30
37
57
60
61
64
73
93
106
129
137
154
162
163
165
169
212
220
224
237
242
243
270
271
277
278
285
286
299
302
329
344
360
374
377
379
388
391
393
395
18
26
34
48
54
58
65
70
72
100
105
110
119
128
136
137
148
149
161
172
175
184
191
199
212
215
226
234
249
263
277
281
288
291
324
325
331
335
338
339
341
343
345
348
357
384
385
391
395
4
19
20
21
26
28
36
47
52
54
75
78
87
89
99
114
125
127
135
145
146
155
160
188
210
211
254
269
281
319
320
349
351
388
13
44
46
52
74
87
106
116
118
122
142
144
158
159
173
182
186
189
208
212
234
236
244
250
253
265
266
270
273
314
344
363
370
371
377
390
392
10
11
21
30
32
33
36
42
62
86
92
93
103
110
118
148
152
153
162
165
188
194
201
209
211
214
251
253
259
279
280
294
295
296
300
315
322
329
332
338
349
352
355
370
378
381
29
30
35
49
50
69
75
93
102
125
127
131
141
165
167
168
206
211
226
257
258
263
287
299
319
332
333
341
372
398
14
23
24
39
40
57
73
79
82
100
103
110
111
119
123
131
140
145
164
166
172
180
183
190
205
221
236
256
262
281
288
292
300
306
320
342
349
356
372
377
390
395
3
19
28
41
47
72
77
89
153
155
165
185
189
190
193
209
228
230
245
255
259
261
272
295
296
310
315
327
343
365
370
391
396
399
0
6
40
61
62
71
72
102
115
126
141
143
145
148
162
176
184
202
209
210
211
221
226
229
231
232
248
260
275
332
343
344
345
352
360
366
370
372
391
398
0
9
12
16
27
31
36
53
95
104
117
127
132
145
164
172
177
181
182
212
215
221
226
228
233
235
236
313
315
335
350
360
363
364
367
370
374
392
3
12
27
49
57
103
113
118
119
122
123
152
157
161
169
175
206
238
240
249
250
251
264
269
275
279
280
306
311
326
342
343
369
393
399
3
4
22
23
26
30
36
43
44
48
54
62
88
103
118
140
148
154
163
168
195
199
202
204
209
216
236
247
274
302
306
330
338
347
356
374
392
15
16
23
31
36
44
72
77
80
84
86
88
92
107
114
130
131
132
138
144
147
154
180
194
198
201
207
225
227
230
252
261
273
280
287
290
305
306
311
317
335
342
343
352
359
369
380
390
398
0
2
30
34
42
60
88
98
103
111
124
126
130
156
159
162
175
199
203
216
220
231
256
257
262
272
281
283
297
302
310
320
324
338
340
348
351
353
355
367
377
388
1
12
15
27
29
32
56
67
75
76
80
94
99
113
118
121
127
172
206
209
214
249
268
271
305
317
321
332
338
346
353
355
366
375
377
381
8
18
48
63
82
87
96
99
108
116
117
131
142
145
152
154
162
173
187
191
194
204
205
227
230
245
272
285
304
336
356
383
399
9
14
20
36
39
50
56
66
69
72
76
107
112
118
127
134
137
155
160
164
175
176
182
192
209
211
212
232
235
248
257
267
269
307
315
319
332
334
340
344
352
356
359
377
378
387
393
398
6
7
12
21
24
31
35
69
81
82
93
95
98
113
126
137
151
152
214
216
242
244
246
273
285
290
303
311
328
342
353
363
365
369
374
376
388
396
398
399
1
11
36
52
55
74
75
102
108
111
117
137
145
146
153
158
174
194
217
218
220
231
232
236
239
241
246
247
248
250
251
258
272
273
289
290
295
312
322
342
353
356
375
4
23
33
34
40
42
50
52
56
57
62
69
71
79
82
87
90
93
109
119
138
146
157
160
183
186
192
197
204
209
217
221
223
224
232
234
241
245
250
251
263
264
265
275
282
283
284
319
333
338
342
345
359
370
0
3
22
26
31
34
38
45
70
76
99
121
130
132
138
162
169
177
183
203
204
214
217
221
224
228
239
294
299
303
309
314
318
319
329
336
352
357
0
1
12
21
29
38
44
50
58
61
62
66
69
74
89
95
116
126
133
138
152
170
174
175
176
182
188
204
208
217
230
232
236
237
238
243
249
264
274
281
303
315
317
320
353
369
370
376
10
12
25
37
43
54
62
88
90
91
92
93
104
111
125
126
127
144
150
151
154
184
209
228
251
266
295
308
311
315
319
325
328
346
352
361
381
384
390
396
0
1
8
24
31
40
57
62
66
68
78
90
91
99
103
107
130
133
148
154
159
162
169
185
199
201
207
208
211
222
230
234
242
246
272
303
306
309
319
326
328
343
345
353
362
363
382
387
388
25
41
47
66
72
88
95
98
103
109
113
129
146
158
161
172
180
194
204
209
218
227
228
229
236
239
260
266
267
272
278
285
301
302
318
321
323
331
345
355
357
363
365
372
386
389
390
396
2
19
20
22
39
42
51
60
65
66
91
96
101
116
117
121
130
137
153
163
172
173
187
212
228
231
250
251
257
273
282
286
289
293
295
310
315
334
336
338
356
374
379
384
386
397
1
11
21
45
51
54
72
76
103
105
110
112
120
121
130
145
152
161
165
172
187
206
222
230
233
243
260
267
269
280
295
307
312
325
327
335
342
352
363
368
383
394
5
13
29
30
34
36
48
55
65
70
80
91
102
108
113
116
118
136
140
146
148
151
173
185
186
201
211
214
218
227
233
251
269
272
274
275
278
284
291
293
301
303
304
311
328
334
364
378
381
384
394
11
13
15
26
27
29
38
43
44
50
51
56
68
80
93
97
106
109
127
147
150
152
157
162
178
187
192
222
250
256
265
266
281
282
287
290
322
325
333
350
358
366
375
377
385
391
396
11
25
26
27
60
62
67
92
101
104
134
139
159
185
187
189
202
204
225
231
240
243
262
278
282
298
307
329
330
331
340
347
365
374
379
388
390
9
46
51
93
99
109
113
122
143
148
174
183
186
192
194
203
212
224
231
240
247
253
258
268
285
292
309
330
332
335
368
387
396
398
4
12
25
31
52
53
55
63
66
71
80
94
99
106
108
111
117
118
124
125
138
139
146
154
168
198
199
204
216
249
263
272
273
281
295
324
330
339
340
341
345
354
374
379
394
396
9
30
67
86
95
97
99
102
108
135
143
151
155
161
168
170
174
178
192
200
235
236
248
250
252
258
289
292
318
319
321
331
339
346
347
350
356
362
364
371
399
1
2
3
8
12
15
34
64
78
93
103
121
140
145
147
152
165
171
222
224
243
279
293
317
319
323
345
364
377
1
4
9
48
56
69
84
88
92
109
111
118
141
142
155
165
193
201
211
213
235
242
255
258
265
272
282
297
311
318
320
322
331
345
346
351
373
374
378
383
385
391
399
1
19
30
45
48
56
59
80
81
86
102
104
119
127
133
136
148
154
204
212
222
226
227
228
232
245
262
267
270
279
292
300
307
308
311
326
343
347
364
376
377
380
385
395
35
69
78
93
108
123
147
148
149
167
169
172
185
194
196
199
204
231
238
250
251
261
264
265
291
294
299
333
339
343
345
354
355
356
362
368
371
372
395
398
4
6
10
11
28
41
42
46
60
67
69
70
73
78
90
111
114
120
137
149
161
163
164
166
188
208
223
229
253
262
264
266
293
303
306
307
315
331
334
347
364
374
25
41
43
44
49
55
81
82
112
137
167
174
181
192
196
197
209
212
213
216
220
240
253
261
263
271
272
275
278
294
298
305
311
313
337
339
369
382
392
26
27
36
41
53
55
60
92
97
100
115
116
120
122
123
142
155
159
175
178
196
201
208
209
210
216
220
238
252
265
282
289
295
313
315
322
325
327
345
367
368
385
388
389
16
20
24
29
43
47
57
78
80
85
121
143
146
149
154
155
170
183
189
198
210
212
231
242
252
253
254
275
286
287
288
294
305
312
315
317
337
345
359
392
397
2
4
45
58
64
65
68
70
73
92
95
98
116
121
145
173
176
204
209
210
222
238
255
261
267
287
293
301
304
316
320
322
325
329
338
339
350
367
379
389
2
3
10
15
17
18
37
46
50
52
55
71
96
100
124
125
146
153
154
176
180
185
190
203
208
235
257
278
282
284
290
299
305
308
337
342
360
367
398
0
13
14
21
30
69
78
86
100
106
116
119
127
133
139
169
171
180
209
211
217
245
247
252
253
273
274
287
288
298
306
309
312
319
333
336
338
340
357
358
369
386
392
393
19
22
26
33
41
56
63
77
79
89
90
91
98
99
103
106
108
113
115
131
138
147
177
190
209
217
226
233
237
251
263
269
273
297
306
319
329
330
338
357
369
382
392
398
5
8
38
56
57
73
83
86
104
110
112
121
153
154
159
160
167
183
195
203
215
256
285
286
288
301
321
327
347
348
361
365
372
386
388
392
11
12
16
22
29
37
38
68
72
75
102
105
113
115
119
124
128
131
134
135
146
176
218
225
229
232
240
250
270
288
289
290
298
301
317
320
328
332
335
357
359
364
373
395
9
37
43
45
48
59
64
81
84
88
99
101
111
113
120
129
132
179
184
186
193
195
225
232
244
270
299
311
317
321
327
334
337
352
360
369
393
33
42
46
57
64
74
81
95
97
105
109
120
125
128
149
172
188
211
218
226
276
290
293
321
327
348
351
353
365
369
370
381
21
49
52
67
71
94
101
106
137
141
156
170
207
223
236
238
239
242
253
256
259
266
276
280
284
288
301
305
313
315
320
331
342
379
388
389
2
3
7
25
28
40
47
52
60
65
70
90
94
101
106
108
113
128
148
164
172
200
217
234
238
245
251
252
254
261
267
279
284
286
327
331
353
368
369
374
395
6
31
41
49
62
72
75
91
95
112
141
174
183
223
230
256
269
288
292
296
310
325
337
344
355
366
367
392
396
22
28
30
33
57
65
73
83
95
103
105
129
131
150
156
186
193
195
196
202
204
208
212
234
241
262
271
277
287
309
314
324
327
339
390
2
3
17
21
26
32
38
40
41
52
60
62
77
82
102
113
114
125
138
153
168
188
191
202
210
212
213
219
221
235
242
245
246
247
254
258
280
285
293
298
309
327
341
343
346
359
363
376
388
394
8
13
39
40
44
50
64
77
83
90
91
94
97
98
102
104
106
131
145
151
158
165
169
170
176
183
209
219
225
230
245
247
253
257
278
288
290
292
297
307
314
323
353
366
371
377
384
387
1
13
14
23
38
44
53
87
102
107
125
138
146
149
156
157
174
182
185
188
198
200
203
207
214
234
250
252
253
256
278
311
318
374
392
393
394
396
6
16
34
41
43
68
94
96
102
125
136
138
160
205
209
213
228
231
232
246
254
255
277
285
290
300
335
350
370
371
380
386
389
5
10
14
23
40
43
50
85
93
105
117
121
133
143
146
156
174
178
182
189
200
207
229
231
263
277
305
315
325
340
358
378
394
27
49
50
81
84
87
95
99
107
128
129
132
136
140
147
151
153
157
171
182
190
200
203
213
220
224
227
231
236
239
243
258
288
293
295
299
303
311
320
327
331
336
355
366
375
392
395
19
41
43
58
61
66
67
70
74
77
93
113
134
142
164
211
228
243
246
248
250
252
258
262
276
292
303
304
308
321
352
357
392
1
5
11
18
40
41
50
67
93
99
127
131
133
136
153
170
175
177
181
182
185
189
191
197
200
205
239
252
253
265
274
276
277
282
295
308
310
327
347
361
362
365
374
378
379
380
382
5
15
16
31
42
43
48
77
81
87
98
106
109
110
116
130
138
149
157
175
179
180
211
241
252
257
259
262
286
288
291
296
302
304
310
322
326
334
343
344
351
352
354
361
374
375
385
398
1
15
17
24
33
36
55
56
59
79
84
109
111
123
126
129
131
132
134
141
153
163
171
189
205
218
219
230
233
266
269
285
289
294
300
301
310
319
328
342
348
356
375
378
386
399
0
13
14
25
49
61
62
69
71
129
153
162
164
166
208
212
221
223
237
257
263
265
268
277
295
298
303
310
311
342
372
383
388
3
4
25
38
45
62
71
79
96
101
144
158
162
176
201
236
242
244
251
263
266
331
341
346
377
387
394
397
398
3
18
22
24
32
45
48
57
81
86
101
105
112
115
120
130
156
159
165
166
192
200
205
213
214
217
233
245
246
248
250
254
272
275
278
293
298
308
313
317
319
322
332
334
336
349
353
361
364
395
396
2
11
17
22
23
27
44
65
67
68
87
88
100
103
116
119
123
128
141
144
156
157
161
163
167
187
207
221
232
254
263
274
291
302
333
337
351
353
359
386
390
396
5
9
16
29
36
37
38
59
61
74
93
102
106
118
139
144
158
159
160
167
169
173
189
204
221
229
254
258
260
265
272
274
278
279
283
284
297
326
333
337
350
353
356
364
372
374
379
387
399
1
3
6
13
28
34
46
50
52
54
77
97
98
100
105
117
121
125
133
157
165
189
208
228
231
247
249
253
260
284
314
347
349
363
370
379
385
392
396
3
17
18
26
41
47
80
108
124
131
133
135
140
144
147
166
170
176
180
204
211
215
225
239
254
256
257
273
283
284
298
337
338
340
365
371
383
396
0
1
4
5
17
24
29
35
59
60
97
98
106
107
110
112
119
134
139
144
152
153
160
161
169
177
199
203
205
208
212
235
239
243
260
271
276
292
303
322
326
329
370
385
387
389
392
4
12
13
35
40
76
108
110
114
116
124
140
145
146
162
195
200
211
212
236
259
261
276
277
279
284
287
289
292
304
324
329
331
337
340
350
352
23
78
80
84
85
105
123
125
132
133
167
173
202
205
212
217
255
270
278
315
318
320
321
325
338
341
359
365
369
370
387
3
16
19
21
33
38
48
66
73
76
82
95
102
108
125
146
152
167
181
193
207
210
215
239
259
271
273
291
303
313
317
324
336
348
353
357
385
393
396
15
31
51
66
75
94
105
112
131
137
146
155
159
160
170
171
172
176
189
191
195
218
220
229
230
231
260
263
267
272
276
279
291
298
299
313
321
326
337
341
346
355
389
391
394
1
5
17
31
43
45
48
63
91
108
122
133
151
180
182
185
191
197
199
201
216
229
235
241
254
288
325
326
331
332
343
387
13
19
30
44
46
50
65
88
98
130
136
146
147
170
173
187
196
226
227
236
238
239
250
256
266
298
316
323
324
332
358
368
378
0
1
10
14
33
53
55
61
63
65
67
70
77
95
102
105
115
121
145
146
158
167
180
199
208
226
228
247
264
275
279
312
321
331
337
342
343
344
350
356
375
396
398
19
26
32
38
40
49
52
75
124
137
142
143
145
146
164
171
178
187
191
207
219
228
237
259
279
296
301
303
322
324
326
344
353
375
395
396
397
17
29
30
32
38
56
62
64
71
73
91
102
108
116
120
123
124
132
147
155
174
179
212
219
225
235
243
245
246
258
266
276
324
336
341
369
376
384
396
397
1
7
14
48
53
68
93
118
122
129
132
134
135
149
150
162
170
175
181
192
200
213
224
236
243
266
274
318
334
354
358
380
0
3
5
61
77
81
94
111
113
115
142
153
158
165
176
200
232
239
240
263
264
267
285
294
297
303
305
317
321
323
330
333
334
335
346
353
362
391
396
9
33
38
49
53
57
87
89
94
105
121
126
130
149
169
181
192
198
244
250
267
281
285
291
298
299
300
314
316
328
341
353
355
359
364
391
3
7
42
63
79
97
98
111
113
118
143
144
146
154
183
198
222
250
271
298
304
306
308
310
313
316
318
331
334
342
350
361
363
370
379
387
392
0
2
23
24
25
34
42
46
63
77
81
90
101
105
118
120
126
136
139
141
188
193
204
208
218
221
247
250
254
263
269
303
325
337
345
372
1
5
6
7
32
44
58
62
79
82
88
94
97
104
105
111
125
133
142
144
174
176
184
186
191
205
206
218
232
233
237
245
273
291
344
351
357
385
392
394
395
4
10
23
32
33
37
38
50
51
57
100
105
106
110
137
152
153
158
163
199
202
205
222
231
232
235
242
255
276
288
289
293
344
345
346
356
358
361
375
394
2
7
31
34
53
55
127
143
152
157
169
185
199
203
233
238
258
261
273
278
285
288
290
301
318
320
352
357
363
364
367
391
394
2
10
27
58
59
68
72
75
86
96
104
107
121
140
151
154
162
166
219
220
221
247
263
271
273
284
290
294
297
303
311
343
363
379
17
20
31
104
105
126
127
143
146
157
183
185
196
199
200
210
211
221
225
246
275
277
286
287
319
335
337
354
364
375
377
386
11
13
33
70
78
101
104
128
154
157
159
173
174
187
191
194
197
200
204
205
206
224
230
231
236
237
258
265
290
297
300
314
322
334
344
363
367
373
383
388
390
394
11
41
45
48
57
83
85
94
120
126
128
129
142
154
165
196
223
234
245
254
262
272
277
279
289
296
300
302
343
354
355
360
11
15
18
37
42
82
88
94
97
107
124
127
132
156
158
186
189
191
199
200
212
225
228
229
234
237
243
247
259
265
285
289
297
316
317
325
336
342
343
351
360
391
392
397
398
14
17
21
39
44
51
60
68
74
85
86
89
97
108
180
184
190
207
224
226
231
232
236
260
268
272
276
282
285
315
348
350
359
382
388
397
20
45
47
55
61
65
68
84
92
96
99
122
137
146
150
157
162
178
183
186
189
197
200
208
214
217
257
293
295
303
304
333
341
348
358
363
367
374
385
388
11
12
23
27
39
45
54
57
59
68
69
79
85
90
97
109
113
130
141
149
155
159
160
191
203
214
218
225
234
246
249
255
257
258
260
282
286
292
298
304
327
334
354
389
396
