0
1
15
16
33
39
43
44
51
59
66
68
70
79
84
105
116
128
144
157
158
159
185
186
199
202
219
233
246
248
256
261
267
278
288
301
304
314
323
326
343
372
382
3
15
18
34
37
41
43
50
55
60
72
98
107
108
115
117
119
130
141
157
160
177
203
204
212
222
228
275
279
282
283
298
307
329
339
342
347
352
358
370
374
380
395
0
5
14
24
30
43
50
55
56
69
72
84
94
105
122
140
160
165
193
199
200
201
204
216
222
234
246
250
260
285
286
314
324
336
338
356
360
370
376
382
0
4
8
9
24
33
44
46
67
68
76
78
103
108
118
122
123
141
146
159
190
209
225
230
231
254
260
289
296
302
306
311
325
336
350
377
378
390
398
4
9
14
28
49
63
126
127
129
146
159
162
193
214
226
237
247
266
269
297
309
326
337
366
378
392
2
6
10
12
20
28
30
35
41
54
99
111
118
122
123
136
137
146
151
152
159
194
202
210
218
219
235
237
251
258
261
270
277
281
283
293
303
305
311
318
322
338
358
361
373
390
396
8
27
40
58
66
67
92
97
104
107
113
115
146
159
185
186
190
198
218
239
252
262
277
283
287
293
305
313
316
318
329
339
341
351
355
362
393
8
16
31
32
38
54
70
78
80
86
100
117
128
131
134
139
145
150
153
155
181
182
184
229
236
245
251
275
291
295
337
338
339
347
352
362
393
395
396
29
55
67
68
70
75
82
91
92
94
99
110
119
127
135
155
164
171
175
180
193
199
212
227
251
252
284
286
296
299
319
323
334
339
342
348
349
356
359
364
371
375
391
392
2
7
10
29
34
55
56
74
110
133
140
157
159
169
176
204
206
211
215
230
234
239
243
255
287
301
307
311
315
316
348
349
1
20
38
46
51
53
73
75
82
95
102
120
129
132
142
147
161
164
168
200
201
212
214
219
222
224
225
263
268
283
289
292
314
321
333
341
351
361
366
384
1
25
38
45
61
63
79
82
88
91
97
106
119
129
131
148
158
199
207
210
213
224
232
237
239
240
244
252
261
276
283
288
304
311
323
324
358
376
383
391
395
2
6
9
11
30
32
49
55
57
61
68
72
75
78
79
107
114
123
142
144
151
152
160
163
170
174
217
227
267
270
272
291
308
329
334
341
346
360
377
383
399
4
28
36
57
59
75
91
96
103
109
112
123
135
142
158
164
174
176
185
187
188
203
208
221
240
242
249
252
268
270
271
273
278
282
290
293
309
312
318
325
329
331
352
382
390
25
34
38
44
47
51
61
67
77
80
96
107
110
117
119
121
122
123
128
133
137
138
140
150
156
157
161
164
167
175
184
192
221
236
261
272
288
301
311
313
330
332
333
341
345
363
380
388
11
37
44
54
57
63
64
88
112
120
121
123
124
126
128
138
139
147
153
154
183
189
201
204
210
233
236
255
276
290
301
306
312
319
330
331
338
364
366
398
3
12
22
23
25
40
42
70
73
82
83
97
130
133
144
159
175
179
187
192
193
200
205
214
228
238
242
250
251
267
285
291
292
294
299
307
317
331
348
359
360
380
381
397
4
17
55
68
76
90
95
103
109
110
113
120
147
155
162
169
205
219
225
226
230
247
255
259
311
326
327
330
331
349
360
364
365
369
381
395
396
17
21
25
30
32
33
52
58
62
75
94
111
117
129
132
157
220
221
223
228
251
252
255
258
259
270
279
282
285
293
295
302
307
330
335
349
390
399
21
29
45
46
49
72
94
105
121
139
140
146
154
167
181
194
199
227
240
254
257
261
289
315
316
323
339
351
376
0
15
34
57
70
82
83
84
97
99
102
132
137
158
162
168
184
188
189
209
213
215
227
264
291
292
302
311
312
313
320
327
331
340
348
357
377
396
398
18
25
33
38
40
44
48
56
60
74
83
95
103
155
161
174
191
192
218
243
252
254
263
264
266
267
268
276
282
335
341
345
351
365
366
388
391
392
394
1
53
81
87
93
94
100
112
116
123
125
135
155
179
186
196
198
201
208
215
216
219
253
260
261
290
292
331
334
347
349
350
361
375
386
11
27
29
41
53
60
81
85
87
89
92
94
129
135
162
170
175
177
178
186
188
189
194
228
237
252
258
285
287
289
291
296
312
324
340
345
357
366
368
369
380
389
393
10
13
28
36
42
46
47
48
55
56
88
104
120
124
130
132
138
139
151
174
179
199
203
224
258
270
276
289
310
312
313
335
339
358
375
378
382
386
399
4
6
13
20
22
25
41
47
51
62
64
77
86
89
97
125
128
146
159
174
191
206
207
209
218
227
265
280
283
345
353
382
387
393
0
6
67
75
78
95
131
137
152
166
200
201
217
250
320
322
327
328
344
347
352
363
369
370
387
388
395
18
37
82
85
89
95
134
153
163
169
179
180
185
188
228
238
273
284
303
316
321
330
345
380
382
0
35
49
52
55
79
91
96
106
137
142
147
151
154
158
163
180
186
188
189
199
202
205
208
209
215
217
223
235
236
245
246
268
284
291
297
312
321
324
328
342
343
371
372
373
383
386
398
4
30
53
58
64
78
88
91
107
114
117
132
137
164
179
184
188
189
193
205
223
228
235
281
296
298
299
317
318
324
328
334
365
369
383
386
18
28
43
88
91
95
96
111
128
132
135
141
151
159
168
170
173
187
242
251
289
291
294
297
306
339
345
350
352
376
379
381
385
394
0
21
28
38
39
48
49
65
77
78
101
108
116
119
123
127
145
154
157
160
196
197
200
202
227
230
262
263
275
298
299
303
304
316
322
324
329
337
349
353
354
364
369
376
382
388
399
2
9
19
26
36
45
48
54
66
84
100
107
114
150
159
169
185
213
221
228
240
248
255
257
258
265
268
280
281
285
296
323
328
339
343
346
355
356
359
379
386
394
399
15
19
21
28
31
32
36
39
42
43
53
64
67
102
108
115
121
128
137
139
152
157
201
203
205
207
215
237
239
270
272
279
296
308
311
315
317
331
333
336
350
376
383
15
33
34
41
71
76
79
82
90
94
95
108
114
117
144
147
148
154
158
174
180
184
198
204
209
224
226
232
237
238
254
263
283
291
305
308
309
314
330
338
349
365
1
10
25
27
34
56
57
58
68
80
83
86
92
93
112
123
133
170
173
176
183
184
185
203
211
214
218
224
245
247
250
264
274
298
303
317
335
344
360
373
378
380
383
393
399
14
17
26
32
38
53
67
68
88
108
109
118
123
131
140
168
174
183
194
214
230
246
264
276
291
308
310
326
354
378
1
15
19
27
32
40
41
55
64
75
104
111
113
116
124
127
134
139
140
162
166
167
177
184
188
193
205
208
210
214
225
227
236
240
256
268
273
282
288
300
320
326
334
349
352
360
18
24
31
39
66
68
70
85
88
99
113
120
125
126
131
135
141
150
168
181
190
197
202
203
208
215
224
240
259
265
271
277
290
297
301
308
310
311
324
336
351
358
380
390
28
29
39
45
52
56
62
66
76
77
89
107
111
115
116
133
142
152
154
160
165
176
180
186
187
214
226
231
235
244
247
254
268
272
281
291
296
299
311
342
345
358
365
386
387
15
25
41
42
47
48
52
86
91
92
114
135
138
141
167
178
183
193
202
210
246
249
256
276
299
301
305
309
318
328
345
351
359
364
380
394
8
23
40
48
55
73
80
87
90
99
100
123
136
145
146
157
167
173
178
183
199
205
206
210
211
220
237
240
246
248
256
259
272
283
314
321
331
333
348
353
366
383
386
391
398
6
7
15
31
36
53
60
75
87
100
102
103
104
118
119
130
143
145
151
158
159
174
191
193
194
197
200
216
220
229
258
265
271
272
275
285
287
288
318
327
334
338
346
355
356
378
382
384
395
17
24
26
36
56
68
75
77
83
93
110
116
144
145
147
149
173
183
188
190
199
201
202
232
233
246
247
263
264
265
270
282
288
296
302
319
322
328
330
345
363
387
391
396
1
7
16
17
27
36
47
52
69
77
89
103
113
118
121
125
131
154
159
162
180
185
193
213
223
227
230
231
232
234
252
253
256
257
258
272
295
300
309
311
322
327
331
350
351
367
369
373
387
392
397
5
33
36
46
67
74
112
116
125
130
132
133
138
164
168
175
179
192
195
228
230
241
245
246
250
260
261
277
279
284
288
314
318
337
340
344
359
360
364
374
377
379
16
24
25
36
37
45
68
74
116
127
136
147
158
161
174
176
192
203
215
222
226
244
252
255
261
270
304
321
322
340
343
346
366
383
392
2
23
28
32
33
67
76
109
111
112
117
128
130
154
156
161
165
180
187
250
258
260
275
285
292
294
313
314
318
321
326
328
330
347
349
357
366
370
390
8
10
26
32
34
53
69
71
90
92
102
104
112
120
121
125
127
136
147
153
170
188
193
194
202
209
211
212
223
227
235
241
246
247
248
261
273
279
292
296
299
303
337
344
353
363
390
48
50
57
69
72
76
81
83
96
101
125
164
165
174
175
181
184
191
208
242
252
255
276
280
287
299
300
306
309
328
329
338
372
374
388
5
24
60
63
64
71
81
85
91
111
112
135
140
154
155
158
161
170
175
183
195
199
203
206
209
219
234
254
255
269
286
291
300
314
324
326
335
339
342
358
359
376
383
398
8
32
35
41
50
62
73
74
88
89
105
108
109
110
119
139
143
146
149
155
161
163
172
173
181
187
196
206
212
227
281
299
300
319
343
345
347
362
363
369
371
377
1
2
8
21
26
29
30
32
37
44
61
75
102
134
143
149
150
165
171
182
189
202
203
207
221
224
229
243
245
249
262
282
286
288
295
299
303
305
309
322
334
357
363
366
378
388
392
3
15
34
46
98
117
120
199
203
234
237
246
271
274
275
279
286
309
323
366
378
397
0
4
8
19
24
59
75
78
79
84
111
124
152
220
231
233
238
257
263
275
282
287
288
293
295
298
299
300
306
309
320
322
325
330
334
342
345
347
372
381
394
10
30
35
47
80
82
90
101
116
122
148
149
156
157
177
178
204
206
220
225
228
230
238
243
248
255
256
266
275
291
295
298
312
337
347
350
360
6
23
27
42
63
64
71
74
77
98
109
113
118
132
136
147
158
176
187
191
212
217
225
247
250
252
288
296
306
307
311
320
326
340
341
343
347
349
350
366
378
381
396
17
22
27
73
77
83
92
101
105
108
115
125
131
141
143
158
182
185
194
196
199
208
212
220
242
261
273
274
289
299
305
311
323
336
337
340
341
349
370
377
382
387
18
28
38
51
77
91
96
105
108
109
112
114
130
147
156
165
171
176
182
190
191
198
203
205
206
212
217
220
226
237
238
251
287
334
336
338
343
348
364
368
390
3
5
11
15
25
34
40
55
56
61
67
74
108
109
125
132
141
143
147
161
186
189
202
209
220
232
239
244
251
254
258
271
275
280
281
298
304
316
323
332
333
337
351
353
379
386
387
390
17
20
21
24
40
45
47
52
58
63
68
72
90
112
113
116
138
152
160
163
169
182
196
199
201
212
214
215
219
232
233
244
256
259
260
264
288
289
294
313
329
330
334
345
347
353
373
375
7
17
23
55
64
68
74
84
88
93
103
113
118
123
128
147
155
160
162
182
189
190
193
195
205
210
215
226
236
248
255
256
275
276
277
287
295
305
318
320
355
370
377
398
2
8
15
24
37
40
60
70
78
81
84
95
96
102
130
134
155
164
176
188
196
204
235
252
264
269
274
284
289
294
296
306
323
324
328
330
342
372
378
379
381
1
24
32
56
70
91
92
94
101
111
114
144
152
178
183
193
199
226
269
280
286
290
323
330
332
334
338
365
382
390
13
21
26
41
54
70
72
81
88
91
95
100
102
104
108
117
118
121
140
144
149
150
151
154
155
162
165
172
190
193
196
198
214
219
238
240
250
265
274
277
286
311
315
320
323
333
358
361
374
379
385
391
398
16
24
28
49
57
58
60
80
107
113
125
128
131
150
152
164
186
212
216
224
227
229
230
243
247
251
255
263
265
266
284
299
306
308
318
351
361
381
383
22
24
28
29
32
71
73
75
84
92
111
123
134
135
137
144
149
152
156
172
176
191
196
200
204
213
221
262
273
278
329
347
366
376
377
27
42
45
47
69
75
78
85
106
113
120
147
166
187
193
197
212
213
224
228
234
240
241
249
252
268
274
278
294
362
393
0
20
26
44
47
55
65
69
79
98
101
105
134
135
138
153
186
197
214
231
235
236
249
251
258
292
305
313
324
327
335
337
341
342
344
352
353
356
374
382
383
388
392
393
8
19
28
29
31
53
56
57
59
64
75
115
126
135
140
153
156
165
166
176
178
179
180
194
201
227
232
248
255
256
260
262
268
280
286
293
298
303
310
312
320
337
339
345
354
356
362
375
383
52
64
68
73
75
102
115
123
145
158
170
179
248
257
258
275
311
330
334
337
338
341
350
352
365
5
7
8
11
14
22
24
26
38
50
51
56
63
65
67
77
84
95
101
108
117
118
124
125
128
135
144
145
146
149
151
162
171
176
203
206
210
213
215
225
242
258
259
297
315
325
335
354
366
371
372
379
382
20
25
42
52
55
70
100
106
117
131
132
138
156
165
179
200
211
213
227
231
240
245
256
264
282
288
314
316
331
334
340
356
376
377
379
394
35
39
81
82
84
91
96
99
121
138
165
168
197
264
273
276
278
283
324
349
354
360
361
365
376
384
393
3
4
13
18
20
27
43
45
51
61
65
86
91
106
109
111
138
141
148
149
158
164
165
166
167
168
170
187
201
214
218
228
241
267
268
276
282
288
293
300
322
323
326
328
337
340
353
357
386
390
393
1
4
13
28
34
40
78
79
80
89
91
99
107
113
115
116
127
199
205
216
241
242
248
254
263
278
280
285
291
305
309
328
333
336
337
369
373
385
393
394
12
34
35
66
67
72
96
113
144
163
167
182
183
184
194
216
264
276
300
312
316
321
325
331
348
360
375
1
2
12
14
16
19
25
27
38
44
56
67
69
77
85
89
97
105
117
120
146
157
199
205
216
239
249
251
256
265
275
293
296
298
305
327
334
341
343
348
376
384
388
398
15
16
29
33
36
45
59
78
96
110
117
121
144
145
146
154
155
158
164
172
173
202
208
237
244
255
265
268
270
283
285
286
292
294
319
331
341
378
387
3
4
42
43
44
45
46
56
80
81
87
98
101
105
114
118
229
252
281
282
305
318
332
353
358
361
371
374
375
377
399
9
43
56
57
61
76
77
110
133
143
166
167
174
176
194
197
201
235
239
241
244
250
255
256
270
281
290
298
299
311
315
317
318
329
333
334
340
345
350
356
359
361
0
5
33
41
76
87
111
125
127
133
138
148
151
153
165
189
192
193
219
240
248
250
251
266
274
280
290
295
301
319
320
321
326
330
365
374
383
387
394
2
6
7
11
18
51
72
85
87
103
136
138
143
162
163
168
177
197
205
209
216
222
232
237
243
255
274
296
323
339
345
347
349
356
366
374
377
387
27
60
65
70
74
81
84
104
122
127
130
132
142
147
151
175
180
183
194
225
230
251
263
275
276
279
311
314
321
357
364
392
15
35
47
76
84
92
117
118
125
160
165
172
198
245
247
248
274
291
295
303
314
315
322
324
331
339
346
354
378
0
7
9
12
19
35
38
51
54
60
61
70
82
87
90
92
97
99
111
124
128
142
146
150
167
177
178
186
204
212
213
222
249
254
256
268
275
292
294
303
309
314
317
319
331
338
341
343
346
348
357
358
363
378
387
388
3
15
25
31
41
52
54
62
65
85
117
132
179
226
228
235
242
252
269
274
295
296
298
301
304
305
306
308
329
341
361
365
368
370
380
388
390
392
12
18
19
30
39
50
51
64
94
99
100
133
136
147
178
185
201
211
212
226
227
237
246
250
314
320
327
332
334
336
382
47
51
58
66
113
117
119
125
136
151
153
165
172
179
182
196
197
213
247
261
279
284
286
289
295
316
337
345
368
378
379
387
394
1
11
20
63
65
83
94
126
148
153
184
187
200
214
230
233
246
258
266
268
273
286
287
288
296
305
308
326
331
339
356
366
368
382
394
5
30
60
63
68
69
78
99
112
113
116
129
130
139
149
168
169
173
185
188
190
196
205
220
226
243
250
256
282
284
310
312
318
335
341
345
346
357
364
366
368
369
371
374
379
397
0
38
39
42
52
61
63
64
67
70
76
80
96
100
102
115
124
126
135
136
144
147
155
179
181
183
197
200
203
204
211
217
225
228
235
240
245
256
258
267
275
280
282
285
300
307
310
337
340
347
349
361
389
0
14
24
36
45
61
69
78
101
109
125
151
154
169
179
197
201
214
227
234
244
251
268
279
281
290
303
308
327
340
349
352
377
399
10
11
13
14
18
30
50
60
65
93
95
96
99
108
118
124
157
170
171
173
181
184
203
219
220
224
229
234
243
251
261
265
272
306
315
316
331
333
346
352
365
373
379
381
385
398
34
43
50
53
66
96
98
99
103
118
123
128
138
144
146
155
159
160
162
166
173
174
188
199
209
213
226
238
269
273
277
285
296
297
312
322
324
328
334
336
348
364
374
384
392
394
3
6
13
36
42
46
51
62
65
69
84
85
91
95
99
113
117
118
129
149
159
162
166
167
170
187
201
205
226
253
259
283
293
297
299
324
335
344
364
391
398
3
17
25
27
29
58
68
69
100
103
124
132
142
168
176
187
194
197
200
205
210
224
256
261
277
282
298
299
311
323
354
360
384
389
398
18
41
45
104
105
130
133
134
135
136
141
147
166
187
196
198
210
211
212
218
233
237
244
249
256
273
280
283
296
314
320
326
328
336
355
363
379
385
390
0
1
9
11
15
20
26
27
32
40
45
53
56
65
81
84
85
93
104
135
160
165
171
184
195
202
209
235
247
251
252
258
271
277
278
284
285
301
302
307
322
335
352
365
372
374
376
381
2
4
8
10
36
51
67
75
96
99
106
126
127
130
139
140
184
201
214
216
241
248
250
255
260
266
286
307
315
329
333
342
345
349
351
370
381
389
394
26
32
41
48
64
89
98
122
146
157
158
165
175
181
182
205
245
255
257
264
271
277
278
291
293
303
304
306
313
331
346
377
388
394
6
33
52
59
60
72
82
101
104
106
112
114
115
118
120
124
126
155
177
200
204
220
230
236
250
269
279
299
300
304
311
312
314
317
326
339
367
380
10
22
27
52
53
79
105
121
143
162
182
183
189
202
206
207
213
235
236
242
258
260
268
270
289
295
301
317
373
376
391
398
1
4
35
41
50
62
65
68
73
75
84
88
90
100
103
143
152
169
182
200
212
217
231
237
239
265
278
283
296
302
313
326
328
373
385
386
396
3
15
34
40
49
51
70
95
96
113
127
131
137
154
167
172
196
207
209
216
222
233
245
251
260
272
288
332
338
341
359
368
377
379
382
394
14
36
49
52
58
68
71
96
97
101
104
106
173
177
195
209
211
230
234
242
246
248
249
274
281
282
290
298
303
304
307
318
326
327
340
342
345
346
356
386
388
399
3
6
16
34
36
39
48
68
69
72
83
108
123
146
151
157
159
168
172
186
189
190
196
202
211
217
219
221
226
230
238
243
254
268
272
275
280
316
322
331
332
333
336
338
339
343
361
364
387
7
21
22
26
42
49
53
58
70
89
96
101
113
136
137
143
163
165
170
175
183
185
190
200
201
203
216
220
224
225
236
239
241
258
265
275
299
307
308
319
331
342
366
370
378
391
396
10
16
38
39
43
58
65
74
79
96
99
106
112
128
141
144
153
170
180
190
197
200
233
234
241
242
249
255
257
277
284
286
289
297
299
318
319
325
338
339
341
345
354
365
375
382
37
43
46
47
56
59
107
109
110
114
118
119
121
133
136
140
171
196
197
204
205
215
216
217
219
274
291
293
311
326
327
339
343
345
365
371
372
373
376
388
399
6
10
16
21
29
30
38
51
53
67
102
115
129
137
146
159
167
174
181
184
195
204
205
215
219
222
232
233
249
253
255
257
270
272
276
295
317
322
327
337
346
350
389
3
11
12
13
37
57
64
71
73
86
95
117
133
135
140
145
168
187
190
196
202
205
212
224
239
265
266
303
306
337
343
355
356
8
16
42
49
53
56
71
110
115
124
127
129
135
148
149
158
163
176
186
197
224
250
257
263
265
287
298
306
324
351
355
366
6
18
22
28
32
35
49
53
61
63
70
72
122
124
125
130
131
138
150
189
194
199
203
205
227
238
250
251
259
264
265
294
311
344
345
354
356
357
360
365
368
380
390
11
23
26
37
38
42
67
86
96
107
108
128
134
137
153
156
166
170
174
185
193
194
210
231
235
244
247
249
287
288
295
296
342
359
366
375
377
384
398
399
18
27
29
51
56
58
68
90
93
129
139
152
158
173
179
193
202
224
231
244
260
266
270
275
280
282
303
312
314
318
319
338
339
341
344
362
365
366
368
371
385
3
4
9
16
37
40
44
98
129
138
139
145
151
170
174
176
178
187
188
194
196
209
211
213
260
274
281
285
301
306
341
356
359
388
389
2
26
27
48
51
84
97
113
136
161
181
199
202
205
206
207
209
213
217
223
228
233
235
240
248
257
259
281
283
285
287
309
354
356
381
398
6
15
26
31
40
48
61
71
81
90
94
108
112
127
129
140
156
161
183
198
199
217
231
232
241
243
254
255
259
279
281
287
301
313
340
346
360
369
386
390
396
5
8
10
34
42
53
55
84
89
92
100
109
119
123
124
139
153
155
166
198
200
209
214
230
234
245
257
261
268
282
291
307
318
326
330
370
392
394
1
15
27
54
65
86
101
112
118
126
151
160
164
177
187
199
203
208
224
225
228
231
234
242
253
256
273
276
282
286
287
305
308
311
313
318
326
338
340
346
355
363
376
377
380
386
387
8
11
22
36
39
66
71
76
82
85
93
108
152
157
175
181
215
221
226
230
244
250
270
273
278
295
305
319
354
358
363
368
4
20
42
51
56
58
65
71
73
84
100
125
131
137
167
173
185
195
215
231
234
242
245
251
281
291
297
304
319
331
336
344
346
364
374
376
4
15
33
41
57
78
100
113
127
130
131
133
139
154
161
175
198
200
203
208
243
259
260
263
281
330
331
333
346
351
361
366
370
390
4
6
13
23
25
29
46
60
61
64
79
82
87
88
102
127
138
164
175
181
186
198
202
216
227
238
239
241
244
255
266
279
286
289
294
300
303
308
319
320
321
325
328
335
337
338
360
371
385
388
4
6
12
13
20
27
30
32
43
52
54
56
72
75
89
98
104
115
118
139
147
175
176
179
194
195
198
206
208
212
226
228
233
234
238
240
247
249
251
253
287
291
315
317
346
351
377
384
393
396
3
11
14
34
40
73
95
100
102
147
152
196
205
216
232
239
240
255
267
281
286
301
311
316
317
372
373
377
382
384
387
391
392
13
21
40
47
66
94
100
117
175
180
190
193
194
206
214
221
224
227
228
248
252
254
276
283
285
331
334
335
339
341
342
346
371
376
393
20
36
80
86
105
109
124
147
163
167
174
182
184
185
190
193
205
206
216
231
233
235
238
245
254
258
271
273
274
287
300
305
315
337
341
342
357
361
362
364
375
376
383
5
10
22
24
50
61
64
75
89
96
97
103
112
114
133
156
159
193
198
230
238
249
256
307
350
355
357
358
363
378
1
8
17
31
36
41
48
63
65
75
76
81
105
114
116
118
120
126
127
128
129
143
152
154
168
190
196
202
206
209
225
241
251
263
265
266
268
270
293
298
330
335
338
381
398
1
3
15
17
19
21
32
42
72
100
131
148
153
168
173
177
182
194
223
224
237
254
262
288
294
303
318
319
322
338
344
348
352
353
362
365
390
396
399
3
5
11
23
31
38
45
62
67
74
80
97
100
110
120
124
148
149
153
163
175
181
187
200
203
205
207
217
219
230
253
258
268
272
275
282
286
296
307
315
325
326
329
335
350
368
380
382
392
4
29
30
45
69
89
97
101
119
151
173
174
180
185
190
196
201
218
225
232
233
238
240
247
257
276
281
290
299
308
311
318
325
331
372
375
383
387
5
10
23
40
50
54
64
66
90
93
122
161
170
171
184
186
188
191
196
200
216
252
278
287
293
296
299
304
312
317
324
325
344
349
353
356
382
388
391
5
17
18
28
43
57
82
96
102
105
106
154
170
192
219
221
234
237
249
255
276
289
291
293
306
332
336
342
343
344
346
382
384
393
397
0
5
32
39
51
64
65
66
69
75
80
85
88
102
103
105
106
125
137
144
150
184
187
191
217
224
236
251
261
272
277
278
279
295
323
324
339
357
376
383
392
3
6
7
9
26
44
47
53
59
71
93
97
98
113
117
120
137
143
148
156
166
174
176
180
184
222
256
272
273
286
297
298
302
315
317
319
326
333
339
349
354
355
358
363
378
379
380
383
391
398
6
20
42
47
50
52
55
59
67
73
77
84
93
113
116
117
123
130
142
147
157
173
176
188
198
214
220
239
246
269
287
299
301
305
310
314
325
337
354
355
365
376
391
396
398
399
71
74
75
79
83
108
117
164
178
179
206
244
259
262
273
274
296
312
316
321
335
341
353
359
367
385
9
11
24
29
41
44
61
64
89
103
139
162
165
169
180
191
198
210
212
222
238
267
274
275
313
322
323
330
334
351
357
372
6
18
22
25
33
36
60
72
74
80
81
97
102
108
111
118
121
130
135
139
149
150
153
154
161
166
174
175
184
185
187
191
194
210
213
215
216
228
258
259
260
280
284
286
288
305
308
311
340
350
358
370
378
387
391
2
3
11
21
42
53
61
68
69
70
85
86
94
102
104
120
130
142
152
158
165
171
198
199
200
203
206
226
236
284
295
300
302
308
317
320
321
326
347
356
366
385
398
1
29
31
41
69
85
89
94
96
115
116
131
139
163
169
174
181
183
193
203
229
233
254
256
274
275
277
308
324
326
338
351
361
377
379
390
12
48
58
61
74
75
89
114
118
129
141
147
154
164
169
174
175
199
202
213
218
237
246
263
285
290
293
294
306
310
318
325
350
371
376
15
23
25
38
46
61
66
73
89
106
119
121
123
158
164
173
184
191
192
197
217
223
237
246
250
258
268
270
284
288
289
293
308
309
329
331
334
335
353
354
361
362
365
371
0
4
8
11
18
22
28
33
55
59
61
63
68
78
79
87
100
101
109
120
122
130
162
167
169
170
171
174
179
183
184
187
220
237
242
243
248
267
268
275
287
290
291
295
318
321
336
349
355
364
368
372
374
378
13
20
24
31
32
51
64
65
73
99
100
103
112
113
117
172
180
189
209
212
216
218
223
226
228
235
239
252
281
283
288
290
293
310
314
317
322
329
342
350
362
376
391
392
2
3
5
18
25
37
40
47
68
70
72
88
91
99
121
124
134
146
154
166
170
178
180
185
191
231
235
236
252
258
266
296
297
314
331
340
350
383
390
392
4
18
20
32
42
46
77
80
81
82
93
102
122
125
126
145
152
178
186
208
220
242
249
285
292
299
302
307
311
314
316
318
329
332
357
358
363
364
373
374
375
384
390
393
29
31
32
38
42
44
48
54
59
62
64
68
72
78
83
96
100
103
111
135
149
157
169
189
195
196
198
211
225
250
273
281
284
297
317
319
324
325
346
351
361
369
371
379
394
0
6
13
20
25
41
45
61
65
71
72
86
111
128
158
163
175
185
212
222
228
255
274
279
280
284
315
319
340
341
351
355
362
366
373
374
389
392
16
21
43
55
81
109
113
126
137
150
152
177
185
210
219
239
252
276
278
283
307
309
310
331
338
348
350
351
361
363
378
398
399
1
5
22
37
38
44
50
57
73
91
94
112
114
125
153
163
164
195
215
227
241
250
256
261
295
300
303
312
313
330
357
359
365
378
386
388
2
10
13
16
18
21
22
26
28
33
37
66
87
91
96
101
102
117
119
140
143
148
154
157
161
181
222
229
246
256
263
268
281
287
288
300
302
364
370
372
374
391
4
24
27
37
40
46
51
54
55
73
88
90
100
119
120
138
152
170
185
190
198
200
205
219
231
234
241
247
252
266
269
273
282
287
289
316
348
368
381
382
395
398
9
15
16
17
29
31
35
44
46
47
48
77
85
105
106
111
124
129
148
156
164
182
196
197
207
213
215
222
225
229
250
254
263
284
287
297
316
330
331
338
348
354
379
385
386
398
4
28
72
110
146
193
202
216
218
219
226
229
248
256
261
263
268
289
303
306
307
313
314
324
332
354
361
378
394
18
31
49
56
61
65
73
74
78
81
94
113
128
140
148
165
178
188
192
196
202
205
207
208
213
226
231
243
257
258
259
267
291
295
300
314
318
329
341
348
355
373
375
379
380
381
2
18
37
38
46
75
85
126
130
134
140
146
168
171
204
221
235
241
251
257
290
305
306
326
347
357
361
364
380
389
0
5
10
12
35
46
78
96
104
105
106
110
114
145
146
180
189
191
201
207
220
227
231
233
253
264
265
273
281
300
304
310
313
323
325
337
343
376
393
3
13
21
54
64
77
82
83
89
103
107
140
151
175
188
201
227
228
229
232
253
256
257
272
295
296
306
311
318
327
333
334
336
348
368
370
393
2
5
6
17
22
25
43
53
84
86
88
98
105
106
112
121
124
125
135
140
148
164
167
179
188
205
206
209
214
225
237
240
248
260
264
293
294
295
310
313
316
317
334
335
342
350
356
358
361
375
381
385
392
393
395
11
16
25
29
41
50
52
60
72
78
98
101
121
125
139
153
162
163
174
176
179
188
192
193
194
205
206
212
213
230
236
239
277
298
300
304
323
336
352
385
387
398
399
8
14
16
31
37
64
70
71
77
89
91
104
108
113
115
129
131
132
166
179
183
195
216
225
228
241
257
266
280
286
298
316
319
327
365
368
374
390
392
10
11
20
27
28
32
59
64
72
101
105
111
128
159
165
186
197
203
208
212
220
221
228
230
237
246
248
249
271
274
289
295
298
299
303
305
322
332
346
347
359
369
384
397
399
7
21
37
41
42
53
59
95
101
107
110
115
126
138
142
143
154
164
165
167
172
173
185
212
215
234
264
296
310
330
342
367
369
370
379
382
387
32
46
68
93
99
103
120
122
131
134
161
167
170
193
210
216
217
219
220
227
237
239
240
241
243
285
300
304
306
329
334
335
350
357
365
368
378
384
386
393
399
5
12
15
17
30
45
57
61
62
68
85
102
104
111
125
130
162
167
168
189
190
193
201
204
218
226
231
258
264
298
302
308
311
331
343
347
352
368
375
384
391
2
6
9
21
22
46
54
55
89
92
99
101
118
127
129
130
144
145
149
156
159
161
163
190
204
214
223
234
239
241
242
255
270
271
278
285
294
307
313
324
328
332
350
371
372
399
2
13
17
21
22
28
31
39
44
67
73
105
111
113
133
135
142
144
148
164
169
176
178
185
206
222
232
234
239
250
251
254
274
276
282
310
312
347
352
378
390
395
3
8
14
16
23
32
35
40
48
49
61
62
64
77
100
114
143
156
187
200
205
208
223
235
239
249
259
279
282
291
295
297
300
306
308
310
339
345
370
376
383
393
23
26
40
45
48
71
73
78
111
112
120
124
147
150
177
201
205
220
222
223
258
265
268
291
293
309
320
332
344
365
366
372
375
394
397
1
16
29
32
36
54
62
74
76
83
99
133
141
147
160
168
174
179
191
192
216
217
224
225
241
242
245
249
276
277
286
298
299
323
325
334
335
354
355
360
365
381
382
393
395
397
398
6
8
11
21
34
56
68
82
96
101
120
126
127
144
148
150
152
154
169
183
188
192
209
210
226
234
235
236
241
261
269
289
294
314
323
338
340
342
345
347
349
352
377
389
21
32
48
51
57
66
72
74
87
90
92
103
105
120
139
142
150
165
200
217
225
231
235
240
243
249
270
274
282
289
298
306
313
316
323
324
333
364
370
8
26
30
48
51
68
69
86
122
137
161
173
181
193
207
230
239
248
251
273
276
338
357
367
389
397
29
49
52
65
74
75
81
86
88
89
99
116
137
143
162
199
210
224
228
254
290
293
305
308
311
325
326
336
339
342
350
361
372
395
3
46
52
62
74
78
86
94
100
117
129
156
182
183
190
218
239
251
256
257
261
266
279
286
287
293
300
313
318
321
322
324
337
342
343
348
350
357
363
364
367
382
388
12
37
41
44
59
67
78
79
89
96
110
111
117
145
192
196
213
243
252
271
299
319
324
339
346
348
354
366
384
385
388
392
395
396
4
14
42
49
50
51
58
72
74
89
106
108
113
124
127
160
169
176
177
182
189
217
220
225
228
233
236
240
269
274
280
293
294
295
300
306
309
317
319
322
323
331
337
340
346
361
364
379
380
387
389
397
1
4
20
22
43
44
51
81
87
109
125
127
134
136
141
156
160
172
182
185
202
225
228
235
241
248
257
269
274
284
288
299
301
302
303
327
336
340
354
360
364
378
397
14
23
25
27
36
66
79
85
93
97
119
123
127
142
144
149
151
154
160
167
185
195
220
224
250
263
278
301
302
304
318
328
339
356
365
372
384
2
4
6
12
15
27
28
42
55
71
74
76
107
116
125
127
134
137
141
143
145
171
178
199
201
208
212
220
261
263
272
280
281
290
291
301
302
310
316
344
351
376
386
392
18
23
31
35
41
51
56
75
84
94
95
96
98
144
155
160
179
191
195
196
216
226
244
276
281
301
311
315
330
359
360
378
2
38
42
48
55
57
93
94
97
107
112
113
122
125
144
194
196
197
206
211
218
227
234
235
239
243
256
264
303
306
320
328
347
354
380
393
395
0
8
23
41
51
54
68
81
83
112
119
134
142
150
156
187
188
190
195
201
231
233
241
244
249
255
273
280
282
287
292
293
302
305
321
329
332
354
366
369
373
385
392
395
38
45
47
50
51
52
63
69
85
99
112
126
137
139
148
164
165
171
184
193
197
198
202
210
213
216
217
219
228
234
238
239
256
262
275
277
305
317
332
359
386
398
1
4
31
47
49
55
60
64
66
69
76
79
100
106
114
154
159
161
167
184
192
194
197
203
205
212
215
229
236
237
240
268
283
285
288
311
315
320
340
343
352
367
371
2
25
28
44
48
49
58
69
71
85
87
93
99
118
121
122
134
139
142
153
176
184
195
198
205
212
215
234
236
246
249
255
261
271
274
280
297
306
308
317
352
360
366
386
388
3
4
10
13
14
23
31
55
70
73
84
88
111
116
120
126
133
146
177
183
185
231
248
253
259
277
287
296
328
342
351
378
379
390
391
392
4
10
14
30
68
70
93
101
105
113
114
128
131
152
159
165
196
197
198
202
210
216
218
221
234
244
247
255
262
277
285
292
299
302
310
324
335
340
355
363
370
373
379
380
386
389
7
13
14
16
35
39
42
81
93
126
130
162
166
173
187
191
198
204
205
207
209
225
238
241
255
258
259
263
270
271
274
287
289
291
311
316
328
337
345
362
384
397
4
12
13
24
25
35
51
73
91
123
128
166
171
172
183
188
201
204
251
261
279
284
303
315
22
36
40
47
65
66
76
95
108
128
138
156
159
182
183
191
210
219
222
236
251
262
269
272
282
311
357
369
382
386
389
393
1
7
9
23
29
32
34
36
49
52
73
77
81
88
93
94
111
116
123
127
135
140
141
155
182
193
198
200
202
207
221
255
260
265
269
280
287
290
297
344
346
349
351
353
357
364
375
380
381
382
387
388
5
22
25
35
36
38
60
67
80
83
97
119
126
137
144
189
234
236
243
251
253
257
262
268
269
297
306
335
336
358
368
392
395
10
11
12
20
35
41
42
43
109
112
114
117
121
124
148
151
165
180
189
208
239
241
257
259
265
276
298
315
318
322
330
367
387
397
18
27
31
34
42
46
54
60
69
87
88
94
114
134
143
144
147
152
174
193
194
197
203
215
232
295
299
309
312
339
378
382
2
36
39
41
56
74
81
82
85
109
156
173
177
178
182
194
198
211
231
236
240
261
277
288
292
294
298
332
373
376
380
394
398
8
11
44
45
48
53
58
74
86
92
95
103
117
130
136
146
149
164
176
178
183
189
200
204
210
215
218
233
240
252
256
257
259
263
268
274
283
288
290
291
292
305
315
327
335
384
388
390
393
4
6
20
24
25
32
39
49
55
58
63
73
80
101
104
124
136
156
157
171
174
183
189
190
192
200
212
235
242
249
267
279
288
290
293
309
314
322
325
327
331
335
349
356
364
6
7
14
26
42
45
51
53
62
64
66
71
127
128
151
154
157
174
177
186
196
201
208
212
217
251
257
267
278
284
287
288
300
304
310
342
352
364
373
386
389
390
7
12
52
56
75
76
85
97
98
101
108
117
123
137
144
155
172
180
190
197
217
234
251
259
261
268
271
284
285
302
306
309
313
334
338
356
358
363
364
372
390
28
32
44
50
55
56
62
63
65
94
95
113
114
127
138
155
171
174
176
184
211
221
225
230
239
241
250
254
276
286
287
315
322
332
343
380
393
394
397
7
18
34
65
69
71
73
81
82
93
97
101
124
141
142
160
168
173
177
206
210
216
227
231
233
240
246
253
267
282
287
314
320
321
343
349
370
378
379
393
2
5
15
16
18
24
31
40
53
57
63
75
91
95
136
145
148
166
174
179
184
191
202
255
260
263
277
301
312
321
328
352
356
360
379
396
14
17
18
32
36
40
55
83
96
99
100
111
131
133
134
135
143
159
174
200
229
232
233
237
240
252
271
282
295
326
327
349
358
360
384
387
395
16
21
24
26
39
51
75
83
85
97
105
106
117
120
140
146
159
169
172
174
202
233
245
250
258
262
267
276
282
298
300
310
320
323
326
371
379
384
2
15
27
29
34
35
45
58
59
67
69
88
101
104
110
118
125
131
135
148
150
155
156
163
169
183
189
215
217
236
238
240
244
255
258
281
293
298
306
324
334
335
339
340
342
349
354
376
386
1
20
31
39
44
60
65
80
90
97
110
115
120
122
138
143
153
154
178
183
184
186
190
215
219
228
245
248
256
263
280
283
287
307
308
329
340
352
377
382
19
48
59
62
66
83
94
99
101
116
127
130
134
154
177
184
186
191
201
234
237
239
246
267
283
284
292
296
305
308
309
325
331
349
356
368
369
370
391
21
29
40
41
46
47
51
60
90
96
106
116
121
131
136
138
154
155
167
168
174
176
179
184
188
190
191
197
199
200
223
238
239
240
248
255
274
276
285
296
311
331
334
342
358
359
363
364
383
397
7
18
32
38
48
70
77
94
96
134
140
142
149
158
166
170
173
183
184
194
203
210
217
228
236
242
253
263
282
297
299
300
308
314
317
332
337
341
342
346
350
371
393
398
3
5
36
62
76
80
81
103
110
114
128
143
145
147
164
174
184
195
198
201
205
221
234
240
258
269
270
275
301
309
317
323
328
333
340
341
365
395
27
28
30
42
51
55
60
63
79
98
115
140
143
144
149
158
167
171
174
180
185
188
213
218
226
265
267
269
270
272
282
286
288
289
309
313
320
338
341
347
348
360
361
378
384
396
19
38
46
53
60
63
68
77
81
94
108
128
141
151
162
169
183
194
208
211
230
233
235
286
287
303
308
311
316
325
334
337
346
357
366
382
6
39
45
52
60
62
66
67
69
75
77
86
91
93
98
111
114
128
130
135
136
140
157
159
165
167
177
210
230
231
232
240
249
253
256
267
274
275
310
312
322
324
348
350
355
372
375
379
383
394
25
32
44
65
69
73
93
96
108
109
126
127
140
141
144
148
149
153
176
185
188
189
204
211
218
247
253
258
277
303
314
319
320
326
332
350
352
364
384
386
397
0
16
22
28
32
41
44
46
52
56
60
63
80
99
100
102
142
145
158
170
182
186
195
214
220
222
224
250
254
255
258
259
268
270
292
294
337
350
372
378
379
384
385
394
395
398
0
19
21
41
53
54
62
85
86
87
109
113
117
150
152
159
161
177
185
195
196
229
246
257
262
294
295
314
323
333
337
338
347
353
354
367
371
372
376
377
389
23
68
78
92
93
101
112
122
154
160
170
219
221
244
255
260
272
275
276
291
293
299
307
314
324
327
341
343
352
367
375
396
399
1
9
19
29
40
43
57
58
61
69
79
90
94
103
106
107
121
128
129
163
167
182
196
206
215
217
242
254
268
279
312
322
336
340
343
346
357
358
391
392
2
20
22
25
39
41
55
75
101
103
110
128
134
138
156
163
170
178
179
180
192
194
196
216
225
231
233
235
238
252
272
274
285
292
295
312
340
348
349
350
357
376
395
4
5
13
33
37
39
42
59
63
76
89
117
137
148
165
173
190
199
211
214
217
220
223
244
246
278
289
295
315
322
326
329
337
347
348
350
353
364
367
369
374
384
399
1
3
32
40
44
47
48
57
63
95
102
113
120
133
136
151
154
173
175
180
199
209
224
232
235
247
249
255
269
272
277
285
289
290
294
295
322
333
337
338
344
349
367
391
4
5
8
14
24
25
29
31
34
43
46
51
56
73
80
82
93
100
108
113
130
167
191
195
197
206
227
231
235
244
253
261
311
326
329
332
374
3
21
23
43
45
75
76
85
93
104
120
128
144
159
176
233
234
247
254
297
308
315
338
341
356
373
374
394
0
3
14
20
30
37
80
82
89
104
118
162
177
180
195
205
211
215
226
227
236
239
257
282
283
299
306
309
326
328
338
341
347
349
351
357
365
368
371
383
384
386
392
2
8
22
29
41
49
90
96
106
114
125
141
153
157
178
183
240
250
253
261
278
287
294
304
311
314
318
329
338
360
371
378
385
389
3
18
33
49
56
67
71
73
80
83
99
101
102
106
113
118
129
130
143
155
166
175
176
206
229
231
238
258
259
266
285
288
289
295
297
301
330
340
344
351
369
371
374
377
379
387
388
2
3
18
27
35
46
47
64
86
91
97
108
109
125
131
139
142
143
156
220
222
226
245
251
252
255
263
267
272
276
277
279
282
303
332
350
352
356
388
393
395
21
25
35
56
63
69
80
85
108
138
147
160
168
178
180
188
198
204
209
226
232
237
245
280
285
288
290
296
303
304
306
315
336
361
9
16
32
63
66
80
81
87
131
133
141
152
174
184
190
193
194
195
222
225
234
257
267
271
277
282
297
302
315
320
329
361
366
387
389
2
3
8
26
40
53
59
67
79
115
117
130
135
136
141
154
158
160
163
167
169
170
182
197
200
212
218
246
247
268
288
294
300
307
317
329
345
347
350
366
368
374
375
382
395
398
4
12
21
29
56
59
60
66
69
71
92
109
116
178
199
211
224
236
241
259
262
273
282
300
308
312
315
326
329
330
334
342
365
383
385
6
7
12
15
16
23
54
69
70
89
91
97
102
130
136
139
148
156
159
195
207
220
230
254
262
263
269
271
283
311
314
333
343
356
358
361
371
372
394
13
23
28
29
39
50
88
93
97
106
109
118
125
130
135
143
149
170
180
189
190
197
198
202
208
212
213
234
241
247
274
296
300
330
336
1
11
13
16
17
23
25
32
41
49
65
70
72
77
78
86
88
96
130
137
144
156
164
167
196
205
206
208
229
238
242
244
260
281
293
296
300
312
340
370
372
382
386
391
8
11
21
48
57
61
64
68
93
96
104
117
126
141
147
148
167
170
178
190
197
201
203
209
224
225
246
256
259
265
267
268
269
315
334
343
344
349
353
368
6
19
23
48
49
50
58
74
82
93
103
158
168
169
175
202
204
207
210
215
237
246
257
259
263
264
287
302
304
309
311
333
337
343
344
368
373
396
9
19
38
57
71
75
81
86
93
94
106
107
108
109
112
131
142
153
166
168
177
189
210
213
231
234
250
272
280
286
301
303
305
306
308
311
322
339
340
358
369
370
377
387
21
22
25
29
35
42
44
50
63
76
78
80
95
118
122
124
136
157
160
186
194
198
205
206
213
216
226
234
236
237
238
246
248
252
253
254
256
260
271
278
298
325
331
332
339
346
350
359
379
2
15
21
25
47
78
80
101
134
148
155
166
174
195
227
241
243
244
273
278
281
291
305
329
339
358
361
369
372
375
3
8
50
64
68
75
85
92
104
105
114
116
118
120
152
169
174
175
187
193
198
212
221
239
253
268
269
281
292
295
297
298
307
308
314
316
322
335
338
346
369
382
393
1
34
40
48
49
53
100
113
157
159
172
217
221
234
246
249
252
265
275
279
282
283
289
290
302
308
327
330
355
370
371
382
387
393
10
27
33
38
59
68
74
76
81
83
99
101
109
111
128
130
137
140
141
146
180
185
190
204
215
223
250
254
263
278
307
309
322
326
333
334
347
362
363
371
372
375
394
398
22
24
29
36
41
59
67
68
74
107
129
137
138
146
147
148
161
165
176
182
184
185
187
199
212
215
222
232
234
254
255
261
274
280
289
304
305
306
310
317
338
342
362
379
380
392
395
397
6
14
15
21
30
42
49
65
74
77
82
87
89
91
115
130
139
154
156
158
163
178
217
230
234
237
252
265
266
269
295
309
335
350
359
375
385
398
0
8
10
16
22
32
58
59
72
79
83
90
91
116
118
121
127
128
131
136
141
148
164
169
180
184
185
186
207
215
225
228
229
230
235
240
244
250
259
266
267
285
286
302
336
355
375
21
24
40
58
59
67
70
83
107
108
110
112
118
131
140
141
154
167
193
201
204
205
211
227
242
247
249
251
258
265
271
281
298
304
305
307
325
349
357
363
370
371
383
385
399
0
2
3
8
15
32
77
99
121
132
133
135
140
148
149
167
180
182
183
185
189
192
195
229
241
246
251
256
259
279
291
293
294
296
307
312
320
328
338
350
354
366
9
14
17
19
63
68
104
105
107
130
142
158
168
180
184
208
212
247
263
273
282
293
308
313
317
318
319
321
323
346
359
364
375
378
390
1
4
6
8
9
15
23
27
44
48
63
67
69
71
103
108
120
132
137
144
145
165
177
191
211
216
233
241
275
277
284
295
324
339
354
361
376
379
384
385
389
390
9
25
31
58
66
67
81
85
90
119
122
126
130
147
158
163
164
168
188
198
203
204
207
219
235
239
260
272
277
278
284
310
313
314
317
320
337
340
354
363
13
28
38
50
54
57
64
70
78
82
89
105
115
122
170
172
178
179
182
190
197
200
229
240
251
263
267
277
286
294
304
319
325
336
340
342
353
357
359
360
364
371
374
385
389
13
17
18
29
41
42
45
74
75
96
105
109
111
125
145
157
162
173
179
181
188
189
214
217
219
220
225
228
229
235
252
254
260
261
266
297
311
314
319
322
324
339
342
347
348
361
372
379
388
16
26
39
78
79
103
110
111
112
113
117
118
122
140
153
154
162
188
189
201
210
217
218
220
221
234
247
253
254
273
288
290
294
305
314
335
348
3
49
61
66
70
96
121
122
125
128
139
154
167
168
169
174
180
192
197
204
222
227
239
248
257
258
274
295
298
325
331
344
364
380
389
393
398
399
7
21
50
94
98
104
107
118
125
129
152
154
161
162
180
184
218
219
230
231
239
244
251
256
260
261
265
319
349
357
370
376
390
393
397
5
25
26
44
77
93
102
105
122
132
136
145
151
153
157
172
203
221
229
266
270
290
296
318
323
333
337
356
367
0
14
17
36
48
63
76
86
98
99
120
127
141
151
177
199
218
226
229
243
250
260
264
283
286
289
313
316
346
348
350
376
3
9
14
18
25
28
33
72
85
94
121
130
141
208
210
212
213
221
223
224
231
244
251
260
292
304
310
323
325
327
334
337
342
349
364
373
387
394
395
9
10
19
20
28
41
53
56
68
70
86
98
107
114
119
173
181
182
192
202
203
206
213
257
265
275
277
286
294
296
302
313
316
328
339
367
371
381
388
390
1
3
4
19
28
32
61
62
66
86
109
116
123
135
143
151
173
197
208
229
237
265
276
281
295
296
304
313
315
319
328
345
389
398
10
14
24
32
33
36
43
57
58
79
82
88
89
91
100
101
104
107
117
119
123
125
134
170
174
177
179
199
206
226
230
231
250
261
262
267
276
284
286
299
303
307
321
346
353
355
364
2
5
15
51
62
72
79
94
105
106
112
133
136
145
156
172
191
214
233
243
251
278
281
288
289
305
335
345
351
355
358
360
1
13
26
36
53
54
70
80
96
98
108
122
132
134
135
140
143
147
154
155
158
174
193
196
229
240
252
257
274
288
289
301
302
310
344
350
355
377
381
384
387
390
2
3
18
24
36
38
42
43
46
60
65
68
84
103
104
120
156
165
182
184
198
204
222
234
277
278
282
289
290
292
293
299
314
316
324
359
373
384
389
391
7
8
40
49
51
85
94
104
108
115
124
130
138
149
150
182
183
187
200
203
204
210
216
260
263
270
274
277
282
307
312
331
362
364
370
371
387
393
399
8
9
15
25
30
33
53
74
79
86
98
102
109
113
114
170
177
180
188
190
194
198
205
206
227
236
244
256
258
275
287
295
297
304
306
309
313
320
323
325
342
358
363
384
385
390
391
396
6
9
22
32
38
47
48
52
59
61
66
71
105
106
107
120
123
142
147
150
154
160
170
183
188
189
192
208
221
229
236
248
264
303
307
313
323
328
333
337
364
380
6
15
22
48
59
75
78
82
85
99
107
109
120
137
146
147
151
172
201
220
221
229
235
237
243
248
251
253
257
261
266
304
311
318
328
342
347
359
364
369
389
399
3
14
16
24
28
42
43
61
67
74
110
112
122
167
169
174
180
182
184
199
220
228
234
239
257
262
277
295
303
307
309
318
325
326
345
356
360
379
20
38
39
61
62
73
82
84
103
109
113
124
125
128
139
142
145
147
153
156
165
173
178
193
202
230
254
271
299
310
327
328
331
335
337
341
344
368
375
385
8
21
53
58
65
69
76
79
81
82
91
100
122
131
147
155
164
167
170
177
178
179
197
202
208
210
219
220
227
244
246
248
263
275
277
299
300
345
348
350
362
367
374
377
386
391
4
11
15
31
36
69
82
91
95
113
114
118
136
139
167
168
177
198
200
210
217
220
225
245
248
251
254
255
260
271
274
275
294
305
335
355
370
382
385
386
391
399
8
9
23
30
44
49
56
85
112
117
128
137
139
143
151
157
169
170
176
182
192
193
198
200
224
229
230
232
256
257
266
278
280
284
288
305
314
326
343
348
399
6
13
18
20
22
24
31
46
50
59
65
108
119
126
132
136
163
165
182
212
229
230
250
262
272
276
280
289
319
323
339
344
345
353
370
383
388
0
8
18
21
26
50
57
59
64
68
80
82
96
107
126
159
192
193
200
207
217
218
223
230
231
233
244
256
270
276
295
298
319
328
333
346
374
375
380
387
21
54
68
77
87
91
106
122
138
168
185
223
237
240
242
244
245
249
280
287
288
289
296
309
322
346
359
382
389
390
393
2
36
42
44
52
76
80
87
89
93
99
108
110
114
128
129
138
142
156
161
183
185
187
196
199
212
215
224
240
246
256
268
280
285
297
300
311
343
344
358
360
373
375
380
385
394
4
29
46
48
51
56
77
102
113
141
149
165
173
180
187
206
207
214
223
231
254
273
299
303
305
315
322
325
333
368
376
7
26
64
66
69
71
79
91
100
103
105
126
141
155
161
169
181
183
200
218
224
228
246
247
249
250
266
279
282
304
323
331
334
338
353
362
389
3
17
19
22
33
36
40
50
54
99
104
109
118
119
132
140
147
175
181
209
213
214
220
221
226
229
238
240
245
247
259
285
294
311
323
325
336
337
346
347
357
379
384
392
394
396
2
19
24
37
45
46
74
77
81
93
95
103
112
117
145
169
189
193
194
201
206
208
224
244
255
260
264
279
282
293
299
302
312
320
338
356
362
9
10
12
31
42
51
67
70
79
91
92
101
106
107
112
131
142
169
172
180
181
199
200
229
248
267
289
295
310
328
338
347
349
374
377
380
384
387
388
390
398
6
14
21
22
25
37
46
52
58
60
61
67
71
87
94
107
117
119
141
142
170
176
183
186
193
204
209
218
226
229
232
237
254
260
261
264
272
282
294
296
300
316
319
342
346
352
363
364
373
376
380
382
396
7
29
31
44
45
53
88
90
91
141
160
184
199
202
204
245
247
253
267
303
316
317
319
322
323
335
339
340
353
358
371
375
390
391
399
2
6
30
55
57
61
92
95
101
106
120
135
148
179
180
188
200
205
212
217
218
245
257
268
275
297
301
315
316
321
327
331
338
341
375
382
387
20
33
35
55
58
62
72
83
101
113
125
132
160
162
166
196
228
237
245
270
279
286
295
302
314
331
348
354
381
387
396
397
4
16
17
22
24
29
32
50
71
77
78
97
105
131
147
157
164
165
168
172
173
196
214
219
226
238
248
253
273
278
287
298
300
313
316
323
344
361
375
387
393
398
13
43
46
49
50
58
74
106
112
113
119
120
135
194
202
211
221
222
223
224
233
244
249
250
256
264
276
278
291
304
341
348
350
368
382
384
8
15
25
28
32
36
56
57
58
70
125
134
140
147
153
155
178
182
192
193
194
199
204
208
256
262
263
265
268
286
315
326
328
352
353
354
356
361
374
385
393
394
4
7
18
19
37
48
73
82
90
91
96
104
112
121
129
136
149
153
162
165
166
187
207
211
224
226
240
245
249
253
272
278
301
340
352
354
355
385
3
6
13
17
40
49
62
68
74
90
97
98
115
122
134
152
159
189
190
225
226
233
261
262
273
281
284
287
288
314
318
320
332
345
353
355
364
384
391
1
8
25
27
44
49
54
87
91
100
126
129
137
142
150
156
184
185
203
205
208
224
233
257
287
294
303
305
306
311
357
364
379
383
388
390
7
9
46
64
72
73
92
108
118
134
137
138
142
146
220
232
234
236
244
247
251
255
257
260
265
286
290
356
369
388
395
399
1
11
19
51
66
86
111
112
116
118
119
127
128
145
154
183
189
191
194
195
202
204
211
221
224
227
246
247
262
277
281
291
293
318
337
359
362
363
380
384
387
392
6
15
18
71
76
77
80
85
87
97
101
107
112
126
149
152
164
166
174
198
203
206
223
225
229
256
258
293
296
298
305
318
320
321
329
332
333
339
340
349
373
376
390
5
11
15
23
29
39
43
56
63
92
105
108
143
151
158
159
161
171
185
189
196
213
214
218
220
221
222
224
244
248
250
260
262
268
269
281
284
289
296
297
300
304
313
325
340
354
364
369
373
375
386
399
7
17
24
31
48
54
60
94
96
102
119
128
139
145
167
171
172
178
181
184
192
195
227
232
251
257
278
315
316
327
334
348
352
356
395
396
13
23
35
42
47
55
59
69
77
92
111
119
130
135
136
164
173
180
183
190
195
210
235
240
260
267
279
295
304
327
334
335
348
354
364
384
397
8
11
32
37
49
50
70
77
86
87
88
91
98
113
120
137
138
139
141
143
145
171
183
186
193
195
201
208
216
222
224
238
247
258
260
288
301
311
323
325
347
349
358
389
396
399
3
16
24
36
42
50
74
79
86
93
101
108
118
122
154
157
162
167
168
177
201
208
210
225
229
241
265
269
278
289
292
316
323
331
348
353
358
365
367
381
387
19
36
45
57
66
87
88
89
99
109
110
122
127
136
156
189
197
214
223
234
257
284
289
296
309
317
323
340
347
352
353
359
374
383
384
386
397
398
4
23
64
71
79
82
87
91
109
113
115
117
120
126
141
158
181
209
219
223
233
259
264
287
296
299
303
306
312
324
337
353
358
359
382
385
398
24
34
85
89
102
107
125
150
151
179
187
188
189
200
215
219
220
242
246
247
253
257
260
264
267
302
310
312
314
353
384
390
394
396
10
29
34
36
43
49
50
55
62
67
76
92
96
101
103
111
129
149
167
170
181
211
218
234
236
237
240
252
273
279
288
291
297
312
355
360
364
365
390
398
3
5
12
17
24
30
42
53
56
63
64
69
74
85
89
91
98
127
129
164
179
186
205
244
245
246
257
297
301
303
308
318
330
337
347
373
390
4
18
19
37
38
45
65
95
128
135
143
144
164
167
192
194
208
211
218
230
241
256
261
271
289
299
302
308
332
333
344
352
357
372
381
382
398
21
27
52
62
83
86
110
116
130
137
168
192
214
215
218
236
246
247
253
258
265
268
270
289
308
332
334
335
357
358
360
378
380
398
5
21
22
26
41
56
67
90
100
119
122
124
132
140
141
177
190
194
227
233
235
244
253
278
290
292
322
334
335
356
359
362
364
378
379
381
387
391
2
12
13
14
20
22
25
45
49
54
82
83
87
96
107
128
129
130
131
132
142
146
150
170
189
198
217
229
252
262
289
290
292
309
311
316
317
319
320
321
335
346
351
354
365
371
382
394
397
4
11
15
26
34
35
67
69
74
81
95
126
138
140
141
151
154
178
184
197
211
226
243
244
250
262
265
275
282
305
311
329
362
370
377
382
384
399
8
9
11
13
24
25
40
54
61
83
87
88
91
109
121
127
129
147
165
166
172
185
186
188
189
200
201
202
203
205
209
218
225
226
249
250
257
264
265
273
275
277
278
297
299
300
304
311
336
338
361
362
370
394
7
14
18
33
43
45
56
72
75
78
96
97
98
100
106
131
136
147
148
153
179
181
188
192
195
208
213
215
218
220
234
236
238
244
252
256
275
288
326
328
329
342
344
348
353
355
363
371
375
381
398
12
15
16
25
29
36
37
38
40
48
51
58
63
91
92
107
120
134
150
160
192
205
234
248
254
266
279
295
300
311
324
327
329
344
350
355
386
390
5
22
56
58
65
90
107
111
142
149
151
162
184
190
203
211
218
223
228
255
313
317
355
360
384
397
2
4
31
36
46
63
67
73
74
84
102
104
129
132
139
140
146
147
169
171
181
191
209
222
227
229
232
277
278
279
307
310
317
338
357
358
361
380
381
393
5
38
45
63
64
77
99
100
118
123
126
129
143
149
151
164
172
186
197
218
219
234
242
249
266
288
294
302
305
323
328
333
335
340
350
356
370
377
379
3
9
21
24
51
60
62
80
81
86
88
101
102
123
130
137
139
142
154
155
156
163
174
178
187
189
194
195
197
219
220
227
229
240
252
258
284
298
321
325
328
336
340
359
364
367
371
372
378
391
398
4
19
28
78
82
92
105
115
116
176
181
187
195
233
242
252
255
264
275
289
290
291
308
330
366
380
398
6
15
28
45
58
74
76
84
90
94
125
129
150
154
158
159
165
170
203
204
206
211
216
223
242
244
258
261
274
280
286
306
308
337
343
350
369
378
379
381
387
4
17
46
49
64
71
81
82
89
94
103
113
138
146
158
168
176
206
212
215
217
221
226
236
242
246
255
256
290
310
317
318
326
333
367
370
381
385
389
2
13
46
60
93
96
98
106
112
128
145
151
158
160
171
172
182
183
199
223
227
232
238
246
263
269
277
286
295
314
322
327
352
354
361
363
365
370
376
380
382
384
391
1
20
29
30
37
42
48
58
72
73
74
85
117
132
136
139
152
162
177
209
214
216
218
226
269
275
279
286
300
302
331
339
340
363
374
1
11
20
22
26
35
39
80
120
163
167
180
181
189
199
211
219
240
243
255
260
280
282
303
319
324
339
356
359
360
378
389
395
399
5
22
24
26
36
42
50
58
68
73
80
84
95
105
119
121
129
147
161
162
167
169
171
175
178
229
262
265
266
271
279
288
308
314
325
349
373
382
385
393
8
10
21
29
37
55
56
60
69
89
127
132
134
140
141
155
161
167
172
175
190
203
221
254
266
284
290
291
294
310
312
319
321
322
324
326
358
360
372
374
378
380
391
398
4
5
10
12
15
18
27
34
46
50
91
97
100
101
103
106
113
115
134
135
137
158
160
161
163
175
179
187
228
229
282
289
298
305
320
325
328
339
344
356
370
373
381
386
0
5
7
23
33
35
36
45
56
61
76
80
86
118
122
130
139
146
151
156
172
194
204
206
222
239
258
283
304
319
327
346
366
374
395
396
2
15
24
37
51
54
61
65
90
93
94
104
109
118
128
129
131
138
149
153
167
170
175
179
183
184
188
203
219
229
241
249
268
269
274
275
292
294
310
331
334
353
362
363
368
375
378
386
389
393
397
6
18
26
39
56
76
81
90
103
108
114
121
126
133
147
152
161
167
190
198
227
230
232
238
254
257
262
263
265
292
296
297
301
309
323
358
359
370
376
393
397
2
6
9
11
22
36
60
64
74
82
85
102
122
130
134
135
155
164
168
190
192
193
196
198
201
214
217
228
230
237
240
242
273
277
281
283
293
296
306
337
350
352
364
371
372
375
382
384
395
396
399
51
63
69
73
84
110
111
122
140
155
174
177
185
190
209
222
252
270
271
294
295
344
347
362
371
15
16
19
36
66
73
84
95
99
101
111
129
133
142
167
185
189
200
217
220
245
256
274
282
301
314
317
327
328
335
347
349
352
364
390
8
53
55
71
85
93
94
95
98
99
107
122
130
146
147
158
165
174
179
192
198
208
209
211
215
228
229
244
254
274
285
292
295
313
314
320
322
326
328
331
339
350
352
361
368
381
383
385
396
2
11
15
26
30
43
57
59
70
92
94
97
143
158
159
162
175
177
195
196
216
221
222
233
240
241
247
257
264
269
272
280
287
345
352
361
378
385
390
393
0
4
14
21
27
32
36
38
53
60
63
71
76
78
88
90
94
111
113
131
155
162
164
165
171
194
230
232
233
244
262
265
266
268
286
290
343
367
370
385
398
8
26
35
38
42
66
80
102
106
125
135
139
152
153
173
185
199
202
211
213
217
226
238
239
249
265
267
279
282
285
316
320
325
331
341
351
364
7
9
19
25
30
31
32
40
41
43
55
95
100
123
127
133
140
172
182
199
205
208
212
222
223
225
242
265
276
290
309
316
319
320
321
324
341
351
353
355
357
361
363
371
375
379
387
390
12
14
23
25
29
36
62
65
66
68
85
114
118
121
127
131
151
172
183
225
233
235
243
259
266
270
274
275
278
287
298
300
307
323
344
351
379
381
16
32
60
67
69
70
73
82
118
122
148
153
156
160
165
176
185
187
191
193
205
218
227
229
235
240
241
244
250
251
259
270
286
292
301
317
318
324
330
349
362
370
372
375
376
382
391
396
2
11
27
29
32
33
35
38
59
63
66
71
99
106
114
117
135
144
149
173
182
183
195
197
204
212
216
218
258
259
263
288
296
306
318
323
329
337
365
371
5
23
38
42
45
57
77
79
88
89
125
136
153
195
200
205
207
231
243
263
269
275
300
306
312
326
357
384
390
0
3
9
24
31
34
48
72
92
117
118
140
150
162
163
178
194
205
221
227
236
251
263
275
288
293
309
321
334
338
347
371
373
385
1
6
11
12
17
39
42
62
97
105
116
125
145
152
155
159
191
198
210
213
216
222
223
233
237
279
280
281
294
309
312
317
332
338
340
357
374
391
392
20
24
34
38
51
53
70
80
86
90
106
109
117
144
153
156
157
181
195
207
219
227
238
242
245
247
254
260
265
266
270
284
297
298
320
323
341
368
377
387
394
397
0
41
50
55
66
70
82
96
103
108
110
114
117
118
137
155
156
159
168
175
177
185
226
240
245
255
276
279
327
375
385
387
399
11
33
35
36
50
51
53
54
73
79
86
90
127
133
139
160
161
167
170
174
177
189
213
216
235
238
258
266
270
327
343
347
385
387
388
5
19
21
31
38
44
48
51
53
55
58
61
62
65
71
73
86
88
105
119
149
157
181
193
197
205
221
233
238
239
261
290
293
317
329
334
336
338
341
347
350
374
382
397
398
0
3
19
24
31
45
54
57
59
60
62
79
82
93
95
102
107
142
145
147
159
166
172
187
194
204
218
224
230
233
276
277
283
284
299
312
317
320
325
333
341
345
346
347
355
358
359
366
380
389
390
399
0
5
22
34
38
41
45
64
66
69
80
89
123
130
147
175
192
193
195
197
207
231
240
265
266
317
320
331
335
344
346
358
361
372
383
395
397
399
14
30
35
38
43
64
73
106
111
127
162
163
172
176
197
200
203
204
214
247
250
266
272
299
300
301
310
317
342
356
358
362
363
369
376
381
393
48
63
80
84
95
100
122
169
173
185
188
190
192
196
199
205
215
217
219
220
235
246
278
284
288
289
294
295
315
325
333
340
350
356
364
365
371
379
381
388
397
2
59
102
106
112
119
135
136
137
138
145
151
155
166
182
184
188
194
224
227
245
256
273
274
318
329
330
333
334
368
370
375
385
386
388
5
10
11
19
22
46
49
54
60
63
72
75
76
80
108
127
151
153
157
164
173
178
180
182
187
189
192
206
209
214
219
231
264
289
292
295
298
317
350
359
369
371
393
6
12
16
28
30
36
62
63
70
101
108
120
132
136
147
164
170
186
199
212
226
235
242
247
267
271
276
277
278
279
283
316
332
345
354
358
364
373
374
383
393
19
23
30
31
41
49
50
56
66
76
87
90
99
111
145
147
162
169
181
191
196
210
216
219
242
245
260
266
271
286
287
317
318
323
325
348
349
0
4
10
18
25
28
38
41
50
64
72
83
86
98
99
118
120
125
139
155
165
179
191
192
196
200
206
207
227
236
241
249
250
275
277
278
285
290
296
299
327
331
333
353
366
368
370
384
389
1
9
24
35
56
58
59
63
74
79
87
89
111
144
147
153
211
218
220
228
229
233
236
239
242
243
246
250
271
274
299
302
303
323
333
391
393
394
398
399
9
31
37
59
70
75
80
81
95
102
122
130
139
159
173
187
198
206
214
221
227
229
235
242
246
254
256
306
309
328
333
340
341
355
374
387
1
7
31
34
36
37
38
50
80
82
84
110
111
118
122
137
139
145
171
191
207
215
218
231
236
274
278
283
303
315
317
334
336
343
353
354
362
377
387
391
396
399
3
19
35
49
56
62
80
82
94
104
110
112
136
147
160
166
172
174
181
202
203
213
222
224
229
235
244
264
280
295
309
328
334
364
365
376
379
2
4
16
24
49
52
61
79
84
86
93
96
105
116
120
154
158
160
169
187
189
198
204
210
215
216
221
238
242
252
253
254
256
279
288
290
346
347
356
363
379
397
14
21
32
43
48
64
91
102
138
142
153
157
176
185
204
231
236
238
252
265
280
292
303
310
317
319
321
323
325
344
347
361
377
392
395
397
2
4
5
11
35
42
47
67
73
101
109
114
123
144
147
154
157
158
168
174
178
180
187
191
203
205
213
219
222
230
253
266
279
285
305
310
339
345
356
357
367
370
24
35
42
52
54
58
78
87
89
111
113
114
122
126
134
138
178
199
205
219
221
222
234
242
259
291
307
350
360
393
11
15
23
45
53
60
67
69
89
98
106
110
123
142
149
153
174
188
194
221
224
243
258
263
267
272
315
317
352
391
395
11
16
26
36
56
66
71
74
79
90
91
103
108
151
152
161
187
195
207
217
224
226
227
231
247
252
258
266
287
293
295
296
304
305
312
323
332
357
365
388
395
1
2
10
11
12
21
29
46
53
69
75
83
92
95
119
126
129
142
156
169
171
177
187
204
207
254
284
295
297
308
316
330
335
343
348
356
358
361
373
21
27
34
58
61
90
96
102
112
116
119
125
133
134
136
144
161
164
165
181
195
197
198
228
240
253
254
303
307
310
313
334
350
351
389
399
16
17
33
39
41
56
59
62
71
74
75
77
89
96
124
131
141
162
167
172
177
181
190
212
227
249
257
271
300
319
328
341
349
361
375
377
389
392
396
2
17
31
38
45
47
51
69
74
92
101
116
125
129
146
154
183
191
195
211
216
218
220
230
234
257
260
262
278
281
282
285
297
304
306
319
324
330
337
339
347
349
368
370
375
376
391
398
2
19
23
30
37
43
60
61
65
84
88
99
106
115
123
158
162
170
175
176
180
185
195
224
245
255
270
279
293
301
304
306
316
320
325
340
354
356
362
368
375
381
396
399
2
14
19
21
34
54
76
96
115
144
158
170
180
197
210
230
242
252
256
257
260
268
285
298
299
309
310
315
334
336
341
344
369
382
387
389
393
7
17
29
43
44
51
53
75
76
83
93
142
144
151
155
162
165
168
215
221
228
229
236
246
260
261
276
277
293
307
336
348
358
359
370
372
375
7
20
27
30
32
39
43
49
65
82
104
124
130
158
161
164
188
190
194
198
206
238
241
251
261
267
275
276
290
299
321
333
381
384
393
397
10
19
23
27
39
45
51
57
59
61
64
70
75
100
108
122
128
142
147
152
164
169
174
186
196
202
205
210
215
218
221
232
242
258
262
280
285
305
311
320
326
330
331
355
375
389
395
1
8
10
32
34
36
37
39
40
45
69
74
77
80
90
99
117
139
148
150
167
169
171
174
175
195
240
262
264
272
283
293
295
303
309
311
331
336
351
354
357
376
5
22
26
37
44
59
62
82
97
121
141
146
176
181
195
196
207
244
253
265
274
275
278
299
301
305
322
361
367
393
398
399
8
24
35
38
48
84
98
100
102
111
139
146
148
150
151
157
163
164
168
170
175
177
200
212
242
246
251
259
261
302
304
307
311
322
324
339
342
378
389
396
0
31
47
82
98
102
121
131
139
150
179
188
189
197
233
238
250
264
269
278
281
289
298
302
303
324
325
347
348
355
364
377
395
3
10
13
34
47
49
59
65
85
88
90
107
112
132
166
172
178
189
199
204
206
209
217
223
243
249
256
260
264
285
297
335
340
366
370
376
388
391
395
396
22
27
31
57
59
66
74
118
120
123
132
142
145
153
157
162
163
192
203
211
236
239
248
252
254
272
275
306
309
345
348
354
360
362
366
372
373
398
2
11
13
16
43
56
76
87
91
110
115
126
130
132
133
135
136
137
142
159
180
189
190
196
206
210
234
257
316
326
329
341
346
364
367
370
395
0
5
16
23
25
38
76
79
97
107
114
117
121
122
138
150
152
155
165
179
193
200
207
212
250
274
292
336
345
351
359
367
375
387
390
1
10
43
55
61
84
97
123
143
184
190
206
213
216
219
228
239
249
261
288
301
311
318
347
349
351
356
361
370
393
9
16
20
24
54
65
74
93
98
141
148
155
169
174
183
207
224
247
288
300
307
308
313
314
325
332
335
356
361
396
7
11
12
26
28
29
41
47
66
71
93
100
118
137
153
176
200
205
223
262
267
276
287
293
301
304
321
330
334
335
348
351
383
393
2
4
5
7
8
11
28
32
39
44
57
63
90
102
108
128
151
156
178
205
212
220
223
244
248
250
253
255
261
269
325
339
353
371
377
385
387
6
18
22
32
35
56
64
65
66
67
69
79
116
138
158
162
175
178
179
182
190
191
194
202
208
223
237
252
259
266
298
307
308
314
319
326
342
354
363
381
383
2
7
11
36
38
59
61
70
75
93
97
124
131
146
150
154
180
181
199
200
201
213
224
240
247
248
258
263
271
283
295
302
326
332
335
348
352
362
366
377
395
396
24
31
46
49
54
57
60
66
75
101
103
133
136
144
153
155
161
164
167
183
188
189
196
206
230
263
270
279
280
281
282
293
299
307
308
309
313
350
353
360
371
382
394
398
1
51
59
69
74
107
113
146
152
154
157
158
160
171
198
246
253
275
283
289
299
307
308
317
327
334
339
352
356
357
374
381
392
394
7
8
13
36
40
43
44
49
53
55
59
81
112
113
122
129
143
149
155
157
164
173
181
191
198
201
208
235
243
255
260
262
275
279
291
293
310
315
318
319
352
357
375
399
6
9
16
18
23
30
36
41
62
70
71
96
119
123
124
125
129
137
139
146
151
173
179
200
208
225
243
252
257
267
289
296
306
307
309
338
346
353
355
359
364
368
369
383
389
390
7
8
10
12
34
76
87
106
109
136
156
168
188
198
209
232
244
248
258
259
275
287
296
299
330
331
342
353
356
362
366
367
375
377
378
393
394
6
8
9
20
55
77
78
89
112
126
142
156
169
183
215
226
248
251
257
268
270
287
307
312
336
339
340
345
