0
102
206
300
398
504
604
714
813
912
1013
1124
1229
1331
1427
1519
1624
1718
1822
1914
2013
2110
2206
2303
2409
2507
2592
2701
2804
2907
3013
3108
3206
3303
3410
3516
3609
3702
3800
3890
3980
4080
4180
4281
4381
4468
4568
4665
4767
4865
4962
5068
5161
5264
5364
5461
5560
5675
5781
5865
5967
6071
6178
6280
6379
6470
6575
6676
6781
6886
6992
7093
7186
7280
7375
7477
7576
7675
7780
7886
7993
8094
8183
8285
8388
8487
8586
8684
8786
8882
8992
9087
9189
9293
9390
9484
9577
9678
9769
9876
9962
10067
10160
10262
10366
10463
10564
10666
10771
10864
10967
11068
11156
11261
11358
11448
11549
11645
11744
11845
11951
12046
12145
12248
12358
12449
12551
12645
12735
12842
12943
13030
13132
13242
13332
13424
13518
13611
13715
13826
13925
14020
14114
14227
14339
14435
14541
14635
14732
14843
14957
15058
15165
15250
15344
15457
15552
15651
15753
15865
15957
16059
16153
16246
16344
16454
16550
16648
16737
16828
16927
17027
17128
17216
17320
17416
17518
17620
17713
17817
17909
18016
18120
18227
18331
18428
18528
18644
18756
18863
18960
19055
19146
19241
19333
19429
19534
19640
19747
19840
19937
