0
453
909
1366
1826
2275
2719
3166
3622
4068
4518
4955
5390
5850
6296
6749
7200
7652
8096
8542
9001
9453
9905
10354
10816
11256
11711
12148
12589
13041
13493
13934
14378
14833
15292
15754
16197
16654
17103
17547
17993
18428
18870
19320
19763
20209
20659
21113
21560
22012
22469
22915
23360
23814
24272
24724
25155
25601
26065
26519
26954
27406
27858
28306
28753
29210
29666
30119
30564
31006
31453
31884
32345
32805
33258
33708
34170
34623
35076
35524
35965
36418
36869
37326
37782
38228
38676
39125
39573
40028
40471
40912
41357
41818
42275
42736
43186
43637
44086
44539
45002
45444
45893
46338
46795
47246
47694
48141
48592
49044
49502
49951
50408
50869
51318
51763
52208
52639
53081
53531
53995
54439
54895
55347
55799
56259
56707
57155
57601
58055
58511
58958
59399
59836
60292
60752
61210
61660
62103
62556
63010
63462
63905
64339
64789
65249
65702
66160
66613
67066
67512
67966
68432
68888
69329
69773
70231
70672
71122
71563
72007
72437
72909
73373
73822
74283
74740
75197
75640
76093
76541
76982
77431
77878
78327
78769
79224
79669
80127
80576
81024
81474
81934
82393
82847
83301
83753
84196
84657
85095
85539
85986
86442
86883
87329
87781
88228
88679
89128
89582
90046
90504
90954
91404
91844
92286
92752
93202
93652
94108
94567
95015
95481
95926
96376
96833
97281
97742
98189
98636
99090
99532
99979
100429
100883
101341
101786
102239
102693
103151
103600
104051
104493
104946
105389
105843
106283
106743
107193
107641
108088
108539
108980
109437
109875
110324
110786
111229
111680
112121
112582
113039
113484
113941
114397
114846
115303
115755
116191
116637
117082
117518
117967
118417
118878
119328
119775
120213
120669
121127
121573
122035
122490
122945
123392
123846
124279
124727
125173
125626
126084
126534
126974
127409
127857
128323
128775
129221
129658
130115
130558
131004
131453
131897
132350
132802
133243
133696
134139
134598
135057
135499
135948
136391
136848
137298
137749
138198
138663
139105
139554
140008
140459
140908
141354
141811
142264
142711
143161
143618
144066
144530
144981
145428
145886
146323
146770
147212
147655
148104
148546
148987
149438
149894
150350
150804
151244
151698
152162
152620
153075
153522
153979
154436
154889
155335
155782
156232
156678
157129
157585
158034
158470
158924
159387
159852
160293
160733
161178
161626
162071
162523
162970
163417
163858
164316
164775
165222
165676
166122
166579
167026
167474
167924
168383
168842
169284
169736
170183
170635
171077
171533
171984
172434
172883
173327
173778
174229
174674
175132
175585
176033
176486
176932
177385
177837
178282
178722
179175
179624
180070
180523
180970
181415
181867
182323
182764
183204
183661
184119
184579
185039
185488
185938
186393
186846
187296
187740
188181
188623
189063
189505
189950
190398
190841
191290
191747
192215
192664
193110
193563
194012
194458
194902
195358
195816
196270
196721
197167
197629
198076
198521
198976
199430
199876
200323
200781
201224
201678
202126
202585
203034
203480
203935
204385
204847
205296
205742
206208
206658
207111
207566
208017
208469
208916
209372
209824
210266
210711
211157
211591
212045
212494
212949
213405
213863
214319
214776
215227
215676
216125
216571
217026
217464
217919
218360
218818
219267
219720
220164
220624
221068
221522
221973
222419
222877
223323
223777
224225
224677
225123
