0
89
183
266
359
454
536
624
726
816
904
998
1099
1173
1265
1361
1447
1541
1627
1719
1814
1898
1979
2081
2166
2258
2329
2411
2506
2590
2666
2766
2856
2948
3041
3117
3201
3280
3378
3460
3548
3643
3746
3831
3928
4014
4116
4214
4311
4400
4481
4567
4668
4771
4860
4947
5042
5136
5230
5322
5415
5503
5588
5678
5773
5869
5960
6042
6134
6223
6310
6416
6501
6589
6695
6781
6874
6959
7050
7151
7244
7343
7429
7525
7609
7686
7780
7864
7961
8043
8130
8210
8294
8401
8482
8563
8659
8749
8827
8912
9010
9105
9177
9266
9350
9448
9532
9620
9711
9792
9885
9978
10053
10126
10225
10311
10393
10492
10579
10656
10737
10833
10943
11030
11111
11214
11315
11395
11470
11561
11642
11737
11827
11906
12004
12089
12175
12262
12359
12447
12526
12607
12709
12797
12890
12982
13089
13171
13268
13354
13445
13537
13634
13716
13808
13904
13993
14084
14176
14281
14351
14451
14544
14638
14728
14809
14903
15004
15101
15187
15257
15358
15472
15547
15634
15721
15812
15911
16001
16092
16183
16276
16372
16458
16559
16642
16722
16799
16891
16988
17078
17168
17251
17328
17417
17523
17616
17714
17802
17886
17981
18071
18157
18236
18312
18410
18520
18610
18701
18794
18879
18973
19071
19152
19245
19333
19420
19513
19611
19706
19785
19879
19972
20044
20132
20214
20308
20402
20502
20592
20679
20778
20866
20965
21054
21133
21217
21297
21392
21495
21580
21684
21785
21876
21979
22080
22174
22261
22342
22428
22527
22612
22697
22800
22894
22985
23086
23181
23267
23338
23435
23536
23631
23708
23810
23893
23972
24054
24168
24270
24358
24455
24540
24624
24707
24807
24904
25001
25100
25177
25280
25378
25461
25560
25654
25733
25822
25913
26018
26097
26182
26279
26376
26464
26547
26634
26718
26805
26902
26988
27080
