7
12
39
49
54
56
59
61
62
65
66
74
118
120
121
125
134
146
160
163
183
187
192
40
45
87
88
90
103
110
123
124
132
138
140
145
153
161
163
166
180
188
189
5
11
14
15
41
43
47
50
64
73
74
96
147
153
176
3
8
23
24
38
43
52
56
61
69
72
86
92
96
103
110
123
125
140
142
165
171
22
28
41
70
79
81
117
118
123
159
0
15
33
46
49
50
53
56
60
76
81
86
94
96
114
115
136
143
144
145
147
151
153
154
157
175
186
187
195
13
15
37
50
55
62
64
72
76
77
92
99
106
112
120
129
131
144
164
167
189
8
15
25
54
57
69
80
85
91
92
93
101
112
132
133
137
160
190
192
193
11
21
56
75
76
83
88
89
94
117
133
146
154
155
161
171
4
39
40
42
72
81
95
160
171
173
178
179
180
185
8
12
18
21
35
56
58
60
86
93
94
101
108
113
116
126
149
163
165
167
168
171
182
196
199
10
22
32
42
59
66
69
84
92
104
111
119
154
155
165
170
189
194
195
3
12
15
19
20
39
48
57
58
72
76
93
117
122
123
132
135
142
148
149
162
166
168
172
174
187
2
32
51
61
66
70
73
74
78
85
99
111
116
117
121
128
142
143
148
183
17
29
33
46
58
60
75
109
114
115
126
132
140
149
193
196
15
20
41
48
67
87
106
125
144
149
157
161
171
194
5
13
24
27
31
35
39
51
59
84
85
87
95
103
104
106
120
121
127
141
143
152
165
190
198
12
36
62
69
71
72
75
76
87
90
92
106
120
125
130
142
144
151
154
171
175
197
0
1
4
23
24
35
36
38
71
75
78
81
86
101
113
133
144
147
148
149
151
153
154
164
175
179
188
194
0
19
24
26
34
37
46
54
55
60
74
76
77
92
97
119
126
140
142
146
148
149
174
182
198
6
9
12
23
41
42
53
54
59
66
68
98
99
101
105
106
131
138
149
154
159
171
174
176
191
193
0
12
14
27
33
35
43
48
52
55
57
71
84
103
108
118
135
136
143
147
150
156
163
173
194
7
24
51
55
70
76
92
125
164
173
190
194
197
198
11
12
14
16
33
45
58
83
100
104
107
113
124
158
164
169
188
189
191
12
14
35
52
54
79
82
94
109
129
131
137
144
146
148
151
160
163
171
179
186
188
192
195
14
16
29
38
39
56
111
112
115
125
133
134
163
170
184
185
186
193
196
4
8
11
17
18
25
30
37
40
50
87
90
94
97
102
119
125
147
158
163
179
190
191
33
37
41
49
65
75
79
83
106
114
115
130
134
141
145
155
172
10
17
35
40
46
68
76
79
86
95
100
103
107
111
114
117
122
132
157
159
160
161
2
6
9
10
11
26
54
55
56
58
62
67
73
84
111
114
122
126
157
161
176
5
33
45
47
63
70
71
75
91
92
96
112
115
126
130
140
145
161
166
170
172
185
198
4
16
28
33
60
62
66
80
83
93
96
97
128
150
151
152
156
173
189
192
195
20
31
53
57
62
74
92
102
111
116
121
124
145
149
159
170
178
183
187
192
193
5
10
21
37
38
48
59
77
79
86
93
109
116
123
125
129
131
134
167
179
182
187
17
21
52
54
59
63
80
81
85
92
94
114
123
126
128
139
154
171
176
194
195
11
21
25
26
40
51
53
56
58
73
83
84
87
93
100
102
110
118
125
129
137
144
146
152
175
176
180
11
17
20
31
35
52
65
72
83
84
89
120
121
124
136
142
152
158
196
39
80
102
103
109
114
119
125
126
127
134
171
172
174
21
28
40
60
73
85
87
110
112
120
122
126
128
129
161
163
173
174
178
190
3
16
21
29
37
40
43
44
51
52
54
63
69
90
112
120
142
145
155
167
171
179
195
5
6
31
41
73
75
84
86
92
95
107
110
113
117
129
135
138
146
156
163
165
171
192
0
1
15
18
19
22
34
44
45
71
106
107
130
132
138
166
173
183
194
198
2
22
32
37
44
55
56
76
82
91
95
123
128
148
155
163
174
4
12
17
20
43
52
56
70
87
93
103
104
111
113
120
124
151
184
192
2
10
14
26
38
40
41
43
63
101
107
115
128
159
161
163
166
168
169
179
185
188
190
193
195
199
8
15
17
20
48
57
59
76
95
98
117
143
188
197
4
7
10
13
47
82
102
109
127
129
133
134
152
156
186
188
191
196
3
59
61
63
74
108
112
128
129
134
135
142
149
152
154
159
162
164
168
169
172
190
3
7
9
14
18
23
24
29
33
55
71
73
75
77
78
115
118
121
123
140
154
168
180
194
197
45
54
71
82
87
98
99
103
113
135
145
167
196
0
8
26
45
60
76
78
80
81
90
95
96
108
137
143
147
151
157
161
165
169
197
198
5
6
31
38
59
71
89
95
114
130
139
145
151
154
156
162
173
1
7
22
25
66
103
104
119
125
127
167
185
194
198
0
17
32
36
44
56
57
62
74
97
104
118
125
127
138
152
156
159
171
173
180
181
185
14
16
25
29
42
51
64
65
66
67
68
101
103
111
113
122
123
143
150
155
157
158
161
163
170
190
191
20
25
57
64
70
96
98
105
152
153
157
168
194
8
45
53
89
110
126
127
129
137
149
163
171
172
174
178
190
195
1
14
18
29
41
44
72
84
87
101
158
167
197
3
42
43
48
55
58
59
72
115
119
133
146
161
164
173
180
192
193
38
44
49
63
94
120
136
166
172
174
179
188
191
196
15
17
22
36
46
52
64
66
78
97
102
106
112
115
117
123
132
135
144
152
156
162
168
171
177
186
195
15
19
27
57
70
76
115
121
139
142
147
161
175
188
192
195
13
14
15
23
33
43
49
77
82
91
92
98
103
107
113
122
125
129
131
140
141
145
150
154
162
166
170
171
172
174
185
5
21
22
37
59
60
62
68
72
78
80
82
84
93
104
123
138
148
149
163
165
171
174
194
3
4
5
39
72
84
85
92
93
114
115
117
120
126
127
130
140
146
148
153
166
168
178
23
31
37
65
68
81
103
116
144
156
163
167
172
175
181
183
184
6
18
44
57
86
98
117
121
135
152
179
0
12
14
56
71
92
100
103
105
112
144
145
148
150
153
157
180
183
188
194
4
22
28
52
56
68
90
97
101
176
179
188
0
18
20
24
29
58
68
92
94
101
107
127
129
130
146
149
170
3
9
13
24
29
34
37
40
45
48
60
86
102
115
118
125
139
146
147
154
178
184
187
15
33
39
88
106
125
136
140
164
176
179
197
1
10
12
29
43
44
51
67
70
75
99
103
106
115
122
125
147
163
178
187
4
5
9
13
51
56
73
92
101
110
120
122
142
156
157
161
163
166
167
199
5
6
16
18
23
41
44
49
60
62
112
115
120
121
131
149
167
11
13
34
35
38
40
41
44
47
57
61
75
82
93
98
99
104
112
114
133
150
180
185
198
2
6
10
27
38
112
118
126
133
136
140
172
180
197
17
31
33
34
44
49
63
65
75
101
104
119
122
123
129
158
163
167
174
188
190
197
10
12
63
64
73
82
98
105
116
117
131
136
137
151
156
167
172
190
194
196
1
25
53
61
62
66
75
94
112
122
138
154
166
171
172
12
14
15
18
27
30
33
36
47
53
59
63
73
77
85
88
90
102
114
120
134
142
151
162
184
185
191
199
9
17
19
34
37
39
54
60
71
72
76
77
101
107
108
110
113
121
127
133
134
138
145
151
159
170
182
192
198
199
16
40
59
60
62
64
72
80
83
84
85
88
91
99
130
133
141
147
172
182
183
4
13
20
34
37
43
49
50
79
86
138
144
148
163
174
178
184
194
195
198
199
21
29
33
35
48
57
71
75
78
98
114
118
125
126
135
149
153
162
195
196
10
26
43
46
50
51
58
64
83
101
109
115
124
131
134
137
146
152
155
157
160
163
168
169
174
179
183
184
195
9
22
27
36
71
82
93
94
110
121
127
139
155
159
181
182
184
188
46
51
57
61
62
76
84
125
139
143
154
160
176
181
182
194
197
0
14
24
30
36
38
45
55
64
69
81
83
99
103
124
131
148
167
168
178
198
21
26
37
44
45
57
64
78
84
85
129
135
144
153
166
170
172
178
184
189
2
25
29
35
42
45
58
80
96
107
111
119
124
138
155
163
199
43
46
52
56
59
64
78
91
111
115
126
128
143
159
162
166
182
189
196
199
8
14
33
34
36
41
58
66
67
74
79
81
94
100
132
143
146
155
186
62
67
71
88
93
96
98
101
103
106
115
116
120
123
124
138
156
167
169
171
179
198
8
9
13
20
26
31
33
35
42
69
83
89
150
162
163
174
2
4
8
9
16
33
35
38
44
46
59
72
89
104
120
127
139
160
166
184
194
197
60
74
88
97
99
104
125
132
138
146
151
159
161
175
7
20
33
39
53
63
86
101
114
122
134
136
155
166
180
186
196
2
3
20
32
43
49
56
62
88
96
109
110
111
115
125
138
139
145
146
150
171
172
183
1
5
25
40
41
42
61
76
79
85
89
103
104
113
134
150
155
156
158
163
185
195
199
8
31
34
45
56
62
63
69
72
83
87
101
114
118
126
127
136
137
140
174
179
190
198
1
3
6
12
21
23
34
39
51
64
77
78
91
104
128
132
136
147
159
160
182
193
195
199
12
15
20
32
41
103
112
114
124
136
139
147
166
170
179
181
193
197
1
21
24
42
44
45
61
64
71
73
106
117
131
133
149
152
157
171
183
187
6
11
21
26
61
74
75
86
88
106
120
132
133
138
151
170
171
189
197
15
17
21
25
30
31
33
48
58
73
75
89
113
119
121
152
164
179
185
188
191
194
4
29
40
79
80
85
94
105
116
121
165
166
173
178
179
181
196
1
8
13
23
32
33
72
81
96
109
114
116
121
122
165
167
173
192
199
16
24
29
40
59
81
86
91
94
103
126
127
129
134
136
153
156
187
0
14
41
48
53
71
87
92
105
114
120
137
143
166
181
185
12
27
45
51
63
68
72
78
83
98
110
115
122
159
161
190
9
15
21
31
46
77
80
84
85
96
127
142
144
148
172
179
187
189
192
35
39
46
48
62
67
95
103
110
149
159
175
188
1
6
8
21
24
42
48
49
54
66
82
88
90
108
111
141
146
147
153
179
183
192
199
1
14
22
32
35
39
54
55
59
103
117
118
125
161
0
10
22
35
39
54
56
68
74
77
80
96
98
102
110
113
114
116
124
134
136
154
160
162
172
179
192
6
21
34
44
60
69
74
76
91
98
103
114
123
135
155
157
165
173
185
187
195
6
8
11
13
23
31
32
33
34
43
62
67
71
72
78
102
111
112
114
116
129
131
139
148
184
196
7
18
32
35
36
45
48
62
63
64
132
141
150
160
172
178
182
186
194
10
20
36
47
54
61
79
88
93
96
98
117
118
152
194
198
30
34
35
45
55
59
93
96
99
108
112
113
131
157
167
185
189
195
196
18
20
30
43
68
69
74
85
95
106
119
123
129
131
152
154
157
159
191
199
6
8
9
21
24
41
56
70
79
87
97
107
122
140
150
153
157
163
189
14
17
24
31
37
51
52
68
72
78
91
106
128
132
146
150
156
161
175
181
10
13
18
20
24
28
36
62
65
67
81
86
89
103
115
125
163
164
166
187
198
4
25
44
73
83
85
91
93
106
113
114
119
122
126
133
135
138
139
148
150
160
165
179
184
3
11
19
21
27
29
43
46
51
56
61
69
75
107
116
129
130
134
136
153
173
180
196
197
0
22
35
45
96
97
100
114
115
119
123
140
164
169
180
184
189
6
30
31
32
52
53
65
66
75
93
96
101
111
115
142
148
160
164
169
184
1
13
23
25
30
31
37
51
66
73
77
85
98
99
115
119
123
127
151
154
165
169
174
186
189
192
9
42
46
53
56
63
72
89
98
113
115
125
127
128
132
133
149
151
188
4
5
7
8
20
23
36
46
47
97
121
123
128
135
136
146
154
173
185
195
21
24
26
29
47
51
94
105
118
131
137
138
150
171
174
188
192
197
18
28
36
47
66
82
93
112
114
126
134
135
143
159
170
173
176
177
178
183
184
187
189
193
2
7
18
79
90
91
98
100
115
117
128
130
139
150
154
166
175
176
179
182
191
198
199
0
1
27
39
63
83
90
91
92
106
112
119
126
129
134
139
144
147
150
172
173
2
6
12
13
38
39
55
73
79
91
93
96
107
118
141
146
153
170
173
187
189
15
31
37
40
64
75
84
90
93
94
95
100
104
113
124
148
168
170
177
181
0
6
13
26
30
33
40
70
99
114
120
134
137
145
167
173
9
19
36
53
69
85
86
93
108
136
143
162
164
165
169
172
173
188
198
2
12
13
18
19
26
30
35
44
54
86
114
128
129
133
155
191
5
11
17
21
24
38
58
65
70
85
91
111
124
125
141
145
156
178
183
190
192
198
0
18
21
22
40
54
58
61
66
69
108
111
125
128
135
161
164
0
10
16
21
32
34
55
83
92
96
105
111
114
119
121
125
155
166
170
173
185
5
11
12
15
19
20
44
48
52
58
60
84
87
99
103
117
123
127
132
133
146
147
148
153
161
162
163
167
187
21
30
36
57
92
94
97
101
123
127
132
134
136
150
163
174
181
182
199
0
3
21
25
38
53
54
60
62
69
76
77
94
103
137
140
172
173
4
11
39
40
55
68
75
79
83
92
93
116
124
144
148
157
167
171
172
183
186
14
39
42
47
50
71
84
92
113
115
117
120
131
140
144
146
147
160
164
171
191
3
9
38
51
65
81
82
106
124
163
194
0
3
10
11
29
46
54
68
81
82
85
87
88
97
103
107
108
133
147
157
196
199
7
23
28
46
49
61
83
109
110
124
141
142
144
168
178
186
192
196
3
20
27
29
32
48
81
99
105
117
128
132
137
139
140
164
183
187
192
0
16
20
46
50
65
70
89
96
98
108
109
126
130
140
166
1
4
14
16
24
25
30
32
37
58
75
78
83
84
85
86
88
96
135
146
148
157
166
179
188
195
198
8
11
39
42
48
55
58
62
64
72
73
77
84
100
114
126
147
152
154
166
174
175
184
189
190
191
3
14
18
29
35
36
43
47
57
58
63
64
68
70
93
103
105
106
135
141
164
167
183
0
26
34
61
63
81
100
107
135
140
151
174
181
192
4
20
35
48
64
68
85
90
93
95
96
106
117
128
163
197
35
76
78
90
102
106
109
126
131
165
184
191
193
197
1
10
56
62
75
111
130
135
146
174
183
193
1
11
17
19
28
61
78
87
90
91
94
97
127
147
150
157
158
163
165
175
188
190
192
194
6
36
40
46
51
77
103
107
113
117
118
124
125
127
138
143
151
161
170
171
196
197
8
28
39
53
56
63
98
100
116
117
126
134
138
147
159
162
168
183
191
199
6
12
21
22
24
37
38
44
45
47
63
67
69
83
91
112
115
116
117
118
136
137
150
153
159
161
170
173
177
181
189
191
193
194
24
49
50
52
57
77
79
80
104
110
118
127
132
141
144
168
170
175
183
27
46
55
80
83
98
113
119
123
125
126
137
141
151
154
160
165
168
173
183
184
187
8
10
14
32
33
38
42
49
71
73
75
101
102
110
121
125
127
132
158
166
181
188
193
196
197
5
15
20
55
57
60
61
70
76
81
85
87
88
89
116
125
133
138
144
159
164
184
18
24
35
47
55
66
80
93
98
108
159
162
166
168
8
40
56
63
64
87
109
121
126
132
133
153
155
158
162
166
167
195
7
9
10
17
26
27
35
43
53
61
68
72
85
86
88
104
107
115
116
129
130
134
151
158
163
170
176
181
185
190
192
194
11
12
34
36
48
51
62
81
82
102
119
123
149
155
167
170
172
183
184
199
23
31
46
59
63
68
78
115
116
117
126
135
157
158
164
174
13
23
37
40
44
46
49
55
56
57
69
77
78
81
83
103
117
132
134
153
157
171
175
177
190
193
11
21
30
34
47
69
80
88
96
123
139
149
156
166
168
178
180
18
19
25
35
38
50
64
69
78
110
111
118
124
135
143
148
155
159
175
183
190
1
6
34
48
61
77
79
82
84
88
94
102
107
111
114
118
122
127
147
153
154
156
158
172
191
192
27
31
41
43
55
57
63
69
100
102
103
110
121
129
130
131
132
140
142
143
146
148
151
153
156
163
188
197
199
3
10
14
21
33
34
48
64
65
88
96
99
104
117
118
134
136
137
149
160
167
184
15
19
21
31
33
56
61
75
76
91
92
107
111
115
120
121
127
142
146
157
158
160
181
183
190
192
0
2
4
29
69
85
99
117
130
132
136
182
185
195
197
0
17
47
50
52
57
66
69
97
114
120
131
160
166
185
193
3
5
22
28
32
55
58
71
80
99
102
127
133
148
160
162
169
191
4
9
12
15
35
36
66
67
68
80
87
93
94
108
122
137
160
172
179
15
50
51
61
71
91
95
134
135
137
147
161
7
29
34
45
47
60
64
67
72
78
87
100
121
129
142
155
2
5
25
32
44
49
58
95
98
107
126
142
149
188
14
26
30
34
40
48
64
89
93
94
97
111
115
124
125
141
159
170
187
188
3
4
7
15
17
21
23
33
36
47
80
88
91
99
103
128
149
164
176
191
199
11
12
43
56
61
67
80
86
93
113
118
130
146
148
178
190
191
10
12
25
35
78
90
97
115
125
131
142
143
148
151
160
167
176
194
1
2
11
31
46
49
51
52
55
56
60
63
70
77
81
89
127
142
144
150
162
174
181
184
194
10
27
34
53
54
55
78
92
102
103
105
108
123
152
160
166
171
178
194
197
20
30
33
35
45
62
68
89
90
99
135
159
176
177
182
184
186
16
20
42
43
53
67
82
86
88
108
139
148
168
171
184
2
36
59
65
71
74
82
96
103
105
111
120
134
139
155
157
164
167
175
183
186
195
2
4
16
23
30
41
42
72
77
78
81
108
126
128
139
140
172
177
178
179
184
186
187
12
13
21
35
39
70
81
88
89
94
101
127
153
163
171
177
183
190
193
199
19
29
45
50
51
54
65
79
83
88
108
109
122
145
149
153
174
180
187
191
