106
98
205
33
67
2
21
210
60
85
188
189
217
163
56
228
132
93
180
233
247
88
84
171
250
36
4
188
222
106
151
242
103
45
119
250
70
154
82
59
70
25
121
219
250
114
233
168
51
140
136
188
145
226
55
203
45
21
106
230
57
247
95
24
184
16
217
83
227
156
25
78
153
4
18
92
183
215
117
152
128
8
203
226
191
15
77
69
23
38
248
94
37
1
32
236
29
131
180
238
41
207
196
202
112
128
69
60
47
211
187
119
133
124
111
74
146
69
130
116
69
95
254
92
69
18
249
165
226
249
245
172
247
69
169
90
101
95
109
169
242
1
74
108
71
3
122
159
249
192
9
43
214
188
250
105
5
34
46
65
200
111
222
46
240
208
170
7
149
27
149
22
220
131
91
5
247
69
251
170
210
10
181
45
39
179
100
216
233
163
33
249
186
70
195
71
15
60
58
141
79
188
33
122
245
59
139
74
19
92
76
52
70
61
55
186
114
71
74
136
224
58
10
81
170
209
242
231
149
39
34
211
129
237
75
23
205
107
185
159
214
145
52
211
164
232
242
148
177
98
60
6
70
124
77
160
74
143
239
110
19
70
206
216
236
16
11
240
148
1
234
162
190
58
234
142
124
214
36
228
77
120
221
222
174
210
189
148
78
250
59
77
13
75
121
117
205
222
172
42
50
166
14
183
1
47
171
88
15
79
232
187
147
91
112
184
209
49
161
32
69
43
80
101
220
171
168
5
83
15
186
68
58
221
160
242
155
8
74
2
238
198
154
243
137
90
62
191
205
222
15
52
10
170
8
139
26
4
176
163
144
232
72
253
5
215
167
244
11
150
170
71
18
195
228
103
106
170
186
24
72
36
60
209
226
5
22
94
38
203
143
57
177
139
146
97
230
110
140
209
203
98
30
205
176
104
51
254
201
172
111
219
74
167
234
47
31
106
29
41
193
113
125
138
183
112
184
37
71
178
34
204
138
234
240
116
2
211
159
208
87
125
147
222
141
42
175
159
29
140
130
149
21
208
139
133
143
82
78
117
145
85
108
220
24
193
84
195
49
123
54
134
31
3
105
24
184
116
151
20
199
186
55
22
189
56
182
154
247
105
74
250
8
160
135
86
243
30
229
66
40
116
155
40
152
71
90
35
62
135
121
39
151
178
61
92
122
80
131
103
213
149
80
4
168
177
103
39
169
52
13
110
223
117
50
136
114
239
61
170
175
141
128
189
185
90
124
191
68
244
212
162
226
177
160
221
209
115
98
123
50
21
201
254
232
120
51
77
101
111
253
113
197
113
66
210
98
201
249
6
173
16
88
38
11
97
220
92
24
179
10
8
164
178
184
247
115
141
215
137
198
223
107
155
31
172
107
215
29
73
232
57
131
66
63
146
108
29
17
222
122
159
134
58
163
3
160
138
213
229
208
119
196
154
174
236
214
156
253
228
182
97
226
66
170
115
69
95
10
247
248
18
62
241
226
128
155
188
226
47
96
237
152
146
121
41
234
88
26
127
11
63
187
19
88
18
158
135
246
132
50
133
7
140
139
135
14
98
71
198
92
55
118
5
210
133
58
84
147
69
175
20
47
43
47
31
228
228
167
244
249
84
221
97
44
19
63
135
234
129
142
96
133
203
114
27
221
132
48
49
252
216
100
193
230
124
211
61
104
114
251
142
72
66
98
199
197
232
29
46
173
2
158
96
139
192
76
5
155
29
192
119
9
237
204
218
104
101
141
82
98
236
167
127
63
51
109
187
159
117
235
108
209
122
16
222
101
37
80
151
174
236
29
16
245
215
191
185
107
226
196
123
10
114
204
186
122
86
253
241
175
178
87
74
235
196
253
86
176
122
215
97
230
213
177
207
224
185
93
50
239
19
98
66
65
197
120
236
76
53
34
129
143
27
162
139
54
249
100
233
111
181
24
193
35
217
110
31
128
19
221
88
15
82
52
239
7
87
181
26
8
181
78
189
136
35
72
57
252
85
35
132
142
66
77
48
37
2
1
104
209
145
73
7
217
228
192
59
124
201
36
123
98
198
137
223
250
9
156
30
18
233
97
83
135
242
52
21
212
96
228
234
112
158
78
248
4
179
64
104
39
64
234
113
241
56
98
89
202
181
156
225
124
164
47
69
122
74
35
10
209
12
162
194
206
71
181
250
245
79
217
61
33
215
199
210
5
128
98
151
203
195
92
64
233
59
249
221
250
201
121
33
129
61
100
5
94
199
127
88
76
192
226
189
187
7
253
161
127
20
30
64
132
234
93
91
55
32
153
250
62
15
200
175
144
191
39
254
52
151
121
109
29
58
61
104
208
219
135
50
23
24
120
156
56
77
136
57
196
208
106
14
101
145
192
17
60
11
187
185
148
141
53
159
102
149
245
5
25
83
112
1
155
196
175
116
68
234
212
47
179
167
63
225
164
164
8
11
165
207
98
185
215
153
68
6
57
166
214
3
1
31
243
118
236
43
76
239
12
7
208
20
121
170
98
247
38
199
230
9
13
167
244
69
81
29
243
127
40
155
84
94
86
53
7
57
66
218
121
63
80
108
193
250
50
136
134
190
166
153
104
99
136
189
197
50
193
85
196
19
82
142
34
250
228
40
251
95
80
88
132
78
151
139
61
125
148
198
204
136
186
43
191
161
198
19
8
156
151
121
147
88
124
59
171
1
60
137
194
138
251
108
121
123
177
207
239
171
196
148
149
237
53
235
51
91
101
97
159
203
71
57
8
73
153
49
207
74
7
88
199
33
104
76
217
100
40
210
71
215
33
117
232
3
76
11
1
75
31
151
84
99
193
27
169
31
114
29
32
204
82
84
75
79
179
55
150
66
240
127
19
10
246
137
25
114
249
74
125
71
122
165
50
78
195
154
229
128
148
242
234
7
56
174
51
68
144
128
227
150
218
188
42
247
162
245
242
87
246
12
181
91
99
175
246
89
21
177
159
8
101
108
189
109
224
45
183
163
227
67
115
247
24
115
228
39
129
42
117
29
114
191
101
63
177
245
212
78
136
167
127
89
233
239
27
132
168
186
164
221
147
77
20
114
62
14
50
254
18
228
244
127
223
59
50
10
125
95
175
149
52
146
45
177
158
22
10
65
202
250
136
208
164
91
123
196
62
186
211
23
140
41
68
95
187
124
134
55
85
79
74
246
16
72
83
191
124
218
76
112
238
1
181
32
132
247
209
92
126
166
52
94
158
76
163
191
17
180
235
18
46
41
196
150
143
155
205
99
34
112
169
171
161
139
184
49
35
189
11
4
5
206
30
227
56
133
63
36
254
169
137
137
114
180
116
10
205
8
239
143
110
244
169
226
73
206
226
19
13
248
110
252
237
198
187
253
247
5
83
35
224
93
180
222
9
67
162
125
213
5
175
74
203
65
174
126
94
137
199
43
77
121
105
228
81
192
54
108
164
50
195
154
39
218
208
235
170
80
99
243
91
119
200
95
214
172
15
171
51
174
204
84
224
147
144
94
147
226
233
136
79
64
53
225
210
82
102
48
229
157
130
39
235
150
132
51
35
45
177
33
83
248
240
14
180
31
33
56
39
149
99
1
237
245
66
155
246
167
64
229
203
174
36
36
214
130
146
172
4
84
105
35
167
194
51
17
42
69
246
40
169
40
74
81
155
36
241
106
21
101
201
207
136
2
233
247
179
175
158
228
209
41
93
24
101
61
50
239
102
20
125
23
66
126
51
65
166
209
168
220
194
227
239
169
205
165
123
155
120
187
231
119
59
92
227
150
117
116
239
121
185
227
228
6
31
8
147
234
253
179
232
114
190
33
225
216
160
81
26
236
118
42
122
154
180
51
138
101
177
138
111
215
170
252
241
100
25
199
172
37
222
200
121
157
197
74
79
20
18
123
189
63
104
242
228
184
76
61
137
115
45
87
199
127
229
230
115
22
150
146
251
211
252
16
119
97
165
28
50
21
191
48
152
104
18
59
174
222
28
73
248
104
254
19
38
203
72
187
38
245
80
34
203
66
8
242
27
156
225
2
196
34
91
231
67
142
91
132
29
210
241
166
46
143
187
236
51
131
250
10
241
168
194
1
165
12
72
32
193
220
24
94
216
94
222
44
161
31
2
234
214
57
177
214
147
240
43
19
59
232
206
204
149
93
41
118
135
110
129
210
109
239
15
220
158
6
199
4
191
35
136
135
43
201
82
75
16
21
58
210
235
104
206
162
99
54
133
223
171
82
198
72
50
21
232
71
62
204
197
230
53
156
13
234
163
223
195
217
103
198
75
60
109
221
145
10
117
71
152
151
166
69
83
20
213
197
179
53
117
199
26
126
38
83
29
194
230
4
254
219
173
42
222
70
134
55
28
221
154
138
115
136
36
201
148
1
1
189
111
101
192
212
179
114
114
88
173
38
127
125
115
38
73
248
250
227
212
192
40
51
243
9
229
153
226
3
136
137
119
123
197
168
213
197
49
251
95
127
160
143
4
6
14
138
75
231
67
179
195
33
140
22
165
220
128
170
45
48
101
162
35
138
233
31
91
239
12
177
223
218
131
242
77
80
160
199
126
101
100
109
24
3
254
46
42
154
238
42
78
181
137
226
17
100
37
164
115
201
141
94
182
179
89
90
5
208
8
137
75
213
245
208
42
22
156
14
226
176
52
97
164
124
185
137
231
191
184
211
175
63
174
250
233
209
16
216
210
97
180
236
242
216
152
70
173
33
61
63
215
165
150
190
18
155
201
109
65
111
35
9
8
118
209
69
168
59
181
26
251
62
109
24
116
189
125
108
225
72
48
233
101
122
205
147
7
251
84
208
53
14
29
148
21
139
142
60
160
69
248
146
189
107
195
138
132
238
228
74
251
167
58
23
144
201
15
218
97
200
160
183
14
134
217
151
148
78
249
45
56
222
15
212
72
173
129
13
30
211
3
98
212
172
202
81
21
204
234
49
190
224
207
4
72
185
30
216
224
228
7
67
154
225
215
11
209
244
79
222
39
61
141
155
39
69
213
33
103
71
254
210
242
243
112
240
232
74
212
157
78
221
91
142
167
16
231
219
131
18
201
187
110
210
68
29
169
72
221
4
9
121
181
150
137
172
169
26
205
224
68
43
47
171
153
6
92
3
188
148
28
138
36
9
49
241
229
105
204
170
197
187
61
82
60
18
162
9
230
236
218
182
102
73
224
62
120
144
254
180
234
25
22
126
161
87
223
38
142
244
35
214
211
113
54
32
140
165
200
17
235
9
36
42
3
1
52
70
179
171
6
129
233
240
100
79
99
75
63
113
22
163
123
177
181
240
109
62
185
14
83
40
39
234
166
172
37
120
139
11
217
125
202
68
89
92
62
184
87
218
6
104
181
120
57
51
203
184
16
133
160
121
51
79
12
224
174
203
46
52
98
139
131
223
186
250
242
200
221
74
110
155
122
90
230
194
72
226
32
95
182
9
239
237
193
44
61
149
208
13
7
185
126
172
116
53
52
74
101
19
70
166
40
86
97
96
211
186
235
167
180
228
230
19
104
174
25
153
29
173
7
216
119
18
68
120
28
18
138
193
238
184
54
213
212
49
14
148
52
44
246
24
173
163
92
24
192
208
101
207
95
56
188
55
102
135
13
144
147
136
35
108
254
120
138
119
33
89
147
30
195
74
220
94
138
1
165
22
52
97
24
90
168
127
200
49
29
13
132
2
39
53
135
254
6
12
31
152
170
247
174
35
132
252
75
145
38
205
136
91
220
133
103
111
195
170
212
215
93
158
175
233
171
102
250
215
200
85
96
202
87
55
78
65
222
222
89
167
116
178
108
36
217
214
160
143
47
114
114
105
200
254
102
86
189
253
240
177
132
79
246
153
63
181
92
159
77
154
212
234
190
220
15
119
130
11
66
6
34
50
19
15
253
123
241
84
225
237
231
221
215
181
185
54
214
78
93
160
70
51
105
14
208
196
90
123
101
171
42
95
111
188
138
49
250
136
125
115
190
235
83
172
11
139
217
74
89
23
111
17
75
228
122
22
70
136
6
153
193
134
78
177
212
102
30
124
12
210
206
245
215
242
98
201
166
48
153
100
71
65
103
78
62
208
18
28
83
45
134
49
47
191
134
166
120
218
126
229
181
68
82
48
46
57
66
10
61
151
52
98
142
165
177
156
231
116
12
81
243
196
196
17
213
119
76
228
213
56
189
109
164
42
1
218
253
22
148
160
26
65
53
243
212
229
18
222
56
21
3
176
86
173
103
35
191
97
15
65
10
22
208
207
89
195
250
233
116
89
211
16
72
238
230
242
227
114
177
215
124
112
243
212
103
77
115
221
34
18
201
62
69
67
221
197
179
242
61
78
147
207
114
122
185
88
32
185
108
204
102
94
169
154
190
248
52
129
192
220
46
99
185
175
70
46
50
210
122
113
212
111
146
116
109
254
19
158
51
85
24
246
93
210
128
85
230
133
51
77
30
24
172
93
124
248
129
118
212
129
79
98
38
43
201
230
228
17
168
102
52
240
60
235
99
179
110
28
189
140
209
198
171
173
230
145
124
50
113
18
120
57
225
166
99
13
156
120
200
72
28
232
161
49
238
192
179
223
15
174
187
172
64
63
57
141
150
36
147
161
252
112
206
26
212
198
68
154
213
117
216
23
208
185
115
186
63
167
41
137
79
181
215
112
219
170
39
129
11
172
231
156
71
3
165
47
25
200
168
71
49
117
226
204
52
179
163
252
29
109
129
100
118
69
21
85
237
87
146
96
5
102
38
14
120
202
63
131
15
106
208
200
215
175
18
103
186
249
77
118
2
127
71
123
4
41
174
110
49
219
44
93
66
245
29
123
200
27
9
239
188
84
105
95
139
179
200
28
241
53
67
165
172
195
71
246
212
182
49
171
20
90
220
151
75
121
246
67
24
240
30
209
36
65
162
60
155
154
170
23
187
193
95
70
174
179
200
12
241
39
154
211
40
139
66
46
50
44
106
117
70
240
174
22
211
134
103
216
10
66
48
127
105
189
176
99
189
19
207
1
117
85
162
36
6
94
223
235
150
223
92
217
24
66
88
110
203
89
52
48
40
178
212
188
73
77
201
95
70
122
83
109
3
228
219
121
141
205
179
119
22
171
216
130
175
7
6
193
60
81
193
173
183
141
16
224
238
161
198
148
31
213
250
203
5
170
249
16
207
41
81
44
244
112
116
91
70
96
4
193
50
126
96
169
14
38
28
120
86
36
179
40
240
6
34
79
123
201
93
185
87
38
147
32
68
105
135
14
195
122
100
157
187
110
181
193
182
14
175
234
17
135
189
82
113
158
112
14
195
9
243
119
55
81
118
62
111
238
16
254
182
102
173
77
244
219
58
115
79
95
98
176
213
187
31
188
185
250
218
2
129
155
1
188
72
3
85
4
108
112
129
138
245
229
151
66
7
100
114
223
254
56
150
74
135
67
127
157
236
109
243
19
54
167
8
216
241
112
87
110
55
157
97
125
113
20
19
11
45
145
8
191
183
92
97
59
132
1
234
192
183
194
199
91
246
183
220
59
171
102
69
244
101
165
20
140
100
4
211
234
179
21
89
13
227
128
111
36
57
159
217
89
215
116
206
100
153
121
222
113
192
70
61
166
211
176
94
179
43
80
28
119
67
120
95
138
49
230
192
10
225
8
161
87
187
156
209
189
11
125
232
242
184
187
209
187
212
193
100
184
115
112
220
8
123
10
72
193
129
84
174
89
8
124
12
102
3
88
18
203
130
186
101
57
44
182
211
142
73
23
35
190
73
89
111
119
94
27
94
26
21
227
85
66
192
134
108
160
232
113
184
23
251
221
200
46
46
37
248
201
129
69
167
234
246
12
120
77
124
124
56
102
62
161
161
91
22
107
178
121
221
8
211
55
172
203
151
3
171
91
138
149
110
206
174
162
86
174
17
84
172
43
244
71
221
172
54
245
58
140
121
143
106
214
53
246
58
70
163
93
125
52
42
110
77
195
21
159
253
16
17
32
16
182
247
88
233
253
109
20
38
69
11
182
44
27
182
254
64
196
141
153
50
193
216
170
203
217
133
162
59
54
39
173
210
58
74
94
248
118
84
69
246
46
43
235
151
247
102
202
79
39
150
207
10
135
87
200
187
114
81
178
168
176
166
8
170
206
220
14
113
91
79
82
96
179
209
62
118
51
59
111
193
195
240
163
150
21
56
119
234
74
83
56
61
103
133
153
187
50
202
67
108
111
104
49
153
175
44
88
68
22
184
207
12
131
179
23
90
132
134
222
12
103
84
226
124
243
4
30
109
143
175
248
40
27
215
131
151
196
203
133
251
93
87
31
24
249
99
64
157
8
76
98
114
67
90
89
134
81
218
240
66
77
145
107
126
42
86
7
130
245
41
94
61
231
55
74
211
220
116
164
139
143
180
249
229
97
137
6
244
117
222
110
96
118
74
153
91
155
176
196
88
76
152
92
170
247
9
163
226
101
243
217
60
69
7
62
118
191
82
170
110
174
191
210
113
252
157
229
51
3
154
218
100
196
203
132
95
232
19
211
252
206
192
67
32
77
145
7
13
5
22
22
60
40
254
180
47
226
110
145
136
94
130
91
163
80
123
73
204
183
235
54
138
10
172
46
129
17
114
164
179
87
93
43
226
76
179
206
253
216
77
96
147
202
213
214
248
54
116
200
198
40
11
243
154
107
27
98
32
89
81
3
171
173
244
2
1
85
162
212
131
170
174
252
17
121
233
11
107
79
148
17
177
52
42
59
106
63
106
19
116
155
14
213
22
177
40
16
134
234
63
86
33
36
216
189
252
31
138
10
143
8
162
122
154
196
100
84
11
194
188
103
221
113
202
113
215
157
110
62
75
104
68
127
245
14
100
100
225
84
61
155
36
24
50
142
248
230
49
160
232
125
207
166
182
48
140
128
233
211
36
17
184
85
178
113
194
213
6
196
178
162
245
47
201
187
70
129
28
86
128
223
86
189
3
149
216
193
44
99
209
44
120
63
243
241
240
51
40
98
185
170
28
51
110
57
195
208
123
177
101
63
50
89
6
229
11
31
64
40
228
248
168
209
250
101
145
21
112
