0
1
15
16
33
39
43
44
51
59
66
68
70
79
84
105
116
128
144
157
158
159
185
186
199
2
19
33
46
48
56
61
67
78
88
101
104
114
123
126
143
172
182
3
15
18
34
37
41
43
50
55
60
72
98
107
108
115
117
119
130
141
157
160
177
3
4
12
22
28
75
79
82
83
98
107
129
139
142
147
152
158
170
174
180
195
0
5
14
24
30
43
50
55
56
69
72
84
94
105
122
140
160
165
193
199
0
1
4
16
22
34
46
50
60
85
86
114
124
136
138
156
160
170
176
182
0
4
8
9
24
33
44
46
67
68
76
78
103
108
118
122
123
141
146
159
190
9
25
30
31
54
60
89
96
102
106
111
125
136
150
177
178
190
198
4
9
14
28
49
63
126
127
129
146
159
162
193
14
26
37
47
66
69
97
109
126
137
166
178
192
2
6
10
12
20
28
30
35
41
54
99
111
118
122
123
136
137
146
151
152
159
194
2
10
18
19
35
37
51
58
61
70
77
81
83
93
103
105
111
118
122
138
158
161
173
190
196
8
27
40
58
66
67
92
97
104
107
113
115
146
159
185
186
190
198
18
39
52
62
77
83
87
93
105
113
116
118
129
139
141
151
155
162
193
8
16
31
32
38
54
70
78
80
86
100
117
128
131
134
139
145
150
153
155
181
182
184
29
36
45
51
75
91
95
137
138
139
147
152
162
193
195
196
29
55
67
68
70
75
82
91
92
94
99
110
119
127
135
155
164
171
175
180
193
199
12
27
51
52
84
86
96
99
119
123
134
139
142
148
149
156
159
164
171
175
191
192
2
7
10
29
34
55
56
74
110
133
140
157
159
169
176
4
6
11
15
30
34
39
43
55
87
101
107
111
115
116
148
149
1
20
38
46
51
53
73
75
82
95
102
120
129
132
142
147
161
164
168
0
1
12
14
19
22
24
25
63
68
83
89
92
114
121
133
141
151
161
166
184
1
25
38
45
61
63
79
82
88
91
97
106
119
129
131
148
158
199
7
10
13
24
32
37
39
40
44
52
61
76
83
88
104
111
123
124
158
176
183
191
195
2
6
9
11
30
32
49
55
57
61
68
72
75
78
79
107
114
123
142
144
151
152
160
163
170
174
17
27
67
70
72
91
108
129
134
141
146
160
177
183
199
4
28
36
57
59
75
91
96
103
109
112
123
135
142
158
164
174
176
185
187
188
3
8
21
40
42
49
52
68
70
71
73
78
82
90
93
109
112
118
125
129
131
152
182
190
25
34
38
44
47
51
61
67
77
80
96
107
110
117
119
121
122
123
128
133
137
138
140
150
156
157
161
164
167
175
184
192
21
36
61
72
88
101
111
113
130
132
133
141
145
163
180
188
11
37
44
54
57
63
64
88
112
120
121
123
124
126
128
138
139
147
153
154
183
189
1
4
10
33
36
55
76
90
101
106
112
119
130
131
138
164
166
198
3
12
22
23
25
40
42
70
73
82
83
97
130
133
144
159
175
179
187
192
193
0
5
14
28
38
42
50
51
67
85
91
92
94
99
107
117
131
148
159
160
180
181
197
4
17
55
68
76
90
95
103
109
110
113
120
147
155
162
169
5
19
25
26
30
47
55
59
111
126
127
130
131
149
160
164
165
169
181
195
196
17
21
25
30
32
33
52
58
62
75
94
111
117
129
132
157
20
21
23
28
51
52
55
58
59
70
79
82
85
93
95
102
107
130
135
149
190
199
21
29
45
46
49
72
94
105
121
139
140
146
154
167
181
194
199
27
40
54
57
61
89
115
116
123
139
151
176
0
15
34
57
70
82
83
84
97
99
102
132
137
158
162
168
184
188
189
9
13
15
27
64
91
92
102
111
112
113
120
127
131
140
148
157
177
196
198
18
25
33
38
40
44
48
56
60
74
83
95
103
155
161
174
191
192
18
43
52
54
63
64
66
67
68
76
82
135
141
145
151
165
166
188
191
192
194
1
53
81
87
93
94
100
112
116
123
125
135
155
179
186
196
198
1
8
15
16
19
53
60
61
90
92
131
134
147
149
150
161
175
186
11
27
29
41
53
60
81
85
87
89
92
94
129
135
162
170
175
177
178
186
188
189
194
28
37
52
58
85
87
89
91
96
112
124
140
145
157
166
168
169
180
189
193
10
13
28
36
42
46
47
48
55
56
88
104
120
124
130
132
138
139
151
174
179
199
3
24
58
70
76
89
110
112
113
135
139
158
175
178
182
186
199
4
6
13
20
22
25
41
47
51
62
64
77
86
89
97
125
128
146
159
174
191
6
7
9
18
27
65
80
83
145
153
182
187
193
0
6
67
75
78
95
131
137
152
166
0
1
17
50
120
122
127
128
144
147
152
163
169
170
187
188
195
18
37
82
85
89
95
134
153
163
169
179
180
185
188
28
38
73
84
103
116
121
130
145
180
182
0
35
49
52
55
79
91
96
106
137
142
147
151
154
158
163
180
186
188
189
199
2
5
8
9
15
17
23
35
36
45
46
68
84
91
97
112
121
124
128
142
143
171
172
173
183
186
198
4
30
53
58
64
78
88
91
107
114
117
132
137
164
179
184
188
189
193
5
23
28
35
81
96
98
99
117
118
124
128
134
165
169
183
186
18
28
43
88
91
95
96
111
128
132
135
141
151
159
168
170
173
187
42
51
89
91
94
97
106
139
145
150
152
176
179
181
185
194
0
21
28
38
39
48
49
65
77
78
101
108
116
119
123
127
145
154
157
160
196
197
0
2
27
30
62
63
75
98
99
103
104
116
122
124
129
137
149
153
154
164
169
176
182
188
199
2
9
19
26
36
45
48
54
66
84
100
107
114
150
159
169
185
13
21
28
40
48
55
57
58
65
68
80
81
85
96
123
128
139
143
146
155
156
159
179
186
194
199
15
19
21
28
31
32
36
39
42
43
53
64
67
102
108
115
121
128
137
139
152
157
1
3
5
7
15
37
39
70
72
79
96
108
111
115
117
131
133
136
150
176
183
15
33
34
41
71
76
79
82
90
94
95
108
114
117
144
147
148
154
158
174
180
184
198
4
9
24
26
32
37
38
54
63
83
91
105
108
109
114
130
138
149
165
1
10
25
27
34
56
57
58
68
80
83
86
92
93
112
123
133
170
173
176
183
184
185
3
11
14
18
24
45
47
50
64
74
98
103
117
135
144
160
173
178
180
183
193
199
14
17
26
32
38
53
67
68
88
108
109
118
123
131
140
168
174
183
194
14
30
46
64
76
91
108
110
126
154
178
1
15
19
27
32
40
41
55
64
75
104
111
113
116
124
127
134
139
140
162
166
167
177
184
188
193
5
8
10
14
25
27
36
40
56
68
73
82
88
100
120
126
134
149
152
160
18
24
31
39
66
68
70
85
88
99
113
120
125
126
131
135
141
150
168
181
190
197
2
3
8
15
24
40
59
65
71
77
90
97
101
108
110
111
124
136
151
158
180
190
28
29
39
45
52
56
62
66
76
77
89
107
111
115
116
133
142
152
154
160
165
176
180
186
187
14
26
31
35
44
47
54
68
72
81
91
96
99
111
142
145
158
165
186
187
15
25
41
42
47
48
52
86
91
92
114
135
138
141
167
178
183
193
2
10
46
49
56
76
99
101
105
109
118
128
145
151
159
164
180
194
8
23
40
48
55
73
80
87
90
99
100
123
136
145
146
157
167
173
178
183
199
5
6
10
11
20
37
40
46
48
56
59
72
83
114
121
131
133
148
153
166
183
186
191
198
6
7
15
31
36
53
60
75
87
100
102
103
104
118
119
130
143
145
151
158
159
174
191
193
194
197
0
16
20
29
58
65
71
72
75
85
87
88
118
127
134
138
146
155
156
178
182
184
195
17
24
26
36
56
68
75
77
83
93
110
116
144
145
147
149
173
183
188
190
199
1
2
32
33
46
47
63
64
65
70
82
88
96
102
119
122
128
130
145
163
187
191
196
1
7
16
17
27
36
47
52
69
77
89
103
113
118
121
125
131
154
159
162
180
185
193
13
23
27
30
31
32
34
52
53
56
57
58
72
95
100
109
111
122
127
131
150
151
167
169
173
187
192
197
5
33
36
46
67
74
112
116
125
130
132
133
138
164
168
175
179
192
195
28
30
41
45
46
50
60
61
77
79
84
88
114
118
137
140
144
159
160
164
174
177
179
16
24
25
36
37
45
68
74
116
127
136
147
158
161
174
176
192
3
15
22
26
44
52
55
61
70
104
121
122
140
143
146
166
183
192
2
23
28
32
33
67
76
109
111
112
117
128
130
154
156
161
165
180
187
50
58
60
75
85
92
94
113
114
118
121
126
128
130
147
149
157
166
170
190
8
10
26
32
34
53
69
71
90
92
102
104
112
120
121
125
127
136
147
153
170
188
193
194
2
9
11
12
23
27
35
41
46
47
48
61
73
79
92
96
99
103
137
144
153
163
190
48
50
57
69
72
76
81
83
96
101
125
164
165
174
175
181
184
191
8
42
52
55
76
80
87
99
100
106
109
128
129
138
172
174
188
5
24
60
63
64
71
81
85
91
111
112
135
140
154
155
158
161
170
175
183
195
199
3
6
9
19
34
54
55
69
86
91
100
114
124
126
135
139
142
158
159
176
183
198
8
32
35
41
50
62
73
74
88
89
105
108
109
110
119
139
143
146
149
155
161
163
172
173
181
187
196
6
12
27
81
99
100
119
143
145
147
162
163
169
171
177
1
2
8
21
26
29
30
32
37
44
61
75
102
134
143
149
150
165
171
182
189
2
3
7
21
24
29
43
45
49
62
82
86
88
95
99
103
105
109
122
134
157
163
166
178
188
192
3
15
34
46
98
117
120
199
3
34
37
46
71
74
75
79
86
109
123
166
178
197
0
4
8
19
24
59
75
78
79
84
111
124
152
20
31
33
38
57
63
75
82
87
88
93
95
98
99
100
106
109
120
122
125
130
134
142
145
147
172
181
194
10
30
35
47
80
82
90
101
116
122
148
149
156
157
177
178
4
6
20
25
28
30
38
43
48
55
56
66
75
91
95
98
112
137
147
150
160
6
23
27
42
63
64
71
74
77
98
109
113
118
132
136
147
158
176
187
191
12
17
25
47
50
52
88
96
106
107
111
120
126
140
141
143
147
149
150
166
178
181
196
17
22
27
73
77
83
92
101
105
108
115
125
131
141
143
158
182
185
194
196
199
8
12
20
42
61
73
74
89
99
105
111
123
136
137
140
141
149
170
177
182
187
18
28
38
51
77
91
96
105
108
109
112
114
130
147
156
165
171
176
182
190
191
198
3
5
6
12
17
20
26
37
38
51
87
134
136
138
143
148
164
168
190
3
5
11
15
25
34
40
55
56
61
67
74
108
109
125
132
141
143
147
161
186
189
2
9
20
32
39
44
51
54
58
71
75
80
81
98
104
116
123
132
133
137
151
153
179
186
187
190
17
20
21
24
40
45
47
52
58
63
68
72
90
112
113
116
138
152
160
163
169
182
196
199
1
12
14
15
19
32
33
44
56
59
60
64
88
89
94
113
129
130
134
145
147
153
173
175
7
17
23
55
64
68
74
84
88
93
103
113
118
123
128
147
155
160
162
182
189
190
193
195
5
10
15
26
36
48
55
56
75
76
77
87
95
105
118
120
155
170
177
198
2
8
15
24
37
40
60
70
78
81
84
95
96
102
130
134
155
164
176
188
196
4
35
52
64
69
74
84
89
94
96
106
123
124
128
130
142
172
178
179
181
1
24
32
56
70
91
92
94
101
111
114
144
152
178
183
193
199
26
69
80
86
90
123
130
132
134
138
165
182
190
13
21
26
41
54
70
72
81
88
91
95
100
102
104
108
117
118
121
140
144
149
150
151
154
155
162
165
172
190
193
196
198
14
19
38
40
50
65
74
77
86
111
115
120
123
133
158
161
174
179
185
191
198
16
24
28
49
57
58
60
80
107
113
125
128
131
150
152
164
186
12
16
24
27
29
30
43
47
51
55
63
65
66
84
99
106
108
118
151
161
181
183
22
24
28
29
32
71
73
75
84
92
111
123
134
135
137
144
149
152
156
172
176
191
196
0
4
13
21
62
73
78
129
147
166
176
177
27
42
45
47
69
75
78
85
106
113
120
147
166
187
193
197
12
13
24
28
34
40
41
49
52
68
74
78
94
162
193
0
20
26
44
47
55
65
69
79
98
101
105
134
135
138
153
186
197
14
31
35
36
49
51
58
92
105
113
124
127
135
137
141
142
144
152
153
156
174
182
183
188
192
193
8
19
28
29
31
53
56
57
59
64
75
115
126
135
140
153
156
165
166
176
178
179
180
194
1
27
32
48
55
56
60
62
68
80
86
93
98
103
110
112
120
137
139
145
154
156
162
175
183
52
64
68
73
75
102
115
123
145
158
170
179
48
57
58
75
111
130
134
137
138
141
150
152
165
5
7
8
11
14
22
24
26
38
50
51
56
63
65
67
77
84
95
101
108
117
118
124
125
128
135
144
145
146
149
151
162
171
176
3
6
10
13
15
25
42
58
59
97
115
125
135
154
166
171
172
179
182
20
25
42
52
55
70
100
106
117
131
132
138
156
165
179
0
11
13
27
31
40
45
56
64
82
88
114
116
131
134
140
156
176
177
179
194
35
39
81
82
84
91
96
99
121
138
165
168
197
64
73
76
78
83
124
149
154
160
161
165
176
184
193
3
4
13
18
20
27
43
45
51
61
65
86
91
106
109
111
138
141
148
149
158
164
165
166
167
168
170
187
1
14
18
28
41
67
68
76
82
88
93
100
122
123
126
128
137
140
153
157
186
190
193
1
4
13
28
34
40
78
79
80
89
91
99
107
113
115
116
127
199
5
16
41
42
48
54
63
78
80
85
91
105
109
128
133
136
137
169
173
185
193
194
12
34
35
66
67
72
96
113
144
163
167
182
183
184
194
16
64
76
100
112
116
121
125
131
148
160
175
1
2
12
14
16
19
25
27
38
44
56
67
69
77
85
89
97
105
117
120
146
157
199
5
16
39
49
51
56
65
75
93
96
98
105
127
134
141
143
148
176
184
188
198
15
16
29
33
36
45
59
78
96
110
117
121
144
145
146
154
155
158
164
172
173
2
8
37
44
55
65
68
70
83
85
86
92
94
119
131
141
178
187
3
4
42
43
44
45
46
56
80
81
87
98
101
105
114
118
29
52
81
82
105
118
132
153
158
161
171
174
175
177
199
9
43
56
57
61
76
77
110
133
143
166
167
174
176
194
197
1
35
39
41
44
50
55
56
70
81
90
98
99
111
115
117
118
129
133
134
140
145
150
156
159
161
0
5
33
41
76
87
111
125
127
133
138
148
151
153
165
189
192
193
19
40
48
50
51
66
74
80
90
95
101
119
120
121
126
130
165
174
183
187
194
2
6
7
11
18
51
72
85
87
103
136
138
143
162
163
168
177
197
5
9
16
22
32
37
43
55
74
96
123
139
145
147
149
156
166
174
177
187
27
60
65
70
74
81
84
104
122
127
130
132
142
147
151
175
180
183
194
25
30
51
63
75
76
79
111
114
121
157
164
192
15
35
47
76
84
92
117
118
125
160
165
172
198
45
47
48
74
91
95
103
114
115
122
124
131
139
146
154
178
0
7
9
12
19
35
38
51
54
60
61
70
82
87
90
92
97
99
111
124
128
142
146
150
167
177
178
186
4
12
13
22
49
54
56
68
75
92
94
103
109
114
117
119
131
138
141
143
146
148
157
158
163
178
187
188
3
15
25
31
41
52
54
62
65
85
117
132
179
26
28
35
42
52
69
74
95
96
98
101
104
105
106
108
129
141
161
165
168
170
180
188
190
192
12
18
19
30
39
50
51
64
94
99
100
133
136
147
178
185
1
11
12
26
27
37
46
50
114
120
127
132
134
136
182
47
51
58
66
113
117
119
125
136
151
153
165
172
179
182
196
197
13
47
61
79
84
86
89
95
116
137
145
168
178
179
187
194
1
11
20
63
65
83
94
126
148
153
184
187
0
14
30
33
46
58
66
68
73
86
87
88
96
105
108
126
131
139
156
166
168
182
194
5
30
60
63
68
69
78
99
112
113
116
129
130
139
149
168
169
173
185
188
190
196
5
20
26
43
50
56
82
84
110
112
118
135
141
145
146
157
164
166
168
169
171
174
179
197
0
38
39
42
52
61
63
64
67
70
76
80
96
100
102
115
124
126
135
136
144
147
155
179
181
183
197
0
3
4
11
17
25
28
35
40
45
56
58
67
75
80
82
85
100
107
110
137
140
147
149
161
189
0
14
24
36
45
61
69
78
101
109
125
151
154
169
179
197
1
14
27
34
44
51
68
79
81
90
103
108
127
140
149
152
177
199
10
11
13
14
18
30
50
60
65
93
95
96
99
108
118
124
157
170
171
173
181
184
3
19
20
24
29
34
43
51
61
65
72
106
115
116
131
133
146
152
165
173
179
181
185
198
34
43
50
53
66
96
98
99
103
118
123
128
138
144
146
155
159
160
162
166
173
174
188
199
9
13
26
38
69
73
77
85
96
97
112
122
124
128
134
136
148
164
174
184
192
194
3
6
13
36
42
46
51
62
65
69
84
85
91
95
99
113
117
118
129
149
159
162
166
167
170
187
1
5
26
53
59
83
93
97
99
124
135
144
164
191
198
3
17
25
27
29
58
68
69
100
103
124
132
142
168
176
187
194
197
0
5
10
24
56
61
77
82
98
99
111
123
154
160
184
189
198
18
41
45
104
105
130
133
134
135
136
141
147
166
187
196
198
10
11
12
18
33
37
44
49
56
73
80
83
96
114
120
126
128
136
155
163
179
185
190
0
1
9
11
15
20
26
27
32
40
45
53
56
65
81
84
85
93
104
135
160
165
171
184
195
2
9
35
47
51
52
58
71
77
78
84
85
101
102
107
122
135
152
165
172
174
176
181
2
4
8
10
36
51
67
75
96
99
106
126
127
130
139
140
184
1
14
16
41
48
50
55
60
66
86
107
115
129
133
142
145
149
151
170
181
189
194
