169
16
48
64
34
197
212
122
51
137
137
146
249
191
27
62
44
124
236
169
187
246
223
111
212
52
208
146
91
41
50
80
102
121
214
83
238
172
105
55
165
170
77
105
50
183
36
91
44
43
12
194
239
229
146
249
163
69
180
176
116
192
248
217
203
77
98
248
201
13
104
10
118
170
103
195
166
135
146
70
235
102
65
8
30
66
135
191
145
211
204
51
190
17
45
219
41
98
112
139
182
3
112
25
24
220
137
4
176
199
31
109
236
27
9
13
201
173
110
36
157
253
35
181
12
220
193
87
180
181
179
41
90
215
103
64
135
121
156
244
165
157
44
142
74
12
223
125
134
86
109
135
79
92
196
159
29
24
219
24
118
41
140
100
60
159
83
89
44
120
136
175
114
198
188
167
71
42
19
14
152
28
116
13
229
9
71
162
135
169
53
86
135
68
131
111
59
148
32
34
79
105
72
40
206
44
145
63
96
185
147
164
205
39
9
189
159
41
102
164
106
198
156
142
75
20
184
104
87
235
195
79
2
163
77
24
70
61
67
3
56
85
77
48
136
195
75
22
153
173
82
13
134
35
22
143
23
220
41
51
211
141
226
13
254
72
173
46
161
36
65
137
60
20
123
118
151
221
112
48
104
207
238
119
227
19
128
119
5
239
229
25
190
242
217
86
67
153
17
179
236
143
110
121
54
146
34
239
184
88
204
177
126
76
27
87
131
254
208
223
198
126
216
136
233
185
29
88
157
56
248
1
211
232
200
30
236
41
246
54
66
240
194
237
94
99
14
118
20
94
39
120
100
34
201
195
179
1
53
165
68
249
55
30
203
245
165
150
171
145
238
56
95
221
162
145
131
21
66
181
28
115
149
244
94
235
249
185
132
110
143
229
174
138
75
114
133
220
79
21
52
4
47
246
49
245
220
32
7
149
23
126
89
246
226
58
213
16
243
110
64
247
35
232
62
107
80
86
175
161
235
4
135
133
248
167
61
128
42
185
28
165
147
58
231
71
53
32
222
20
193
250
42
39
56
109
55
22
3
132
50
27
173
134
91
113
148
29
61
178
151
133
213
114
222
128
74
245
16
225
156
124
217
76
217
9
217
67
170
58
210
160
68
60
217
152
154
53
8
108
212
103
91
251
194
72
168
138
190
241
210
202
90
8
12
19
68
243
203
105
241
205
37
253
204
254
237
113
203
94
214
229
170
156
68
44
8
208
116
23
98
184
233
132
37
9
188
53
38
241
236
144
194
212
35
182
13
15
172
232
52
172
166
178
169
68
171
37
68
1
202
140
62
61
85
203
39
202
141
145
79
182
10
168
6
90
65
55
247
194
48
107
120
32
39
33
249
81
71
246
212
5
1
191
174
8
195
205
31
97
4
204
113
219
51
224
151
129
63
241
139
244
127
34
231
235
30
107
61
40
20
107
97
158
71
138
144
12
204
179
215
178
156
76
94
76
189
77
222
247
132
232
161
35
191
132
179
150
207
219
107
64
135
20
1
48
44
2
161
54
165
65
148
186
162
77
244
20
153
101
76
72
177
217
5
110
246
244
128
191
127
217
60
188
155
231
110
82
242
110
197
200
2
52
87
163
245
252
37
92
96
23
109
2
147
155
7
14
241
11
146
170
234
196
51
178
49
167
186
37
48
125
212
178
28
119
14
195
168
126
120
63
29
152
231
226
241
194
57
171
238
56
158
95
23
99
163
159
5
52
252
159
145
194
250
167
185
30
50
53
239
192
19
23
10
146
219
217
26
152
251
95
79
242
12
50
58
190
175
29
4
12
169
222
149
14
56
101
73
241
245
12
115
180
137
239
133
247
253
252
213
211
97
57
118
154
254
100
13
39
125
163
81
219
204
253
56
54
105
49
190
77
157
191
244
168
149
83
186
64
117
4
29
128
19
73
187
14
105
40
126
218
111
24
69
26
251
32
87
13
142
219
221
64
8
77
2
145
135
11
178
197
7
230
211
23
63
189
41
245
210
21
134
134
48
218
184
143
197
17
42
155
117
6
180
229
207
64
19
198
46
38
206
18
44
18
27
28
179
65
130
193
102
39
116
16
121
16
65
222
28
89
102
172
142
170
120
119
240
163
71
91
197
1
190
88
101
101
100
171
236
61
222
7
82
174
144
193
240
181
247
217
154
127
126
49
144
185
159
13
15
62
186
180
192
89
1
71
242
223
5
140
85
246
215
165
202
154
84
33
156
240
102
143
250
247
179
188
122
97
189
225
185
85
8
253
247
215
8
181
240
13
131
36
152
236
27
22
248
217
141
123
196
144
192
96
211
229
126
135
39
230
172
182
59
189
102
34
112
40
212
68
226
221
158
35
27
221
206
192
116
183
156
69
123
215
231
152
230
168
206
80
195
5
32
154
129
249
113
220
239
202
195
188
168
216
147
221
69
180
252
76
115
246
251
124
105
92
49
231
223
87
115
51
195
189
180
45
68
32
91
131
57
9
238
32
230
10
38
129
172
163
221
51
234
120
214
184
231
236
152
71
213
221
53
124
108
183
133
182
189
125
20
129
150
161
13
19
2
81
104
216
86
176
28
19
242
223
86
64
130
158
7
235
112
147
162
158
84
125
160
197
193
5
46
140
119
9
171
205
247
30
227
117
141
71
96
56
185
198
238
134
118
89
190
220
209
248
179
87
2
37
52
213
40
245
1
234
190
96
170
118
241
120
76
37
213
187
101
244
238
88
201
12
186
203
55
41
79
17
148
99
92
90
185
66
240
71
98
102
17
120
199
126
88
204
99
157
237
190
65
37
123
72
133
96
223
61
150
211
127
162
239
29
40
56
183
123
75
47
216
90
242
24
115
22
56
32
154
158
210
23
219
89
228
45
209
198
143
90
7
197
75
233
113
132
64
237
111
53
35
74
132
125
220
137
231
6
69
51
15
116
68
5
248
230
220
127
141
227
36
217
45
64
214
195
74
89
8
160
242
174
150
39
79
249
38
96
120
100
139
155
197
42
153
209
223
88
95
11
140
79
61
21
229
252
190
242
212
108
227
98
130
245
84
220
240
59
54
147
242
61
65
2
221
32
167
107
63
179
42
19
43
94
177
18
55
34
163
152
227
15
82
27
51
32
230
157
152
68
218
127
68
36
101
98
68
165
197
91
48
105
199
114
82
62
160
87
181
142
80
95
128
196
202
60
74
183
254
97
191
48
241
135
245
16
109
59
203
119
99
71
124
205
156
212
143
198
41
96
94
78
148
126
115
140
42
120
53
250
25
214
188
79
70
175
222
237
100
75
130
44
138
167
96
158
124
8
11
36
13
22
159
62
222
244
39
152
126
114
160
211
148
168
85
55
4
90
216
209
28
114
107
94
163
69
105
39
176
5
203
250
217
182
94
48
245
244
49
151
113
59
104
106
80
31
104
25
8
119
23
111
100
157
50
237
152
41
215
251
84
11
139
212
30
56
29
115
193
233
5
161
112
102
94
79
169
21
212
1
162
231
152
26
29
241
246
73
224
106
159
152
199
199
164
163
243
116
137
118
170
223
21
29
63
224
62
166
160
48
121
4
248
223
28
149
99
111
19
142
99
127
80
208
248
200
191
244
26
189
35
28
120
25
96
42
130
73
99
109
30
38
100
17
131
167
175
21
55
115
235
188
164
35
153
8
1
113
66
26
91
152
43
13
200
223
45
171
181
196
74
244
225
220
155
90
131
59
171
22
43
203
8
119
202
144
70
234
122
74
60
61
228
57
19
112
1
238
188
112
146
238
158
29
77
187
160
177
227
102
88
4
29
186
94
44
97
96
97
127
195
230
152
210
137
160
164
105
88
78
122
94
224
13
245
161
202
180
158
153
99
135
169
242
39
64
72
71
46
128
84
177
136
73
229
154
160
138
173
197
254
136
124
141
107
5
25
27
232
187
228
139
163
1
144
57
246
169
136
207
174
134
159
165
8
111
215
12
232
228
233
138
59
209
213
37
187
232
102
18
13
144
161
211
193
34
161
212
89
139
19
73
8
160
227
36
42
62
178
212
206
47
86
99
164
128
186
198
56
192
191
80
81
10
157
212
152
207
127
208
74
199
120
202
205
116
211
231
138
77
196
145
162
225
122
87
207
253
227
62
228
221
175
126
54
108
230
175
3
11
213
13
18
21
126
140
110
81
63
75
232
189
74
194
113
88
152
1
85
237
36
112
44
99
66
67
180
183
225
20
218
44
225
109
128
214
163
193
184
176
108
140
74
1
39
233
79
254
50
224
185
213
232
98
131
127
109
124
229
132
145
219
59
30
28
223
23
165
149
15
119
106
93
252
196
113
71
199
41
22
243
149
24
129
57
68
186
133
186
87
146
230
70
146
145
12
63
49
174
80
70
172
182
27
254
130
216
201
97
117
130
239
23
232
209
227
139
94
83
10
140
15
50
153
154
104
128
85
160
240
64
109
173
146
86
249
79
200
69
154
107
145
201
101
195
183
229
81
221
184
198
247
31
234
46
203
126
166
15
52
1
63
41
144
5
182
168
168
83
25
238
52
96
134
235
176
45
150
7
198
224
150
230
54
222
107
149
247
203
125
6
87
103
119
140
187
245
228
201
15
92
35
83
67
23
86
16
73
206
51
97
147
55
47
180
12
4
194
89
230
76
46
114
124
25
7
220
240
167
70
105
182
54
77
92
3
63
183
130
151
202
19
184
72
31
62
34
43
228
230
52
147
53
117
62
206
135
100
27
189
227
99
61
82
46
165
22
60
249
232
174
83
160
118
151
175
233
177
251
53
89
1
183
68
64
222
204
46
26
233
83
29
164
51
158
200
65
162
133
40
101
254
17
53
161
86
216
66
195
253
223
73
156
250
164
206
241
75
53
87
47
191
51
130
104
95
29
63
172
248
202
125
159
132
66
156
245
253
194
200
230
242
184
176
135
74
199
169
125
26
28
51
221
219
134
74
159
192
91
183
126
116
118
26
206
205
188
24
16
113
4
153
66
194
10
14
115
51
94
244
5
167
105
81
247
224
106
194
225
63
14
14
94
5
184
157
251
191
179
164
82
131
132
105
136
14
242
240
60
228
90
150
169
134
154
19
156
211
223
22
192
203
46
157
95
227
129
197
76
250
204
254
58
165
65
83
254
133
144
157
163
200
153
33
38
60
140
203
234
31
152
33
250
184
75
228
165
60
117
218
192
147
77
200
60
35
7
171
134
210
106
206
36
130
235
112
65
6
108
88
141
119
46
53
113
145
47
145
84
114
65
13
146
81
200
66
179
146
209
189
226
55
250
55
76
159
49
3
96
66
32
63
186
37
185
175
185
96
94
92
36
95
231
223
47
65
210
113
254
71
176
200
38
48
183
90
20
61
64
235
65
127
182
236
195
140
121
203
100
11
102
4
94
107
124
30
219
149
94
93
203
73
161
27
135
15
58
128
189
155
194
241
20
121
190
1
81
36
100
202
74
220
243
210
221
63
186
251
3
19
69
134
13
214
178
147
238
205
62
19
68
56
119
122
229
85
226
119
251
66
88
86
97
196
20
142
220
99
167
163
75
31
244
172
19
14
103
73
70
253
237
34
122
221
34
242
59
160
162
127
68
178
169
24
86
239
223
252
26
53
127
71
194
205
18
61
6
225
225
3
188
111
246
194
203
142
88
192
185
103
108
176
66
100
69
87
113
26
143
57
159
13
2
141
189
38
142
116
227
77
244
142
142
118
92
104
47
51
28
244
176
238
70
31
87
140
12
59
82
236
100
86
222
245
134
252
232
244
179
68
167
237
211
111
149
136
43
78
85
193
109
130
18
84
109
144
106
115
106
179
64
108
61
55
236
238
97
60
181
90
207
146
39
46
7
8
163
189
49
212
111
32
100
93
81
201
19
225
33
31
228
36
228
6
145
136
65
235
114
142
70
115
127
167
166
106
161
252
176
211
197
249
195
137
31
32
35
220
253
88
242
71
175
228
150
185
108
244
128
144
198
101
136
81
217
75
77
211
145
6
16
33
45
58
187
203
186
30
70
2
9
245
123
188
110
230
62
232
138
55
175
146
76
205
203
155
107
100
217
52
40
114
182
8
56
95
137
85
219
244
254
86
32
63
46
241
57
35
166
151
19
72
222
200
208
25
125
62
227
108
7
87
2
86
14
39
27
162
29
32
161
70
107
228
73
198
76
165
96
229
161
180
138
92
34
43
83
74
4
169
109
44
135
237
92
219
114
173
171
123
18
175
130
187
229
33
48
173
109
230
218
219
76
250
4
69
152
199
21
55
149
38
247
145
130
254
146
139
29
53
104
227
248
35
253
228
23
235
209
150
125
239
217
159
23
211
87
188
43
241
171
104
17
86
54
212
152
134
219
213
61
124
222
252
71
177
137
173
61
41
82
101
222
93
148
139
37
101
91
145
225
21
99
44
227
52
246
157
233
44
236
179
188
61
54
129
241
70
189
25
32
199
186
173
231
173
131
53
198
241
205
225
107
241
63
36
135
249
166
51
3
23
8
97
180
118
59
83
154
130
169
186
100
72
107
74
103
53
4
234
1
121
167
138
20
229
142
154
39
87
69
18
210
96
129
249
129
105
85
53
173
215
242
141
199
164
13
111
129
59
12
226
132
78
66
52
73
89
246
213
16
88
123
125
62
77
89
190
180
81
236
89
11
77
223
245
145
254
184
191
135
243
59
253
182
183
131
212
202
116
18
85
30
106
42
148
70
3
101
68
202
36
41
10
204
149
38
4
90
153
22
175
235
245
246
21
27
124
238
84
254
206
160
180
173
150
242
33
143
26
127
68
62
98
209
219
35
102
139
138
191
171
130
183
101
134
33
215
41
129
172
201
54
190
5
50
24
10
253
172
190
254
53
101
244
25
32
106
180
232
72
58
201
165
244
64
40
167
17
42
107
62
133
144
90
122
79
20
25
1
37
98
148
46
61
178
253
21
40
112
1
169
106
200
76
117
25
119
141
26
6
113
240
21
163
250
224
157
187
158
114
109
172
173
65
179
128
2
216
177
24
67
165
168
170
178
104
81
63
179
250
84
7
104
206
42
162
220
142
249
178
225
231
48
154
220
42
84
10
106
41
12
17
141
92
184
105
87
46
199
220
191
219
19
239
169
167
111
8
183
250
114
72
115
132
172
140
232
84
44
59
76
58
27
143
84
50
109
8
57
252
228
231
46
82
109
146
148
220
157
246
198
229
54
168
238
160
14
187
225
208
199
105
240
74
162
244
212
219
214
150
173
15
136
119
27
5
251
240
73
19
1
159
17
197
65
127
138
200
30
153
52
205
87
250
143
86
171
43
24
138
213
251
177
200
108
78
174
133
8
125
25
124
219
219
163
50
110
39
54
205
146
59
11
142
253
111
160
226
36
39
237
33
38
120
85
113
113
66
168
232
127
154
118
40
112
45
122
138
52
46
224
120
125
83
62
11
227
20
74
236
154
175
58
117
176
55
65
162
104
211
2
251
52
185
27
18
6
23
179
155
36
14
115
129
171
160
41
146
191
200
245
158
55
201
137
196
244
207
56
139
77
182
116
251
173
108
206
250
140
224
34
196
115
9
72
107
160
61
50
72
206
17
245
179
229
51
99
198
228
188
80
161
172
56
194
56
141
147
53
71
137
94
99
119
205
26
43
50
205
189
34
68
127
198
176
151
158
251
13
93
26
25
87
232
130
84
147
211
55
9
3
204
140
170
165
211
47
108
113
65
37
17
209
170
42
39
76
28
119
40
24
182
175
184
77
224
30
139
37
71
37
109
98
71
227
14
157
100
218
219
190
238
123
156
124
152
224
73
200
159
69
235
45
18
132
242
154
109
133
66
199
121
180
91
138
46
13
40
236
67
121
252
167
242
238
248
13
155
226
208
79
141
203
105
27
220
39
199
100
63
238
236
29
129
20
238
96
205
79
32
203
141
134
108
69
19
32
164
237
25
120
233
199
122
244
49
106
79
41
188
73
155
11
201
182
43
93
198
166
132
10
35
121
226
72
44
118
49
121
148
229
25
213
142
38
6
133
138
77
83
194
132
91
62
188
61
60
92
240
74
7
136
48
248
225
253
61
30
136
171
175
100
50
37
60
101
28
105
81
91
116
53
206
243
222
146
75
92
71
95
13
169
168
140
77
7
10
87
129
17
17
203
40
45
134
6
141
59
118
28
14
18
142
24
71
131
190
215
42
215
14
63
195
25
86
184
194
64
184
159
202
133
23
254
200
2
171
250
231
216
101
107
66
236
153
202
132
249
121
226
168
225
189
103
10
83
80
176
49
76
169
44
99
3
166
217
57
199
152
20
120
91
172
205
140
168
109
50
231
21
194
87
207
60
165
109
27
92
245
171
73
227
185
174
3
152
250
107
95
154
170
183
139
235
17
138
33
45
248
11
206
129
7
127
106
106
179
169
138
50
7
208
24
3
37
30
134
25
2
106
2
169
233
91
254
16
161
251
87
17
192
212
50
223
209
27
213
212
25
12
250
56
176
54
16
57
78
39
95
2
250
157
187
143
219
21
34
23
210
188
37
230
23
61
173
163
44
251
132
226
225
230
86
68
178
47
159
172
153
202
227
103
218
139
189
13
28
57
221
176
245
91
79
231
152
63
5
57
86
105
101
198
225
83
125
241
175
170
19
64
126
181
62
161
61
200
100
167
211
102
72
218
139
71
222
37
213
79
93
219
100
16
55
239
50
219
26
14
33
115
251
184
113
60
178
68
172
110
102
160
17
221
105
166
62
189
204
169
171
112
122
220
243
186
97
250
90
6
117
43
233
25
93
213
60
222
108
240
59
82
225
210
185
5
51
7
148
193
58
29
59
104
234
232
155
177
204
72
127
25
16
35
213
84
235
148
131
28
171
114
87
146
211
140
188
229
213
22
143
225
65
98
2
114
45
217
106
130
158
60
33
67
10
5
44
83
37
184
48
63
193
108
202
199
26
147
33
1
1
86
252
193
82
58
131
33
14
178
113
228
69
111
47
150
50
163
244
231
244
211
46
199
132
152
101
178
179
166
16
77
238
93
150
