0
25
43
65
86
106
126
147
165
178
191
213
238
256
275
298
314
336
358
373
390
409
430
448
471
497
512
533
557
589
605
627
645
666
689
705
726
742
764
781
793
812
832
850
871
888
906
929
949
971
988
1009
1022
1032
1049
1063
1074
1095
1122
1141
1158
1176
1192
1214
1239
1256
1282
1304
1325
1348
1367
1390
1412
1431
1442
1468
1488
1510
1532
1557
1577
1595
1613
1634
1658
1684
1707
1728
1751
1774
1802
1821
1844
1861
1879
1898
1918
1942
1965
1983
2000
2022
2044
2071
2086
2107
2133
2141
2155
2168
2196
2212
2233
2253
2276
2297
2318
2340
2359
2381
2407
2431
2455
2479
2499
2520
2540
2557
2570
2602
2623
2640
2662
2685
2697
2713
2728
2746
2772
2796
2821
2833
2846
2880
2899
2914
2935
2948
2962
2990
3013
3031
3053
3068
3080
3103
3124
3145
3163
3179
3194
3210
3236
3254
3275
3293
3313
3332
3345
3358
3374
3402
3430
3443
3468
3484
3499
3516
3532
3544
3567
3589
3613
3640
3666
3682
3700
3722
3746
3770
3792
3818
3833
3851
3868
3884
3907
3932
3955
3972
3994
