0
23
43
58
80
90
119
140
160
176
190
215
234
260
280
296
310
335
357
385
410
436
461
475
494
518
537
560
577
599
620
643
664
685
707
728
755
774
788
808
831
854
874
891
910
936
950
968
990
1015
1028
1051
1068
1082
1105
1132
1145
1162
1175
1193
1207
1234
1250
1281
1305
1328
1345
1356
1376
1388
1405
1428
1440
1460
1480
1497
1521
1535
1557
1577
1592
1620
1650
1671
1692
1712
1741
1759
1776
1797
1817
1834
1854
1873
1895
1911
1933
1947
1964
1987
2010
2033
2057
2075
2095
2114
2136
2153
2172
2190
2206
2222
2241
2254
2277
2291
2318
2339
2365
2384
2400
2419
2439
2458
2478
2499
2523
2547
2564
2584
2610
2629
2649
2667
2691
2714
2735
2756
2776
2792
2811
2828
2850
2867
2888
2917
2936
2954
2975
2996
3007
3029
3047
3066
3082
3109
3135
3158
3172
3188
3202
3214
3238
3260
3280
3314
3333
3355
3380
3402
3416
3434
3466
3486
3502
3528
3545
3566
3592
3621
3643
3669
3684
3700
3718
3737
3749
3765
3779
3799
3820
3837
3855
3880
3900
3917
3932
3954
3977
3997
4017
