0
1519
3013
4468
5967
7477
8992
10463
11951
13424
14957
16454
17909
19429
20957
22482
23992
25494
27008
28539
30070
31539
33031
34534
36006
37533
39023
40563
42113
43622
45094
46554
48060
49573
51113
52635
54119
55632
57169
58688
60190
61668
63172
64668
66141
67648
69154
70621
72114
73605
75072
76577
78061
79561
81089
82565
84055
85556
87063
88566
90013
91514
93037
94534
96022
97514
98995
100445
101958
103473
104973
106481
108031
109489
110940
112465
113966
115516
117001
118537
120054
121545
123028
124479
125941
127416
128900
130430
131917
133392
134862
136351
137838
139364
140893
142423
143945
145478
147014
148549
150064
151563
153062
154565
156089
157608
159117
160644
162169
163716
165200
166643
168109
169619
171118
172607
174107
175613
177077
178554
180064
181576
183084
184563
186055
187558
189058
190555
192013
193515
194990
196544
198070
199566
201099
202598
204114
205578
207100
208583
210136
211676
213189
214651
216159
217673
219193
220677
222152
223605
225054
226577
228072
229597
231070
232579
234073
235609
237096
238587
240048
241554
243061
244520
246018
247533
249072
250592
252053
253607
255080
256618
258192
259708
261165
262665
264132
265600
267061
268544
270065
271564
273032
274510
276065
277569
279046
280533
282033
283585
285108
286624
288118
289643
291140
292625
294148
295671
297159
298692
300182
301668
303165
304676
306207
307690
309134
310651
312167
313697
315177
316667
318179
319718
321223
322747
324216
325715
327226
328670
330168
331699
333198
334716
336238
337692
339148
340651
342117
343607
345163
346678
348175
349691
351162
352650
354173
355660
357153
358669
360186
361706
363181
364683
366148
367652
369140
370642
372124
373678
375165
376727
378209
379725
381205
382699
384242
385725
387243
388802
390314
391808
393319
394796
396316
397859
399366
400826
402325
403814
405351
406784
408270
409754
411306
412832
414319
415756
417263
418757
420256
421784
423277
424773
426291
427838
429281
430735
432216
433736
435251
436698
438183
439696
441162
442696
444206
445673
447176
448714
450222
451709
453234
454758
456252
457763
459210
460760
462262
463741
465209
466722
468226
469689
471183
472673
474208
475715
477236
478708
480184
481678
483156
484623
486145
487692
489158
490660
492143
493643
495134
496638
498144
499647
501146
502712
504241
505794
507294
508846
510374
511878
513389
514884
516354
517816
519349
520875
522356
523911
525446
526971
528472
529948
531471
533002
534507
535996
537484
539009
540495
542031
543560
545053
546541
548001
549509
551000
552507
553987
555544
557058
558527
560010
561481
562924
564405
565889
567373
568852
570350
571868
573360
574906
576409
577901
579370
580907
582443
583980
585515
587004
588473
589975
591481
592958
594483
595995
597507
599000
600461
601969
603469
604941
606483
608029
609525
610971
612468
613900
615394
616899
618384
619956
621459
622936
624381
625914
627422
628929
630415
631903
633419
634965
636449
637933
639416
640946
642390
643905
645419
646962
648418
649902
651348
652810
654328
655800
657288
658736
660196
661721
663212
664710
666243
667739
669260
670821
672272
673749
675271
676758
678291
679772
681257
682750
684236
685667
687201
688653
690159
691671
693120
694557
696012
697506
699035
700488
701990
703483
705024
706480
707987
709422
710950
712470
713974
715500
716989
718490
720019
721527
723006
724490
725978
727479
728964
730452
731924
733426
734885
736355
737792
739322
740804
742319
743786
745302
746834
748315
749807
751338
752788
754240
755709
757221
758714
760226
761728
763310
764818
766300
767778
769269
770768
772331
773798
775313
776809
778305
779855
781321
782832
784319
785800
787352
788865
790351
791882
793413
794929
796487
797992
799478
800992
802439
803965
805495
807029
808559
810055
811573
813091
814573
816055
817579
819063
820526
822080
823567
825044
826552
828069
829586
831103
832578
834103
835607
837089
838605
840141
841569
843087
844558
846028
847520
849005
850483
851976
853452
854938
856451
857917
859392
860838
862331
863855
865355
866907
868408
869884
871391
872867
874356
875861
877378
878914
880377
881914
883424
884947
886453
887921
889373
890840
892339
893817
895326
896805
898299
899831
901355
902880
904392
905989
907533
909010
910510
912058
913581
915098
916603
918095
919603
921056
922540
924079
925595
927076
928573
930075
931576
933079
934588
936072
937536
939025
940561
942109
943614
945118
946592
948078
949561
951077
952543
954028
955510
957021
958554
960033
961570
963088
964576
966036
967508
969009
970473
971927
973383
974864
976343
977852
979337
980862
982385
983927
985387
986869
988343
989788
991321
992825
994337
995837
997349
998860
1000394
1001928
1003430
1004969
1006488
1008020
1009513
1011011
1012547
1013999
1015496
1017013
1018465
1019977
1021470
1022956
1024469
1025975
1027507
1029016
1030483
1031992
1033484
1034978
1036503
1038002
1039477
1041011
1042511
1044034
1045502
1046980
1048451
1049950
1051417
1052850
1054352
1055858
1057398
1058931
1060469
1061947
1063428
1064937
1066469
1067994
1069482
1071005
1072487
1073974
1075504
1077002
1078450
1079993
1081496
1083048
1084582
1086101
1087623
1089123
1090624
1092102
1093581
1095072
1096581
1098115
1099621
1101174
1102682
1104135
1105603
1107078
1108584
1110040
1111535
1113025
1114536
1116056
1117507
1118956
1120405
1121902
1123412
1124891
1126401
1127877
1129411
1130923
1132363
1133850
1135399
1136904
1138422
1139925
1141425
1142914
1144454
1145955
1147436
1148981
1150421
1151917
1153432
1154893
1156360
1157912
1159422
1160954
1162422
1163949
1165427
1166943
1168493
1169985
1171476
1172995
1174491
1175993
1177485
1178986
1180441
1181951
1183451
1185004
1186485
1188017
1189529
1191020
1192564
1194028
1195544
1197056
1198517
1200038
1201552
1203029
1204491
1205958
1207465
1208984
1210519
1212011
1213528
1215009
1216531
1218014
1219502
1220943
1222471
1223959
1225467
1226989
1228502
1229974
1231461
1232999
1234486
1235967
1237451
1238969
1240505
1241997
1243490
1245027
1246555
1248022
1249549
1251054
1252572
1254046
1255528
1257023
1258530
1260048
1261542
1262996
1264490
1266022
1267512
1269051
1270603
1272119
1273629
1275099
1276624
1278126
1279645
1281149
1282665
1284165
1285651
1287138
1288656
1290116
1291616
1293120
1294577
1296119
1297609
1299102
1300643
1302177
1303638
1305194
1306622
1308106
1309625
1311127
1312637
1314129
1315601
1317103
1318613
1320084
1321591
1323099
1324581
1326044
1327577
1329078
1330542
1332079
1333621
1335100
1336663
1338155
1339616
1341069
1342596
1344050
1345536
1347093
1348673
1350174
1351693
1353212
1354717
1356228
1357739
1359260
1360751
1362310
1363810
1365264
1366792
1368288
1369737
1371243
1372732
1374245
1375761
1377202
1378712
1380200
1381703
1383192
1384712
1386271
1387742
1389231
1390751
1392221
1393635
1395136
1396631
1398181
1399694
1401179
1402689
1404164
1405619
1407081
1408558
1410100
1411629
1413156
1414641
1416125
1417592
1419061
1420529
1421995
1423479
1424990
1426493
1428003
1429481
1431004
1432569
1434068
1435558
1437087
1438562
1440073
1441595
1443067
1444601
1446136
1447649
1449125
1450626
1452091
1453571
1455107
1456618
1458147
1459683
1461207
1462758
1464257
1465752
1467273
1468797
1470319
1471821
1473269
1474768
1476244
1477771
1479251
1480721
1482191
1483659
1485123
1486639
1488137
1489671
1491169
1492692
1494196
1495703
1497219
1498706
1500253
1501730
1503189
1504661
1506170
1507662
1509189
1510663
1512169
1513713
1515226
1516727
1518229
1519697
1521159
1522672
1524145
1525694
1527148
1528645
1530138
1531625
1533131
1534640
1536129
1537697
1539193
1540665
1542180
1543705
1545214
1546743
1548252
1549702
1551200
1552678
1554158
1555621
1557093
1558607
1560085
1561615
1563079
1564549
1566047
1567529
1569002
1570471
1571921
1573413
1574936
1576431
1577979
1579515
1581020
1582516
1583972
1585403
1586896
1588378
1589873
1591363
1592851
1594339
1595832
1597311
1598783
1600282
1601808
1603315
1604829
1606338
1607796
1609298
1610774
1612259
1613783
1615256
1616761
1618275
1619779
1621280
1622798
1624308
1625823
1627313
1628769
1630288
1631814
1633325
1634855
1636343
1637828
1639335
1640821
1642276
1643770
1645251
1646736
1648198
1649676
1651172
1652711
1654258
1655762
1657292
1658835
1660327
1661818
1663329
1664811
1666348
1667857
1669327
1670864
1672341
1673865
1675366
1676880
1678386
1679882
1681401
1682904
1684391
1685876
1687394
1688898
1690393
1691969
1693497
1695008
1696531
1697984
1699496
1700968
1702428
1703887
1705361
1706879
1708380
1709867
1711403
1712924
1714385
1715914
1717416
1718916
1720426
1721938
1723456
1724933
1726462
1727849
1729354
1730864
1732365
1733868
1735419
1736950
1738397
1739912
1741403
1742892
1744435
1745958
1747443
1748928
1750390
1751928
1753380
1754875
1756366
1757881
1759351
1760836
1762338
1763827
1765336
1766844
1768354
1769861
1771396
1772944
1774453
1775942
1777440
1778923
1780445
1781981
1783463
1784937
1786417
1787940
1789470
1790996
1792452
1793981
1795502
1796968
1798494
1799955
1801429
1802882
1804396
1805869
1807368
1808846
1810358
1811839
1813399
1814877
1816409
1817950
1819446
1820988
1822455
1823940
1825451
1826966
1828433
1829937
1831450
1832963
1834440
1835890
1837416
1838923
1840436
1842006
1843524
1844997
1846421
1847910
1849455
1850929
1852430
1853960
1855470
1856966
1858462
1860028
1861602
1863117
1864629
1866165
1867639
1869184
1870613
1872144
1873618
1875160
1876629
1878111
1879623
1881132
1882613
1884138
1885643
1887141
1888672
1890192
1891692
1893213
1894715
1896223
1897708
1899265
1900768
1902251
1903693
1905186
1906693
1908192
1909724
1911230
1912729
1914240
1915716
1917186
1918738
1920254
1921731
1923254
1924719
1926185
1927645
1929137
1930622
1932144
1933607
1935058
1936552
1938050
1939534
1941042
1942564
1944037
1945561
1947014
1948460
1949905
1951398
1952886
1954439
1955965
1957447
1958951
1960398
1961883
1963393
1964861
1966383
1967839
1969331
1970862
1972322
1973838
1975348
1976841
1978419
1979927
1981389
1982878
1984357
1985857
1987395
1988910
1990406
1991906
1993431
1994955
1996425
1997960
1999442
2000922
2002426
2003981
2005459
2006904
2008395
2009886
2011393
2012842
2014346
2015843
2017375
2018860
2020367
2021866
2023352
2024859
2026460
2027976
2029473
2030952
2032460
2033937
2035431
2036946
2038453
2039897
2041437
2042968
2044473
2045971
2047468
2048971
2050447
2051879
2053352
2054816
2056366
2057864
2059346
2060841
2062361
2063804
2065299
2066834
2068352
2069860
2071318
2072859
2074440
2076003
2077506
2079010
2080524
2081988
2083466
2084963
2086449
2087964
2089446
2090930
2092422
2093957
2095508
2096996
2098492
2099987
2101504
2103040
2104526
2106013
2107457
2108986
2110448
2112015
2113452
2114961
2116426
2117944
2119438
2120953
2122488
2124012
2125523
2127004
2128522
2130017
2131493
2132965
2134466
2135984
2137523
2139013
2140481
2141981
2143456
2144959
2146480
2147980
2149467
2150950
2152436
2153969
2155473
2156940
2158475
2159986
2161503
2162975
2164447
2165964
2167545
2169066
2170578
2172088
2173533
2174995
2176452
2177983
2179506
2181021
2182530
2184054
2185590
2187114
2188611
2190116
2191616
2193096
2194618
2196075
2197602
2199093
2200549
2202065
2203519
2205032
2206543
2208079
2209573
2211063
2212563
2214077
2215548
2217040
2218551
2220051
2221584
2223056
2224552
2226062
2227571
2229085
2230602
2232099
2233606
2235030
2236521
2237983
2239448
2240942
2242412
2243957
2245487
2247011
2248532
2250047
2251547
2252977
2254501
2256016
2257463
2258957
2260416
2261962
2263432
2264922
2266438
2267972
2269496
2270995
2272456
2274000
2275471
2276952
2278471
2279939
2281432
2282912
2284422
2285879
2287415
2288921
2290477
2291974
2293525
2295056
2296517
2298011
2299529
2301017
2302508
2304015
2305492
2306999
2308504
2310052
2311522
2313039
2314547
2316057
2317507
2319071
2320578
2322104
2323577
2325128
2326602
2328133
2329633
2331126
2332663
2334136
2335639
2337137
2338630
2340129
2341629
2343037
2344549
2346054
2347560
2349036
2350567
2352020
2353518
2354993
2356495
2357995
2359453
2361009
2362523
2364028
2365556
2367065
2368550
2370043
2371534
2373059
2374541
2376035
2377551
2379077
2380593
2382124
2383617
2385102
2386593
2388105
2389637
2391141
2392662
2394211
2395765
2397302
2398801
2400288
2401795
2403316
2404772
2406280
2407798
2409303
2410830
2412314
2413830
2415345
2416852
2418346
2419831
2421300
2422733
2424180
2425668
2427157
2428589
2430075
2431563
2433088
2434569
2436069
2437553
2439054
2440529
2441988
2443520
2445060
2446561
2448061
2449555
2451006
2452484
2454026
2455465
2456950
2458454
2459949
2461484
2463030
2464515
2465998
2467462
2468969
2470440
2471926
2473464
2474993
2476490
2477999
2479477
2480955
2482435
2483898
2485420
2486963
2488442
2489951
2491440
2492938
2494428
2495889
2497413
2498934
2500445
2501975
2503497
2504990
2506457
2507937
2509438
2510929
2512471
2513915
2515455
2516971
2518468
2519964
2521494
2522946
2524412
2525921
2527402
2528947
2530433
2531900
2533368
2534887
2536358
2537902
2539391
2540935
2542487
2543998
2545557
2547086
2548611
2550108
2551583
2553041
2554481
2555962
2557505
2559012
2560542
2562042
2563467
2564981
2566508
2567980
2569477
2571001
2572518
2574013
2575522
2577025
2578532
2580033
2581532
2583027
2584506
2586016
2587506
2589004
2590504
2591980
2593509
2595001
2596516
2597977
2599469
2600988
2602523
2604051
2605544
2607097
2608558
2610060
2611591
2613060
2614493
2615996
2617492
2618986
2620495
2621966
2623492
2624961
2626457
2627953
2629466
2630926
2632436
2633933
2635405
2636913
2638415
2639911
2641473
2643011
2644521
2646008
2647461
2648952
2650448
2651969
2653504
2654975
2656421
2657876
2659372
2660854
2662329
2663841
2665370
2666872
2668330
2669820
2671306
2672824
2674284
2675842
2677374
2678868
2680371
2681846
2683404
2684933
2686475
2687986
2689524
2691012
2692564
2694035
2695542
2697036
2698589
2700078
2701579
2703116
2704625
2706094
2707623
2709138
2710643
2712169
2713670
2715155
2716689
2718187
2719685
2721201
2722703
2724191
2725685
2727198
2728697
2730210
2731700
2733196
2734721
2736241
2737733
2739198
2740677
2742188
2743641
2745178
2746652
2748153
2749665
2751124
2752605
2754150
2755680
2757171
2758671
2760190
2761666
2763185
2764726
2766265
2767744
2769250
2770798
2772331
2773853
2775392
2776899
2778402
2779954
2781470
2782971
2784488
2785968
2787460
2788986
2790531
2792041
2793537
2795012
2796501
2798025
2799495
2800958
2802445
2803918
2805385
2806872
2808323
2809844
2811325
2812823
2814327
2815830
2817293
2818795
2820236
2821739
2823266
2824714
2826286
2827805
2829296
2830812
2832342
2833816
2835311
2836817
2838288
2839797
2841302
2842771
2844275
2845796
2847296
2848823
2850300
2851827
2853278
2854799
2856330
2857837
2859292
2860755
2862208
2863685
2865166
2866671
2868198
2869667
2871141
2872654
2874171
2875685
2877138
2878625
2880185
2881696
2883238
2884764
2886264
2887774
2889258
2890713
2892167
2893667
2895170
2896711
2898192
2899697
2901209
2902710
2904288
2905784
2907285
2908783
2910355
2911841
2913329
2914830
2916332
2917809
2919287
2920797
2922274
2923779
2925258
2926756
2928274
2929777
2931270
2932799
2934308
2935814
2937317
2938842
2940317
2941850
2943385
2944884
2946415
2947936
2949476
2950954
2952391
2953882
2955366
2956870
2958326
2959807
2961299
2962770
2964260
2965744
2967301
2968816
2970296
2971792
2973249
2974764
2976267
2977751
2979233
2980724
2982294
2983790
2985272
2986752
2988203
2989709
2991158
2992689
2994195
2995730
2997227
2998739
3000271
3001773
3003209
3004717
3006227
3007725
3009221
3010727
3012272
3013795
3015260
3016748
3018278
3019778
3021271
3022768
3024288
3025771
3027294
3028792
3030251
3031728
3033235
3034693
3036269
3037751
3039269
3040724
3042248
3043743
3045253
3046788
3048270
3049748
3051265
3052778
3054223
3055751
3057294
3058799
3060312
3061809
3063288
3064775
3066289
3067802
3069263
3070788
3072284
3073789
3075306
3076806
3078277
3079800
3081320
3082826
3084347
3085870
3087368
3088852
3090383
3091853
3093403
3094928
3096457
3097901
3099439
3100934
3102418
3103911
3105468
3106926
3108386
3109896
3111403
3112938
3114474
3115981
3117504
3119032
3120545
3122038
3123500
3125066
3126593
3128088
3129619
3131124
3132620
3134099
3135609
3137159
3138652
3140152
3141651
3143150
3144663
3146208
3147737
3149236
3150741
3152231
3153686
3155163
3156642
3158140
3159639
3161140
3162629
3164130
3165647
3167183
3168710
3170231
3171697
3173182
3174616
3176115
3177585
3179088
3180613
3182134
3183610
3185121
3186631
3188169
3189658
3191157
3192630
3194103
3195597
3197091
3198617
3200100
3201643
3203143
3204624
3206157
3207652
3209149
3210643
3212187
3213687
3215167
3216716
3218190
3219662
3221156
3222670
3224226
3225726
3227226
3228772
3230254
3231802
3233325
3234828
3236262
3237746
3239254
3240793
3242271
3243772
3245281
3246786
3248281
3249790
3251286
3252813
3254256
3255789
3257275
3258802
3260317
3261828
3263363
3264873
3266366
3267872
3269350
3270822
3272345
3273858
3275293
3276752
3278246
3279726
3281213
3282708
3284196
3285712
3287196
3288754
3290300
3291782
3293303
3294778
3296242
3297756
3299238
3300720
3302203
3303693
3305176
3306691
3308139
3309625
3311112
3312585
3314089
3315613
3317121
3318615
3320147
3321647
3323139
3324659
3326207
3327747
3329206
3330727
3332223
3333696
3335253
3336737
3338195
3339681
3341164
3342662
3344150
3345639
3347146
3348634
3350131
3351654
3353136
3354627
3356140
3357641
3359158
3360656
3362139
3363603
3365141
3366608
3368144
3369644
3371197
3372669
3374176
3375716
3377160
3378612
3380048
3381521
3383032
3384521
3385977
3387455
3388954
3390419
3391955
3393452
3394959
3396451
3397906
3399389
3400880
3402376
3403945
3405435
3406951
3408438
3409933
3411419
3412911
3414423
3415932
3417389
3418832
3420331
3421806
3423321
3424829
3426392
3427861
3429415
3430914
3432381
3433911
3435413
3436977
3438478
3439998
3441517
3442994
3444511
3446019
3447534
3449039
3450494
3452001
3453509
3455021
3456581
3458047
3459578
3461052
3462509
3464052
3465536
3467048
3468507
3470010
3471524
3473050
3474570
3476111
3477612
3479068
3480595
3482095
3483647
3485155
3486639
3488118
3489597
3491069
3492574
3494044
3495534
3497028
3498548
3500074
3501484
3502964
3504444
3505877
3507379
3508905
3510330
3511820
3513293
3514799
3516266
3517714
3519225
3520744
3522174
3523692
3525162
3526689
3528227
3529667
3531137
3532644
3534139
3535657
3537175
3538668
3540174
3541727
3543244
3544770
3546246
3547647
3549186
3550713
3552183
3553642
3555147
3556691
3558180
3559686
3561215
3562707
3564239
3565714
3567209
3568743
3570208
3571717
3573188
3574637
3576126
3577594
3579061
3580566
3582037
3583516
3585013
3586537
3588059
3589538
3591050
3592537
3594061
3595516
3597053
3598594
3600072
3601628
3603178
3604665
3606119
3607605
3609120
3610674
3612176
3613701
3615260
3616792
3618263
3619804
3621290
3622807
3624320
3625836
3627344
3628836
3630322
3631880
3633362
3634871
3636370
3637859
3639385
3640866
3642378
3643900
3645340
3646827
3648345
3649797
3651315
3652799
3654350
3655798
3657254
3658788
3660280
3661792
3663311
3664826
3666300
3667781
3669275
3670755
3672239
3673777
3675272
3676799
3678304
3679811
3681288
3682762
3684297
3685848
3687373
3688865
3690387
3691865
3693365
3694923
3696462
3697928
3699402
3700923
3702369
3703932
3705418
3706939
3708433
3709962
3711468
3712976
3714482
3715976
3717541
3719034
3720585
3722122
3723653
3725144
3726664
3728187
3729653
3731149
3732653
3734151
3735693
3737186
3738678
3740222
3741671
3743160
3744629
3746079
3747494
3748971
3750486
3751931
3753377
3754893
3756433
3757896
3759412
3760906
3762453
3763955
3765495
3767001
3768494
3769996
3771488
3772985
3774549
3776000
3777493
3779000
3780479
3782011
3783500
3784962
3786472
3787993
3789539
3791061
3792555
3794112
3795606
3797111
3798549
3800022
3801536
3802972
3804457
3805996
3807522
3809012
3810540
3811973
3813507
3815006
3816510
3817984
3819456
3820915
3822421
3823931
3825465
3826966
3828505
3830003
3831502
3833057
3834568
3836156
3837669
3839116
3840625
3842142
3843609
3845101
3846585
3848074
3849574
3851068
3852583
3854117
3855643
3857112
3858629
3860135
3861657
3863182
3864683
3866232
3867757
3869254
3870762
3872252
3873765
3875224
3876735
3878225
3879756
3881235
3882726
3884174
3885641
3887170
3888658
3890214
3891688
3893139
3894655
3896170
3897679
3899169
3900648
3902134
3903601
3905124
3906648
3908172
3909675
3911147
3912693
3914189
3915684
3917204
3918718
3920227
3921708
3923163
3924660
3926146
3927657
3929114
3930568
3932039
3933532
3935039
3936543
3938033
3939519
3941020
3942548
3944068
3945541
3947040
3948512
3950034
3951541
3953044
3954568
3956066
3957612
3959132
3960659
3962114
3963584
3965090
3966560
3968009
3969499
3970961
3972415
3973913
3975422
3976956
3978431
3979941
3981473
3982996
3984503
3985986
3987507
3989026
3990484
3992028
3993511
3995003
3996464
3997981
3999468
4000961
4002470
4003949
4005476
4006981
4008470
4009927
4011373
4012884
4014411
4015906
4017380
4018859
4020366
4021853
4023348
4024823
4026328
4027833
4029314
4030789
4032269
4033780
4035323
4036789
4038288
4039769
4041251
4042737
4044190
4045710
4047184
4048742
4050229
4051743
4053230
4054721
4056301
4057799
4059277
4060770
4062299
4063824
4065337
4066848
4068316
4069822
4071324
4072855
4074336
4075810
4077334
4078850
4080344
4081890
4083411
4084906
4086428
4087959
4089447
4090924
4092470
4094004
4095526
4097086
4098629
4100117
4101571
4103118
4104657
4106111
4107574
4109060
4110562
4112074
4113610
4115114
4116641
4118164
4119689
4121199
4122704
4124178
4125688
4127172
4128664
4130149
4131652
4133112
4134618
4136141
4137639
4139214
4140657
4142131
4143634
4145158
4146684
4148139
4149667
4151136
4152638
4154160
4155604
4157166
4158667
4160168
4161690
4163203
4164646
4166184
4167687
4169189
4170714
4172233
4173706
4175232
4176678
4178148
4179701
4181221
4182697
4184179
4185657
4187186
4188657
4190126
4191629
4193102
4194590
4196043
4197543
4199044
4200571
4202070
4203579
4205114
4206650
4208137
4209633
4211152
4212645
4214118
4215596
4217105
4218584
4220079
4221530
4222988
4224516
4225979
4227429
4228919
4230430
4231916
4233435
4234966
4236435
4237987
4239467
4241018
4242489
4244002
4245462
4246985
4248514
4250033
4251561
4253102
4254629
4256143
4257690
4259164
4260639
4262111
4263564
4265102
4266607
4268145
4269647
4271119
4272689
4274170
4275650
4277104
4278662
4280192
4281672
4283155
4284691
4286203
4287681
4289141
4290646
4292146
4293647
4295158
4296629
4298114
4299600
4301069
4302614
4304100
4305572
4307080
4308575
4310089
4311516
4313034
4314598
4316068
4317607
4319086
4320601
4322099
4323631
4325089
4326529
4328082
4329606
4331092
4332625
4334136
4335638
4337126
4338625
4340115
4341561
4343138
4344650
4346118
4347659
4349153
4350676
4352176
4353702
4355159
4356675
4358137
4359617
4361165
4362704
4364211
4365734
4367234
4368740
4370214
4371684
4373205
4374657
4376138
4377692
4379229
4380754
4382252
4383750
4385228
4386771
4388231
4389730
4391253
4392749
4394255
4395802
4397304
4398839
4400338
4401835
4403351
4404836
4406379
4407832
4409329
4410870
4412381
4413887
4415397
4416880
4418348
4419850
4421342
4422798
4424311
4425877
4427325
4428815
4430286
4431748
4433270
4434783
4436226
4437767
4439291
4440809
4442317
4443824
4445312
4446810
4448306
4449842
4451355
4452875
4454388
4455871
4457357
4458809
4460293
4461795
4463328
4464847
4466363
4467865
4469277
4470787
4472243
4473716
4475305
4476819
4478350
4479869
4481369
4482878
4484409
4485921
4487415
4488882
4490406
4491909
4493446
4494905
4496379
4497898
4499417
4500919
