0
1486
2965
4448
5895
7432
8891
10384
11881
13378
14880
16408
17964
19475
20982
22455
23935
25448
26971
28525
30049
31514
33028
34560
36037
37551
39047
40514
42091
43558
45048
46561
48044
49527
51012
52524
53987
55446
56959
58453
59941
61422
62940
64420
65961
67434
68914
70425
71928
73424
74913
76415
77902
79414
80914
82380
83880
85405
86911
88435
89891
91401
92939
94402
95918
97428
98886
100377
101858
103349
104804
106295
107826
109301
110826
112310
113791
115333
116843
118356
119874
121389
122893
124368
125879
127379
128857
130401
131882
133351
134870
136348
137822
139324
140804
142299
143789
145291
146806
148329
149774
151262
152760
154253
155756
157241
158754
160226
161709
163216
164772
166267
167761
169228
170772
172251
173751
175233
176723
178252
179752
181273
182760
184243
185710
187223
188775
190235
191769
193249
194716
196214
197721
199220
200729
202234
203694
205203
206716
208217
209718
211259
212766
214273
215789
217302
218780
220281
221745
223293
224761
226286
227812
229323
230859
232326
233827
235275
236794
238266
239773
241231
242680
244184
245678
247159
248680
250148
251631
253102
254589
256125
257613
259127
260659
262171
263701
265192
266695
268210
269736
271286
272778
274259
275759
277284
278824
280267
281740
283248
284738
286223
287736
289261
290766
292297
293800
295328
296788
298244
299749
301256
302752
304272
305765
307278
308772
310241
311706
313200
314671
316155
317656
319142
320663
322121
323598
325120
326615
328140
329619
331126
332673
334156
335649
337160
338663
340162
341639
343184
344670
346180
347680
349193
350658
352128
353612
355091
356577
358133
359659
361126
362640
364180
365759
367246
368751
370275
371734
373205
374700
376114
377629
379163
380602
382125
383594
385072
386593
388105
389607
391107
392617
394066
395590
397069
398546
400033
401545
403049
404546
406018
407486
409016
410517
412030
413492
415016
416481
417958
419493
421017
422516
423976
425465
426953
428448
429950
431439
432902
434399
435910
437449
438942
440418
441923
443449
444930
446394
447910
449405
450858
452389
453901
455362
456890
458401
459894
461407
462921
464433
465952
467467
468995
470541
472026
473516
475042
476578
478083
479567
481025
482489
483999
485506
486967
488475
489937
491464
492925
494433
495916
497406
498937
500416
501948
503423
504956
506514
508017
509520
511030
512524
514017
515542
517066
518556
520015
521478
522976
524444
525993
527553
529036
530551
532021
533515
534989
536485
538007
539560
541085
542593
544066
545602
547059
548601
550067
551563
553037
554594
556115
557592
559073
560552
562058
563551
565046
566500
567988
569452
570921
572425
573914
575406
576907
578389
579918
581415
582965
584481
585972
587467
588981
590464
591939
593449
594950
596463
597968
599467
600980
602465
603961
605473
607024
608449
609928
611431
612945
614450
615944
617423
618891
620347
621870
623358
624825
626299
627737
629281
630761
632268
633800
635286
636759
638330
639843
641341
642895
644399
645878
647431
648932
650426
651922
653473
655008
656475
658008
659511
661105
662611
664139
665633
667131
668636
670191
671664
673176
674708
676208
677719
679229
680769
682215
683693
685197
686650
688177
689690
691193
692699
694228
695733
697178
698679
700207
701716
703214
704685
706170
707605
709088
710563
712085
713551
715011
716504
718000
719504
721035
722547
724027
725580
727061
728568
730071
731547
733042
734504
736012
737524
739060
740558
742103
743647
745138
746609
748109
749621
751094
752526
754011
755510
757033
758594
760046
761545
763014
764508
766018
767479
768989
770541
772059
773574
775083
776542
778069
779576
781119
782668
784202
785727
787220
788729
790248
791743
793230
794765
796246
797694
799168
800699
802237
803731
805230
806716
808200
809709
811231
812763
814249
815729
817195
818701
820211
821699
823231
824744
826260
827756
829268
830780
832295
833812
835347
836844
838360
839857
841355
842830
844374
845842
847355
848827
850332
851854
853362
854888
856385
857889
859340
860873
862360
863848
865327
866800
868299
869793
871310
872841
874299
875826
877361
878877
880350
881870
883306
884788
886293
887789
889344
890811
892328
893824
895290
896823
898336
899872
901378
902899
904384
905921
907409
908925
910411
911865
913367
914908
916427
917909
919458
920951
922451
923967
925482
927052
928537
930057
931569
933096
934604
936089
937618
939160
940714
942192
943669
945212
946735
948236
949707
951216
952739
954261
955766
957327
958785
960292
961801
963304
964810
966339
967840
969326
970843
972322
973826
975336
976824
978337
979872
981396
982882
984380
985866
987366
988906
990417
991927
993430
994868
996379
997873
999366
1000821
1002326
1003806
1005283
1006830
1008349
1009847
1011357
1012856
1014390
1015894
1017333
1018784
1020326
1021866
1023380
1024876
1026377
1027858
1029334
1030877
1032399
1033868
1035335
1036886
1038361
1039846
1041359
1042818
1044349
1045862
1047330
1048846
1050399
1051877
1053335
1054853
1056345
1057850
1059361
1060834
1062280
1063783
1065259
1066780
1068336
1069803
1071351
1072850
1074303
1075815
1077276
1078773
1080243
1081700
1083245
1084728
1086229
1087717
1089171
1090673
1092138
1093595
1095098
1096596
1098044
1099546
1101007
1102514
1104015
1105486
1106965
1108457
1109914
1111400
1112866
1114407
1115918
1117423
1118892
1120390
1121952
1123465
1124940
1126435
1127932
1129397
1130947
1132445
1133966
1135483
1136995
1138494
1140036
1141573
1143106
1144622
1146145
1147650
1149140
1150616
1152126
1153632
1155102
1156606
1158098
1159634
1161147
1162603
1164093
1165576
1167099
1168603
1170122
1171609
1173122
1174610
1176119
1177649
1179137
1180647
1182144
1183589
1185111
1186566
1188072
1189570
1191083
1192573
1194106
1195651
1197172
1198658
1200178
1201653
1203116
1204623
1206133
1207639
1209161
1210715
1212190
1213641
1215123
1216622
1218125
1219612
1221093
1222578
1224046
1225554
1227070
1228541
1230038
1231554
1233012
1234506
1236042
1237560
1239088
1240547
1242026
1243546
1245108
1246637
1248135
1249669
1251176
1252702
1254150
1255671
1257132
1258637
1260177
1261645
1263090
1264649
1266093
1267615
1269077
1270641
1272118
1273598
1275109
1276603
1278126
1279668
1281202
1282714
1284256
1285749
1287266
1288804
1290272
1291811
1293301
1294809
1296324
1297803
1299269
1300770
1302258
1303716
1305228
1306726
1308220
1309719
1311255
1312750
1314250
1315781
1317309
1318826
1320310
1321762
1323326
1324819
1326311
1327820
1329317
1330825
1332330
1333826
1335357
1336839
1338337
1339815
1341314
1342791
1344287
1345756
1347239
1348730
1350227
1351728
1353205
1354719
1356268
1357752
1359234
1360709
1362225
1363732
1365248
1366737
1368219
1369735
1371248
1372752
1374255
1375777
1377314
1378843
1380310
1381827
1383327
1384795
1386359
1387869
1389369
1390901
1392374
1393887
1395400
1396948
1398423
1399895
1401409
1402918
1404468
1405974
1407469
1408954
1410450
1411972
1413451
1414918
1416443
1417927
1419422
1420903
1422423
1423940
1425431
1426955
1428453
1429943
1431446
1432958
1434384
1435859
1437342
1438820
1440336
1441837
1443368
1444855
1446339
1447844
1449321
1450805
1452277
1453800
1455259
1456739
1458190
1459692
1461158
1462677
1464182
1465674
1467125
1468567
1470031
1471512
1473009
1474512
1476035
1477556
1479069
1480556
1482072
1483586
1485068
1486578
1488045
1489550
1491070
1492541
1494053
1495552
1497053
1498593
1500111
1501567
1503082
1504565
1506068
1507564
1509066
1510596
1512110
1513589
1515097
1516586
1518130
1519603
1521085
1522587
1524146
1525657
1527128
1528616
1530136
1531599
1533089
1534636
1536132
1537601
1539142
1540666
1542182
1543676
1545140
1546649
1548173
1549716
1551235
1552698
1554191
1555672
1557162
1558638
1560128
1561563
1563074
1564555
1566068
1567611
1569138
1570660
1572189
1573678
1575133
1576630
1578109
1579576
1581079
1582536
1584054
1585536
1587079
1588556
1590101
1591627
1593116
1594638
1596173
1597621
1599106
1600595
1602090
1603609
1605126
1606673
1608166
1609710
1611209
1612711
1614271
1615779
1617293
1618796
1620321
1621856
1623297
1624772
1626265
1627734
1629201
1630738
1632249
1633779
1635307
1636741
1638291
1639787
1641265
1642812
1644267
1645786
1647340
1648802
1650293
1651832
1653317
1654851
1656407
1657889
1659410
1660869
1662342
1663881
1665360
1666817
1668327
1669839
1671348
1672869
1674396
1675911
1677417
1678917
1680405
1681839
1683338
1684847
1686334
1687863
1689336
1690825
1692334
1693791
1695294
1696793
1698311
1699892
1701383
1702857
1704367
1705872
1707388
1708897
1710359
1711900
1713453
1714966
1716424
1717938
1719476
1721023
1722535
1724045
1725538
1727073
1728542
1730045
1731526
1733028
1734517
1736047
1737548
1739033
1740489
1741989
1743523
1745062
1746564
1748085
1749553
1751055
1752547
1754091
1755646
1757119
1758610
1760107
1761620
1763123
1764599
1766114
1767607
1769122
1770595
1772063
1773579
1775061
1776584
1778068
1779604
1781169
1782681
1784202
1785730
1787297
1788747
1790265
1791739
1793241
1794786
1796324
1797850
1799314
1800846
1802380
1803912
1805406
1806939
1808430
1809889
1811369
1812865
1814402
1815889
1817408
1818902
1820399
1821863
1823406
1824900
1826399
1827888
1829409
1830904
1832505
1833987
1835522
1836952
1838488
1840004
1841510
1842992
1844471
1845953
1847419
1848906
1850399
1851873
1853393
1854922
1856441
1857942
1859421
1860932
1862437
1863943
1865478
1866965
1868468
1869880
1871381
1872862
1874338
1875805
1877309
1878812
1880321
1881850
1883339
1884848
1886267
1887773
1889238
1890741
1892223
1893698
1895202
1896753
1898228
1899731
1901189
1902752
1904267
1905761
1907209
1908754
1910240
1911686
1913165
1914673
1916151
1917635
1919174
1920663
1922148
1923688
1925219
1926698
1928222
1929709
1931198
1932663
1934145
1935674
1937190
1938693
1940190
1941648
1943134
1944604
1946090
1947617
1949145
1950658
1952183
1953691
1955235
1956740
1958265
1959793
1961333
1962821
1964326
1965884
1967366
1968867
1970403
1971910
1973382
1974848
1976348
1977826
1979298
1980792
1982275
1983780
1985290
1986827
1988347
1989834
1991327
1992811
1994290
1995761
1997221
1998671
2000126
2001649
2003155
2004654
2006195
2007697
2009163
2010686
2012176
2013715
2015188
2016692
2018203
2019698
2021155
2022684
2024204
2025690
2027185
2028638
2030150
2031627
2033105
2034594
2036112
2037627
2039124
2040623
2042140
2043591
2045132
2046604
2048136
2049616
2051134
2052613
2054156
2055654
2057162
2058624
2060137
2061659
2063143
2064665
2066141
2067658
2069152
2070655
2072147
2073664
2075154
2076714
2078255
2079718
2081247
2082762
2084307
2085834
2087358
2088854
2090341
2091864
2093345
2094863
2096368
2097861
2099336
2100796
2102293
2103769
2105260
2106759
2108286
2109756
2111225
2112749
2114227
2115744
2117264
2118733
2120213
2121740
2123264
2124774
2126263
2127807
2129300
2130797
2132253
2133750
2135233
2136728
2138227
2139705
2141200
2142674
2144159
2145652
2147137
2148629
2150127
2151668
2153196
2154711
2156177
2157702
2159193
2160663
2162232
2163696
2165157
2166667
2168194
2169777
2171273
2172764
2174258
2175767
2177241
2178718
2180196
2181731
2183264
2184794
2186287
2187766
2189277
2190751
2192271
2193761
2195257
2196740
2198254
2199777
2201240
2202766
2204271
2205749
2207239
2208773
2210308
2211781
2213278
2214774
2216270
2217790
2219280
2220788
2222308
2223800
2225298
2226817
2228306
2229797
2231314
2232840
2234335
2235837
2237333
2238878
2240357
2241858
2243360
2244922
2246476
2248010
2249479
2251013
2252476
2253975
2255438
2256937
2258422
2259902
2261381
2262894
2264371
2265888
2267342
2268882
2270363
2271881
2273368
2274813
2276365
2277865
2279336
2280820
2282294
2283814
2285291
2286772
2288243
2289754
2291232
2292714
2294235
2295732
2297229
2298684
2300166
2301646
2303162
2304621
2306137
2307623
2309094
2310626
2312119
2313594
2315090
2316564
2318049
2319502
2320998
2322499
2323985
2325443
2326958
2328454
2329964
2331444
2332957
2334467
2335983
2337466
2338947
2340478
2341961
2343416
2344940
2346430
2347903
2349410
2350910
2352415
2353942
2355486
2356955
2358458
2359919
2361417
2362907
2364363
2365891
2367357
2368883
2370367
2371859
2373341
2374833
2376317
2377855
2379378
2380850
2382376
2383853
2385330
2386811
2388346
2389830
2391356
2392900
2394350
2395877
2397360
2398784
2400260
2401706
2403235
2404745
2406270
2407788
2409318
2410823
2412281
2413815
2415310
2416767
2418192
2419651
2421139
2422647
2424160
2425670
2427181
2428594
2430100
2431608
2433102
2434616
2436127
2437662
2439132
2440637
2442117
2443586
2445093
2446627
2448111
2449661
2451167
2452656
2454187
2455685
2457196
2458666
2460168
2461657
2463146
2464631
2466095
2467591
2469102
2470580
2472062
2473525
2475005
2476486
2477977
2479436
2480926
2482418
2483941
2485512
2486972
2488442
2489938
2491426
2492931
2494436
2495909
2497397
2498894
2500418
2501914
2503471
2504960
2506463
2507961
2509442
2510931
2512424
2513933
2515390
2516913
2518426
2519933
2521471
2522942
2524449
2525952
2527481
2528937
2530442
2531973
2533489
2534968
2536501
2537959
2539442
2540901
2542433
2543922
2545397
2546856
2548366
2549867
2551367
2552886
2554374
2555871
2557460
2558927
2560441
2561974
2563475
2564950
2566509
2568005
2569515
2571041
2572533
2574012
2575511
2577024
2578501
2579983
2581512
2583038
2584503
2586015
2587467
2588969
2590458
2591953
2593495
2594952
2596466
2598025
2599467
2601030
2602533
2604054
2605596
2607037
2608584
2610082
2611601
2613106
2614585
2616079
2617538
2619082
2620580
2622080
2623530
2624995
2626493
2628018
2629546
2630998
2632493
2634005
2635462
2636976
2638459
2639969
2641486
2643001
2644447
2645923
2647387
2648861
2650428
2651963
2653481
2655006
2656495
2657980
2659525
2661054
2662556
2664015
2665523
2666988
2668507
2669973
2671495
2673006
2674510
2675996
2677524
2679009
2680461
2681971
2683517
2685005
2686461
2687996
2689551
2691035
2692513
2693985
2695474
2696926
2698416
2699938
2701421
2702925
2704406
2705937
2707428
2708899
2710388
2711895
2713398
2714847
2716313
2717792
2719316
2720867
2722360
2723860
2725370
2726867
2728334
2729836
2731318
2732814
2734325
2735817
2737326
2738856
2740305
2741785
2743220
2744742
2746260
2747765
2749291
2750801
2752317
2753780
2755268
2756758
2758263
2759740
2761213
2762732
2764223
2765723
2767258
2768709
2770270
2771768
2773333
2774846
2776362
2777846
2779311
2780797
2782278
2783830
2785375
2786863
2788367
2789822
2791367
2792907
2794451
2795975
2797465
2798975
2800513
2802042
2803556
2805011
2806483
2807952
2809454
2810940
2812357
2813889
2815357
2816843
2818334
2819872
2821363
2822815
2824322
2825842
2827391
2828914
2830406
2831907
2833428
2834944
2836451
2837905
2839400
2840888
2842377
2843861
2845401
2846909
2848402
2849903
2851397
2852871
2854409
2855878
2857337
2858809
2860337
2861854
2863330
2864817
2866331
2867825
2869324
2870805
2872280
2873766
2875287
2876791
2878313
2879851
2881373
2882852
2884304
2885792
2887283
2888788
2890264
2891780
2893239
2894726
2896241
2897757
2899272
2900743
2902226
2903709
2905150
2906650
2908154
2909657
2911154
2912675
2914170
2915629
2917144
2918650
2920135
2921662
2923171
2924621
2926134
2927619
2929068
2930621
2932129
2933622
2935134
2936664
2938142
2939623
2941121
2942651
2944124
2945639
2947177
2948704
2950196
2951671
2953160
2954700
2956195
2957733
2959213
2960716
2962231
2963738
2965224
2966669
2968190
2969671
2971167
2972702
2974196
2975669
2977197
2978713
2980231
2981719
2983225
2984739
2986247
2987753
2989210
2990692
2992140
2993656
2995207
2996709
2998208
2999725
3001216
3002699
3004219
3005691
3007207
3008703
3010206
3011718
3013260
3014760
3016248
3017757
3019188
3020719
3022180
3023622
3025114
3026597
3028086
3029589
3031105
3032643
3034167
3035661
3037138
3038675
3040171
3041679
3043139
3044627
3046134
3047682
3049138
3050683
3052141
3053584
3055083
3056546
3058075
3059591
3061109
3062612
3064082
3065568
3067084
3068604
3070101
3071607
3073082
3074621
3076107
3077575
3079032
3080520
3082071
3083601
3085130
3086591
3088117
3089602
3091084
3092608
3094105
3095550
3097054
3098561
3100083
3101594
3103098
3104611
3106117
3107615
3109124
3110634
3112157
3113662
3115096
3116546
3117990
3119508
3121020
3122533
3124031
3125585
3127121
3128614
3130127
3131636
3133120
3134615
3136107
3137615
3139122
3140656
3142188
3143716
3145255
3146705
3148168
3149662
3151163
3152667
3154150
3155647
3157139
3158595
3160090
3161577
3163099
3164611
3166099
3167596
3169044
3170549
3172003
3173551
3175015
3176548
3178022
3179518
3181051
3182567
3184054
3185622
3187106
3188581
3190081
3191509
3193031
3194566
3196041
3197542
3199044
3200546
3202056
3203565
3205073
3206545
3208038
3209559
3211069
3212593
3214101
3215660
3217202
3218710
3220220
3221678
3223167
3224631
3226099
3227627
3229129
3230609
3232125
3233590
3235128
3236611
3238085
3239592
3241138
3242622
3244133
3245636
3247172
3248641
3250177
3251614
3253123
3254611
3256100
3257601
3259121
3260595
3262150
3263669
3265152
3266635
3268132
3269612
3271154
3272707
3274194
3275717
3277241
3278722
3280282
3281796
3283310
3284788
3286274
3287751
3289232
3290738
3292292
3293809
3295272
3296733
3298217
3299740
3301237
3302741
3304219
3305701
3307207
3308701
3310190
3311714
3313215
3314698
3316183
3317645
3319165
3320627
3322138
3323686
3325208
3326696
3328157
3329624
3331166
3332616
3334145
3335642
3337150
3338661
3340094
3341611
3343158
3344679
3346198
3347688
3349111
3350592
3352126
3353629
3355140
3356635
3358067
3359592
3361073
3362574
3364062
3365604
3367130
3368623
3370075
3371583
3373042
3374456
3375901
3377355
3378898
3380401
3381896
3383416
3384988
3386451
3387915
3389392
3390894
3392387
3393880
3395348
3396826
3398350
3399880
3401371
3402866
3404404
3405923
3407441
3408878
3410397
3411877
3413370
3414883
3416370
3417850
3419406
3420925
3422436
3423913
3425403
3426847
3428329
3429826
3431341
3432838
3434370
3435893
3437342
3438831
3440354
3441861
3443343
3444850
3446349
3447886
3449395
3450891
3452397
3453887
3455405
3456910
3458414
3459924
3461431
3462910
3464389
3465920
3467409
3468889
3470367
3471865
3473336
3474845
3476396
3477878
3479387
3480890
3482434
3483942
3485412
3486905
3488374
3489829
3491373
3492900
3494399
3495880
3497376
3498927
3500430
3501918
3503391
3504902
3506379
3507895
3509378
3510851
3512407
3513929
3515394
3516896
3518382
3519854
3521374
3522838
3524366
3525822
3527309
3528779
3530262
3531773
3533260
3534784
3536318
3537831
3539327
3540828
3542315
3543796
3545303
3546810
3548290
3549809
3551292
3552780
3554266
3555799
3557287
3558767
3560272
3561764
3563223
3564719
3566190
3567699
3569184
3570648
3572176
3573672
3575179
3576676
3578157
3579661
3581141
3582675
3584147
3585641
3587118
3588604
3590133
3591616
3593124
3594659
3596207
3597724
3599225
3600696
3602213
3603699
3605196
3606681
3608170
3609682
3611186
3612720
3614226
3615728
3617173
3618681
3620185
3621692
3623211
3624744
3626240
3627699
3629164
3630680
3632176
3633719
3635178
3636701
3638204
3639722
3641212
3642722
3644226
3645683
3647116
3648642
3650147
3651678
3653140
3654609
3656078
3657558
3659086
3660598
3662094
3663531
3665011
3666517
3668007
3669499
3670981
3672445
3673928
3675416
3676918
3678362
3679876
3681338
3682820
3684317
3685825
3687350
3688830
3690346
3691886
3693377
3694903
3696391
3697893
3699360
3700815
3702319
3703856
3705361
3706877
3708383
3709849
3711344
3712813
3714325
3715820
3717338
3718843
3720346
3721890
3723346
3724901
3726390
3727916
3729433
3730979
3732483
3733980
3735505
3737017
3738521
3739986
3741447
3742931
3744418
3745880
3747375
3748941
3750472
3751946
3753436
3754970
3756505
3758044
3759508
3761037
3762533
3763997
3765490
3767006
3768572
3770097
3771607
3773168
3774670
3776146
3777664
3779197
3780677
3782220
3783700
3785158
3786662
3788144
3789637
3791160
3792642
3794077
3795563
3797026
3798477
3799972
3801474
3802959
3804416
3805955
3807476
3808953
3810433
3811890
3813365
3814824
3816399
3817929
3819441
3820913
3822447
3823992
3825503
3827003
3828481
3830027
3831574
3833026
3834544
3836019
3837484
3838959
3840484
3841997
3843535
3844996
3846523
3848067
3849576
3851053
3852543
3854043
3855576
3857052
3858554
3860025
3861503
3862951
3864464
3865889
3867374
3868895
3870380
3871887
3873344
3874845
3876343
3877873
3879355
3880928
3882488
3884016
3885476
3886973
3888441
3889952
3891442
3892928
3894437
3895978
3897506
3898982
3900492
3902022
3903518
3905010
3906506
3908006
3909515
3911017
3912489
3914003
3915488
3916930
3918416
3919928
3921475
3922964
3924470
3925966
3927466
3928970
3930487
3931965
3933457
3934940
3936453
3937974
3939493
3940950
3942462
3943987
3945454
3946959
3948456
3949961
3951477
3953011
3954493
3955977
3957446
3958971
3960429
3961947
3963493
3964985
3966491
3967996
3969493
3970977
3972465
3973986
3975479
3976982
3978504
3980000
3981510
3983012
3984515
3986013
3987475
3988997
3990479
3991987
3993536
3995056
3996548
3998033
3999522
4001026
4002538
4004017
4005524
4006974
4008439
4009940
4011389
4012883
4014354
4015853
4017310
4018828
4020312
4021856
4023309
4024756
4026237
4027692
4029206
4030753
4032248
4033747
4035238
4036760
4038242
4039745
4041231
4042726
4044198
4045653
4047148
4048636
4050181
4051626
4053147
4054642
4056152
4057678
4059165
4060655
4062175
4063688
4065151
4066643
4068104
4069589
4071096
4072571
4074071
4075567
4077107
4078545
4080106
4081621
4083103
4084551
4086058
4087613
4089069
4090552
4092055
4093538
4095036
4096563
4098012
4099505
4101031
4102520
4103989
4105459
4106985
4108494
4109988
4111508
4113036
4114532
4116001
4117498
4118972
4120429
4121946
4123472
4124959
4126433
4127878
4129401
4130884
4132394
4133927
4135423
4136951
4138498
4139987
4141511
4143001
4144486
4145937
4147474
4148955
4150447
4151952
4153475
4154963
4156465
4157975
4159502
4160965
4162452
4163953
4165459
4166955
4168443
4169930
4171389
4172903
4174417
4175918
4177430
4178929
4180443
4181952
4183464
4184981
4186457
4187978
4189522
4190978
4192427
4193949
4195433
4196928
4198466
4199978
4201455
4202973
4204440
4206001
4207552
4209040
4210491
4211999
4213461
4214978
4216471
4217953
4219476
4221016
4222508
4224020
4225516
4227032
4228507
4229989
4231473
4232964
4234456
4235953
4237435
4238964
4240440
4241918
4243418
4244942
4246451
4247946
4249402
4250909
4252459
4253924
4255382
4256887
4258369
4259863
4261351
4262784
4264290
4265778
4267252
4268752
4270206
4271715
4273255
4274794
4276272
4277762
4279273
4280794
4282314
4283772
4285231
4286737
4288224
4289784
4291272
4292816
4294309
4295785
4297280
4298742
4300219
4301697
4303159
4304628
4306114
4307628
4309136
4310650
4312136
4313677
4315190
4316622
4318097
4319624
4321126
4322627
4324132
4325569
4327087
4328537
4330030
4331587
4333088
4334556
4336072
4337571
4339066
4340559
4342063
4343566
4345073
4346531
4348047
4349514
4351016
4352511
4354062
4355574
4357104
4358553
4360053
4361560
4363098
4364578
4366034
4367538
4369032
4370525
4372049
4373563
4375058
4376489
4377981
4379490
4380988
4382499
4383969
4385486
4386947
4388476
4389979
4391543
4392986
4394530
4396058
4397560
4399049
4400552
4402088
4403533
4404983
4406486
4407970
4409436
4410948
4412428
4413932
4415419
4416920
4418467
4419933
4421452
4422962
4424468
4425973
4427528
4429020
4430578
4432101
4433573
4435080
4436597
4438086
4439581
4441080
4442561
4444032
4445571
4447077
4448601
4450122
4451607
4453154
4454674
4456208
4457670
4459204
4460655
4462127
4463622
4465147
4466670
4468208
4469730
4471170
4472701
4474204
4475726
4477200
4478686
4480186
4481695
4483197
4484729
4486229
4487732
4489221
4490675
4492231
4493754
4495259
4496742
4498220
