0
1
15
16
33
39
43
44
51
59
66
68
70
79
84
105
116
128
144
157
158
159
185
186
199
202
219
233
246
248
256
261
267
278
288
301
304
314
323
326
343
372
382
403
415
418
434
437
441
443
450
455
460
472
498
7
8
15
17
19
30
41
57
60
77
103
104
112
122
128
175
179
182
183
198
207
229
239
242
247
252
258
270
274
280
295
300
305
314
324
330
343
350
355
356
369
372
384
394
405
422
440
460
465
493
499
0
1
4
16
22
34
46
50
60
85
86
114
124
136
138
156
160
170
176
182
200
204
208
209
224
233
244
246
267
268
276
278
303
308
318
322
323
341
346
359
390
409
425
430
431
454
460
489
496
2
6
11
25
36
50
77
78
90
98
104
109
114
128
149
163
226
227
229
246
259
262
293
314
326
337
347
366
369
397
409
426
437
466
478
492
2
6
10
12
20
28
30
35
41
54
99
111
118
122
123
136
137
146
151
152
159
194
202
210
218
219
235
237
251
258
261
270
277
281
283
293
303
305
311
318
322
338
358
361
373
390
396
408
427
440
458
466
467
492
497
4
7
13
15
46
59
85
86
90
98
118
139
152
162
177
183
187
193
205
213
216
218
229
239
241
251
255
262
293
308
316
331
332
338
354
370
378
380
386
400
417
428
431
434
439
445
450
453
455
481
482
484
29
36
45
51
75
91
95
137
138
139
147
152
162
193
195
196
229
255
267
268
270
275
282
291
292
294
299
310
319
327
335
355
364
371
375
380
393
399
412
427
451
452
484
486
496
499
19
23
34
39
42
48
49
56
59
64
71
75
91
92
102
107
110
129
134
155
156
174
210
233
240
257
259
269
276
304
306
311
315
330
334
339
343
355
387
401
407
411
415
416
448
449
1
20
38
46
51
53
73
75
82
95
102
120
129
132
142
147
161
164
168
200
201
212
214
219
222
224
225
263
268
283
289
292
314
321
333
341
351
361
366
384
401
425
438
445
461
463
479
482
488
491
497
6
19
29
31
48
58
99
107
110
113
124
132
137
139
140
144
152
161
176
183
188
204
211
223
224
258
276
283
291
295
302
306
309
311
330
332
349
355
357
361
368
372
375
378
379
407
414
423
442
444
451
452
460
463
470
474
17
27
67
70
72
91
108
129
134
141
146
160
177
183
199
204
228
236
257
259
275
291
296
303
309
312
323
335
342
358
364
374
376
385
387
388
403
408
421
440
442
449
452
468
470
471
473
478
482
490
493
9
12
18
25
29
31
52
82
90
125
134
138
144
147
151
161
167
177
180
196
207
210
217
219
221
222
223
228
233
237
238
240
250
256
257
261
264
267
275
284
292
321
336
361
372
388
401
411
413
430
432
433
441
445
463
480
488
11
37
44
54
57
63
64
88
112
120
121
123
124
126
128
138
139
147
153
154
183
189
201
204
210
233
236
255
276
290
301
306
312
319
330
331
338
364
366
398
403
412
422
423
425
440
442
470
473
482
483
497
30
33
44
59
75
79
87
92
93
100
105
114
128
138
142
150
151
167
185
191
192
194
199
207
217
231
248
259
260
280
281
297
304
317
355
368
376
390
395
403
409
410
413
420
447
455
462
469
5
19
25
26
30
47
55
59
111
126
127
130
131
149
160
164
165
169
181
195
196
217
221
225
230
232
233
252
258
262
275
294
311
317
329
332
357
420
421
423
428
451
452
455
458
459
470
479
482
485
493
495
2
7
30
35
49
90
99
121
129
145
146
149
172
194
205
221
239
240
246
254
267
281
294
299
327
340
354
357
361
389
415
416
423
439
451
476
0
15
34
57
70
82
83
84
97
99
102
132
137
158
162
168
184
188
189
209
213
215
227
264
291
292
302
311
312
313
320
327
331
340
348
357
377
396
398
418
425
433
438
440
444
448
456
460
474
483
495
3
55
61
74
91
92
118
143
152
154
163
164
166
167
168
176
182
235
241
245
251
265
266
288
291
292
294
301
353
381
387
393
394
400
412
416
423
425
435
455
479
486
496
498
1
8
15
16
19
53
60
61
90
92
131
134
147
149
150
161
175
186
211
227
229
241
253
260
281
285
287
289
292
294
329
335
362
370
375
377
378
386
388
389
394
428
437
452
458
485
487
489
491
496
12
24
40
45
57
66
68
69
80
89
93
110
113
128
136
142
146
147
148
155
156
188
204
220
224
230
232
238
239
251
274
279
299
303
324
358
370
376
389
410
412
413
435
439
458
475
478
482
486
499
4
6
13
20
22
25
41
47
51
62
64
77
86
89
97
125
128
146
159
174
191
206
207
209
218
227
265
280
283
345
353
382
387
393
400
406
467
475
478
495
31
37
52
66
100
101
117
150
220
222
227
228
244
247
252
263
269
270
287
288
295
318
337
382
385
389
395
434
453
463
469
479
480
485
488
28
38
73
84
103
116
121
130
145
180
182
200
235
249
252
255
279
291
296
306
337
342
347
351
354
358
363
380
386
388
389
399
402
405
408
409
415
417
423
435
436
445
446
468
484
491
497
12
21
24
28
42
43
71
72
73
83
86
98
104
130
153
158
164
178
188
191
207
214
217
232
237
264
279
284
288
289
293
305
323
328
335
381
396
398
399
417
418
424
428
434
465
469
483
486
18
28
43
88
91
95
96
111
128
132
135
141
151
159
168
170
173
187
242
251
289
291
294
297
306
339
345
350
352
376
379
381
385
394
400
421
428
438
439
448
449
465
477
478
1
8
16
19
23
27
45
54
57
60
96
97
100
102
127
130
162
163
175
198
199
203
204
216
222
224
229
237
249
253
254
264
269
276
282
288
299
302
309
319
326
336
345
348
354
366
384
400
407
414
450
459
469
485
13
21
28
40
48
55
57
58
65
68
80
81
85
96
123
128
139
143
146
155
156
159
179
186
194
199
215
219
221
228
231
232
236
239
242
243
253
264
267
302
308
315
321
328
337
339
352
357
401
403
405
407
415
437
439
470
472
479
496
8
11
15
17
31
33
36
50
76
83
115
133
134
141
171
176
179
182
190
194
195
208
214
217
244
247
248
254
258
274
280
284
298
304
309
324
326
332
337
338
354
363
383
391
405
408
409
414
430
438
449
465
1
10
25
27
34
56
57
58
68
80
83
86
92
93
112
123
133
170
173
176
183
184
185
203
211
214
218
224
245
247
250
264
274
298
303
317
335
344
360
373
378
380
383
393
399
414
417
426
432
438
453
467
468
488
8
9
18
23
31
40
68
74
83
94
114
130
146
164
176
191
208
210
226
254
278
301
315
319
327
332
340
341
355
364
375
404
411
413
416
424
427
434
439
440
462
466
467
477
484
488
493
5
8
10
14
25
27
36
40
56
68
73
82
88
100
120
126
134
149
152
160
218
224
231
239
266
268
270
285
288
299
313
320
325
326
331
335
341
350
368
381
390
397
402
403
408
415
424
440
459
465
471
477
490
497
1
8
10
11
24
36
51
58
80
90
128
129
139
145
152
156
162
166
176
177
189
207
211
215
216
233
242
252
254
260
265
276
280
286
287
314
326
331
335
344
347
354
368
372
381
391
396
399
411
442
445
458
465
486
487
15
25
41
42
47
48
52
86
91
92
114
135
138
141
167
178
183
193
202
210
246
249
256
276
299
301
305
309
318
328
345
351
359
364
380
394
408
423
440
448
455
473
480
487
490
499
0
23
36
45
46
57
67
73
78
83
99
105
106
110
111
120
137
140
146
148
156
159
172
183
214
221
231
233
248
253
266
283
286
291
298
306
307
315
331
336
353
360
375
387
400
402
403
404
418
419
430
443
445
451
458
459
474
491
493
494
497
0
16
20
29
58
65
71
72
75
85
87
88
118
127
134
138
146
155
156
178
182
184
195
217
224
226
236
256
268
275
277
283
293
310
316
344
345
347
349
373
383
388
390
399
401
402
432
433
446
447
463
464
465
470
482
488
496
2
19
22
28
30
45
63
87
91
96
101
107
116
117
127
136
147
152
169
177
189
203
213
218
221
225
231
254
259
262
280
285
293
313
323
327
330
331
332
334
352
353
356
357
358
372
395
400
409
411
422
427
431
450
451
467
469
473
487
492
497
5
33
36
46
67
74
112
116
125
130
132
133
138
164
168
175
179
192
195
228
230
241
245
246
250
260
261
277
279
284
288
314
318
337
340
344
359
360
364
374
377
379
416
424
425
436
437
445
468
474
16
27
36
47
58
61
74
76
92
103
115
122
126
144
152
155
161
170
204
221
222
240
243
246
266
283
292
302
323
328
332
333
367
376
409
411
412
417
428
430
454
456
461
465
480
487
50
58
60
75
85
92
94
113
114
118
121
126
128
130
147
149
157
166
170
190
208
210
226
232
234
253
269
271
290
292
302
304
312
320
321
325
327
336
347
353
370
388
393
394
402
409
411
412
423
427
435
441
446
447
448
461
473
479
492
496
499
3
37
44
53
63
90
148
150
157
169
172
176
181
183
196
201
225
264
265
274
275
281
284
291
308
342
352
355
376
380
387
399
400
406
409
428
429
438
472
474
488
5
24
60
63
64
71
81
85
91
111
112
135
140
154
155
158
161
170
175
183
195
199
203
206
209
219
234
254
255
269
286
291
300
314
324
326
335
339
342
358
359
376
383
398
408
432
435
441
450
462
473
474
488
489
5
8
9
10
19
39
43
46
49
55
61
63
72
73
81
87
96
106
112
127
181
199
200
219
243
245
247
262
263
269
271
277
301
302
308
321
326
329
330
332
337
344
361
375
402
434
443
449
450
465
471
482
489
2
3
7
21
24
29
43
45
49
62
82
86
88
95
99
103
105
109
122
134
157
163
166
178
188
192
203
215
234
246
298
317
320
399
403
434
437
446
471
474
475
479
486
9
23
66
78
97
100
104
108
119
124
159
175
178
179
184
211
224
252
320
331
333
338
357
363
375
382
387
388
393
395
398
399
400
406
409
420
422
425
430
434
442
445
447
472
481
494
10
30
35
47
80
82
90
101
116
122
148
149
156
157
177
178
204
206
220
225
228
230
238
243
248
255
256
266
275
291
295
298
312
337
347
350
360
406
423
427
442
463
464
471
474
477
498
9
13
18
32
36
47
58
76
87
91
112
117
125
147
150
152
188
196
206
207
211
220
226
240
241
243
247
249
250
266
278
281
296
317
322
327
373
377
383
392
401
405
408
415
425
431
441
443
458
482
485
494
496
499
8
12
20
42
61
73
74
89
99
105
111
123
136
137
140
141
149
170
177
182
187
218
228
238
251
277
291
296
305
308
309
312
314
330
347
356
365
371
376
382
390
391
398
403
405
406
412
417
420
426
437
438
451
487
34
36
38
43
48
64
68
90
103
105
111
115
125
134
140
155
156
161
167
174
208
209
225
232
241
243
247
261
286
289
302
309
320
332
339
344
351
354
358
371
375
380
381
398
404
416
423
432
433
437
451
453
479
486
487
490
17
20
21
24
40
45
47
52
58
63
68
72
90
112
113
116
138
152
160
163
169
182
196
199
201
212
214
215
219
232
233
244
256
259
260
264
288
289
294
313
329
330
334
345
347
353
373
375
407
417
423
455
464
468
474
484
488
493
3
13
18
23
28
47
55
60
62
82
89
90
93
95
105
110
115
126
136
148
155
156
175
176
177
187
195
205
218
220
255
270
277
298
302
308
315
324
337
340
360
370
378
381
384
395
396
402
430
434
455
464
476
488
496
4
35
52
64
69
74
84
89
94
96
106
123
124
128
130
142
172
178
179
181
201
224
232
256
270
291
292
294
301
311
314
344
352
378
383
393
399
426
469
480
486
490
23
30
32
34
38
65
82
90
113
121
126
141
154
170
172
181
188
191
195
200
202
204
208
217
218
221
240
244
249
250
251
254
255
262
265
272
290
293
296
298
314
319
338
340
350
365
374
377
386
411
415
420
423
433
458
461
474
479
485
491
498
16
24
28
49
57
58
60
80
107
113
125
128
131
150
152
164
186
212
216
224
227
229
230
243
247
251
255
263
265
266
284
299
306
308
318
351
361
381
383
422
424
428
429
432
471
473
475
484
492
11
23
34
35
37
44
49
52
56
72
76
91
96
100
104
113
121
162
173
178
229
247
266
276
277
327
342
345
347
369
375
378
385
406
413
420
447
466
487
493
497
12
13
24
28
34
40
41
49
52
68
74
78
94
162
193
200
220
226
244
247
255
265
269
279
298
301
305
334
335
338
353
386
397
414
431
435
436
449
451
458
492
5
13
24
27
35
37
41
42
44
52
53
56
74
82
83
88
92
93
108
119
128
129
131
153
156
157
159
164
175
215
226
235
240
253
256
265
266
276
278
279
280
294
301
327
332
348
355
356
360
362
368
380
386
393
398
403
410
412
420
437
439
445
454
456
462
475
483
52
64
68
73
75
102
115
123
145
158
170
179
248
257
258
275
311
330
334
337
338
341
350
352
365
405
407
408
411
414
422
424
426
438
450
451
456
463
465
467
477
484
495
1
8
17
18
24
25
28
35
44
45
46
49
51
62
71
76
103
106
110
113
115
125
142
158
159
197
215
225
235
254
266
271
272
279
282
320
325
342
352
355
370
400
406
417
431
432
438
456
465
479
0
11
13
27
31
40
45
56
64
82
88
114
116
131
134
140
156
176
177
179
194
235
239
281
282
284
291
296
299
321
338
365
368
397
464
473
476
478
483
24
49
54
60
61
65
76
84
93
103
104
113
118
120
127
143
145
151
161
165
186
191
206
209
211
238
241
248
249
258
264
265
266
267
268
270
287
301
314
318
328
341
367
368
376
382
388
393
400
422
423
426
428
437
440
453
457
486
490
493
1
4
13
28
34
40
78
79
80
89
91
99
107
113
115
116
127
199
205
216
241
242
248
254
263
278
280
285
291
305
309
328
333
336
337
369
373
385
393
394
412
434
435
466
467
472
496
13
44
63
67
82
83
84
94
116
164
176
200
212
216
221
225
231
248
260
275
301
302
312
314
316
319
325
327
338
344
356
367
369
377
385
389
397
405
417
420
446
457
499
5
16
39
49
51
56
65
75
93
96
98
105
127
134
141
143
148
176
184
188
198
215
216
229
233
236
245
259
278
296
310
317
321
344
345
346
354
355
358
364
372
373
402
408
437
444
455
465
468
470
483
485
486
492
494
19
31
41
78
87
103
104
142
143
144
145
146
156
180
181
187
198
201
205
214
218
329
352
381
382
405
418
432
453
458
461
471
474
475
477
499
9
43
56
57
61
76
77
110
133
143
166
167
174
176
194
197
201
235
239
241
244
250
255
256
270
281
290
298
299
311
315
317
318
329
333
334
340
345
350
356
359
361
400
405
433
441
476
487
11
25
27
33
38
48
51
53
65
89
92
93
119
140
148
150
151
166
174
180
190
195
201
219
220
221
226
230
265
274
283
287
294
302
306
307
311
318
351
372
385
387
403
436
438
443
462
463
468
477
497
5
9
16
22
32
37
43
55
74
96
123
139
145
147
149
156
166
174
177
187
227
260
265
270
274
281
284
304
322
327
330
332
342
347
351
375
380
383
394
425
430
451
463
475
476
479
11
14
21
57
64
92
115
135
147
176
184
192
217
218
225
260
265
272
298
345
347
348
374
391
395
403
414
415
422
424
431
439
446
454
478
0
7
9
12
19
35
38
51
54
60
61
70
82
87
90
92
97
99
111
124
128
142
146
150
167
177
178
186
204
212
213
222
249
254
256
268
275
292
294
303
309
314
317
319
331
338
341
343
346
348
357
358
363
378
387
388
403
415
425
431
441
452
454
462
465
485
17
32
79
126
128
135
142
152
169
174
195
196
198
201
204
205
206
208
229
241
261
265
268
270
280
288
290
292
312
318
319
330
339
350
351
364
394
399
400
433
436
447
478
485
1
11
12
26
27
37
46
50
114
120
127
132
134
136
182
247
251
258
266
313
317
319
325
336
351
353
365
372
379
382
396
397
413
447
461
479
484
486
489
495
16
37
45
68
78
79
87
94
101
111
120
163
165
183
194
226
248
253
284
287
300
314
330
333
346
358
366
368
373
386
387
388
396
405
408
426
431
439
456
466
468
482
494
5
30
60
63
68
69
78
99
112
113
116
129
130
139
149
168
169
173
185
188
190
196
205
220
226
243
250
256
282
284
310
312
318
335
341
345
346
357
364
366
368
369
371
374
379
397
400
438
439
442
452
461
463
464
467
470
476
480
496
0
2
15
24
26
35
36
44
47
55
79
81
83
97
100
103
104
111
117
125
128
135
140
145
156
158
167
175
180
182
185
200
207
210
237
240
247
249
261
289
300
314
324
336
345
361
369
378
401
409
425
451
454
469
479
497
1
14
27
34
44
51
68
79
81
90
103
108
127
140
149
152
177
199
210
211
213
214
218
230
250
260
265
293
295
296
299
308
318
324
357
370
371
373
381
384
403
419
420
424
429
434
443
451
461
465
472
6
15
16
31
33
46
52
65
73
79
81
85
98
134
143
150
153
166
196
198
199
203
218
223
228
238
244
246
255
259
260
262
266
273
274
288
299
309
313
326
338
369
373
377
385
396
397
412
422
424
428
434
436
448
464
474
484
492
494
3
6
13
36
42
46
51
62
65
69
84
85
91
95
99
113
117
118
129
149
159
162
166
167
170
187
201
205
226
253
259
283
293
297
299
324
335
344
364
391
398
403
417
425
427
429
458
468
469
0
3
24
32
42
68
76
87
94
97
100
105
110
124
156
161
177
182
198
199
211
223
254
260
284
289
298
318
341
345
404
405
430
433
434
435
436
441
447
466
487
496
498
10
11
12
18
33
37
44
49
56
73
80
83
96
114
120
126
128
136
155
163
179
185
190
200
201
209
211
215
220
226
227
232
240
245
253
256
265
281
284
285
293
304
335
360
365
371
384
395
402
409
435
447
451
452
458
471
477
478
484
485
1
2
7
22
35
52
65
72
74
76
81
102
104
108
110
136
151
167
175
196
199
206
226
227
230
239
240
284
301
314
316
341
348
350
355
360
366
386
407
415
429
433
442
445
449
451
470
481
489
494
26
32
41
48
64
89
98
122
146
157
158
165
175
181
182
205
245
255
257
264
271
277
278
291
293
303
304
306
313
331
346
377
388
394
406
433
452
459
460
472
482
1
4
6
12
14
15
18
20
24
26
55
77
100
104
120
130
136
150
169
179
199
200
204
211
212
214
217
226
239
267
280
310
322
327
352
353
379
405
421
443
462
482
483
489
2
6
7
13
35
36
42
58
60
68
70
89
95
101
117
173
176
191
198
201
204
235
241
250
262
265
268
273
275
284
288
290
300
303
343
352
369
382
400
412
417
431
437
439
465
478
483
496
2
13
26
28
73
85
86
96
103
115
134
140
149
151
170
195
196
213
227
231
237
254
267
272
296
307
309
316
322
333
345
351
360
372
388
432
438
441
459
468
477
479
482
494
14
36
49
52
58
68
71
96
97
101
104
106
173
177
195
209
211
230
234
242
246
248
249
274
281
282
290
298
303
304
307
318
326
327
340
342
345
346
356
386
388
399
403
406
416
434
436
439
448
468
469
472
483
8
23
46
51
57
59
68
72
86
89
90
96
102
111
117
119
121
126
130
138
143
154
168
172
175
180
216
222
231
232
233
236
238
239
243
261
264
287
307
321
322
326
342
349
353
358
370
389
396
401
413
436
437
443
463
465
470
475
483
485
490
0
1
3
16
20
24
25
36
39
41
58
65
75
99
107
108
119
131
142
166
170
178
191
196
210
216
238
239
243
258
265
274
279
296
299
306
312
328
341
344
353
370
380
390
397
400
433
434
441
442
449
455
457
477
484
486
489
497
499
18
19
25
38
39
41
45
54
65
75
82
137
143
146
147
156
159
207
209
210
214
218
219
221
233
236
240
271
296
297
304
305
315
316
317
319
374
391
393
411
426
427
439
443
445
465
471
472
473
476
488
499
6
10
16
21
29
30
38
51
53
67
102
115
129
137
146
159
167
174
181
184
195
204
205
215
219
222
232
233
249
253
255
257
270
272
276
295
317
322
327
337
346
350
389
403
411
412
413
437
457
464
471
473
486
495
17
33
35
40
45
68
87
90
96
102
105
112
124
139
165
166
203
206
237
243
255
256
308
316
342
349
353
356
371
410
415
424
427
429
435
448
449
458
463
476
486
497
24
50
57
63
65
87
98
106
124
151
155
166
206
218
222
228
232
235
249
253
261
263
270
272
322
324
325
330
331
338
350
389
394
399
403
405
427
438
450
451
459
464
465
494
11
44
45
54
56
57
60
65
68
80
90
111
123
126
137
138
142
167
186
196
207
208
228
234
237
253
256
266
270
274
285
293
294
310
331
335
344
347
349
387
388
395
396
442
459
466
475
477
484
498
499
18
27
29
51
56
58
68
90
93
129
139
152
158
173
179
193
202
224
231
244
260
266
270
275
280
282
303
312
314
318
319
338
339
341
344
362
365
366
368
371
385
403
404
409
416
437
440
444
498
29
38
39
45
51
70
74
76
78
87
88
94
96
109
111
113
160
174
181
185
201
206
241
256
259
288
289
302
326
327
348
351
384
397
413
436
461
481
499
2
5
6
7
9
13
17
23
28
33
35
40
48
57
59
81
83
85
87
109
154
156
181
198
206
215
226
231
240
248
261
271
281
290
294
308
312
327
329
340
356
361
383
398
399
417
431
432
441
443
454
455
459
479
481
487
1
13
40
46
60
69
86
90
96
105
108
110
134
142
153
155
184
189
192
200
209
219
223
224
239
253
255
266
298
300
309
314
330
334
345
357
361
368
382
391
407
418
426
430
470
492
494
1
15
27
54
65
86
101
112
118
126
151
160
164
177
187
199
203
208
224
225
228
231
234
242
253
256
273
276
282
286
287
305
308
311
313
318
326
338
340
346
355
363
376
377
380
386
387
408
411
422
436
439
466
471
476
482
485
493
8
52
57
75
81
115
121
126
130
144
150
170
173
178
195
205
219
254
258
263
268
304
320
342
351
356
358
365
371
373
384
400
425
431
437
467
473
485
495
15
31
34
42
45
51
81
91
97
104
119
131
136
144
146
164
174
176
204
215
233
241
257
278
300
313
327
330
331
333
339
354
361
375
398
400
403
408
443
459
460
463
481
30
31
33
46
51
61
66
70
90
104
106
113
123
125
129
146
160
161
164
179
182
187
188
202
227
238
264
275
281
286
298
302
316
327
338
339
341
344
355
366
379
386
389
394
400
403
408
419
420
421
425
428
435
437
438
460
471
485
488
4
6
12
13
20
27
30
32
43
52
54
56
72
75
89
98
104
115
118
139
147
175
176
179
194
195
198
206
208
212
226
228
233
234
238
240
247
249
251
253
287
291
315
317
346
351
377
384
393
396
403
411
414
434
440
473
495
0
2
47
52
96
105
116
132
139
140
155
167
181
186
201
211
216
217
272
273
277
282
284
287
291
292
313
321
340
347
366
394
400
417
475
480
490
493
494
6
14
21
24
27
28
48
52
54
76
83
85
131
134
135
139
141
142
146
171
176
193
220
236
280
286
305
309
324
347
363
367
374
382
384
385
390
393
405
406
416
431
433
435
438
445
454
458
471
473
474
487
0
5
15
37
41
42
57
61
62
64
75
76
83
105
110
122
124
150
161
164
175
189
196
197
203
212
214
233
256
259
293
298
330
338
349
356
407
450
455
457
458
463
478
1
8
17
31
36
41
48
63
65
75
76
81
105
114
116
118
120
126
127
128
129
143
152
154
168
190
196
202
206
209
225
241
251
263
265
266
268
270
293
298
330
335
338
381
398
401
403
415
417
419
421
432
442
472
0
31
48
53
68
73
77
82
94
123
124
137
154
162
188
194
203
218
219
222
238
244
248
252
253
262
265
290
296
299
303
305
311
323
331
338
345
362
367
374
380
397
400
410
420
424
448
449
453
463
475
481
487
0
3
5
7
17
19
30
53
58
68
72
75
82
86
96
107
115
125
126
129
135
150
168
180
182
192
204
229
230
245
269
289
297
301
319
351
373
374
380
385
390
396
401
418
425
432
433
438
440
447
457
476
481
490
499
8
11
18
25
31
72
75
83
87
105
110
123
140
150
154
164
166
190
193
222
261
270
271
284
286
288
291
296
300
316
352
378
387
393
396
399
404
412
417
424
425
444
449
453
456
482
488
491
5
17
18
28
43
57
82
96
102
105
106
154
170
192
219
221
234
237
249
255
276
289
291
293
306
332
336
342
343
344
346
382
384
393
397
400
405
432
439
451
464
465
466
469
475
480
485
488
2
3
5
6
25
37
44
50
84
87
91
117
124
136
151
161
172
177
178
179
195
223
224
239
257
276
283
292
303
306
307
309
326
344
347
353
359
371
393
397
398
413
417
420
437
443
448
456
466
474
476
480
484
22
56
72
73
86
97
98
102
115
117
119
126
133
139
149
154
155
158
163
178
179
180
183
191
198
206
220
242
247
250
252
255
259
267
273
277
284
293
313
316
317
323
330
342
347
357
373
376
388
398
414
420
439
446
469
487
499
1
5
10
14
25
37
54
55
65
76
91
96
98
99
171
174
175
179
183
208
217
264
278
279
306
344
359
362
373
374
396
412
416
421
435
441
453
459
467
485
9
11
24
29
41
44
61
64
89
103
139
162
165
169
180
191
198
210
212
222
238
267
274
275
313
322
323
330
334
351
357
372
406
418
422
425
433
436
460
472
474
480
481
497
2
8
11
18
21
30
35
39
49
50
53
54
61
66
74
75
84
85
87
91
94
110
113
115
116
128
158
159
160
180
184
186
188
205
208
211
240
250
258
270
278
287
291
302
303
311
321
342
353
361
368
369
370
385
386
394
402
404
420
430
442
452
458
465
471
498
499
0
3
6
26
36
84
95
100
102
108
117
120
121
126
147
156
166
185
198
201
229
231
241
269
285
289
294
296
315
316
331
339
363
369
374
381
383
393
403
429
433
454
456
474
475
477
8
24
26
38
51
61
77
79
90
112
148
158
161
174
175
189
214
218
229
241
247
254
264
269
274
275
299
302
313
318
337
346
363
385
390
393
394
406
410
418
425
450
471
476
15
23
25
38
46
61
66
73
89
106
119
121
123
158
164
173
184
191
192
197
217
223
237
246
250
258
268
270
284
288
289
293
308
309
329
331
334
335
353
354
361
362
365
371
400
404
408
411
418
422
428
433
455
459
461
463
468
478
479
487
0
1
9
20
22
30
62
67
69
70
71
74
79
83
84
87
120
137
142
143
148
167
168
175
187
190
191
195
218
221
236
249
255
264
268
272
274
278
313
320
324
331
332
351
364
365
373
399
400
403
412
413
417
472
480
489
9
12
16
18
23
26
28
35
39
52
81
83
88
90
93
110
114
117
122
129
142
150
162
176
191
192
202
203
205
218
225
237
240
247
268
270
272
288
291
299
321
324
334
346
354
366
370
378
380
385
391
431
435
436
452
458
466
496
497
14
31
40
50
83
90
92
104
118
120
132
142
146
177
180
181
182
193
202
222
225
226
245
252
278
286
308
320
342
349
385
392
399
402
407
411
414
416
418
429
432
457
458
463
464
473
474
475
484
490
493
29
31
32
38
42
44
48
54
59
62
64
68
72
78
83
96
100
103
111
135
149
157
169
189
195
196
198
211
225
250
273
281
284
297
317
319
324
325
346
351
361
369
371
379
394
400
406
413
420
425
441
445
461
465
471
472
486
11
28
58
63
75
85
112
122
128
155
174
179
180
184
215
219
240
241
251
255
262
266
273
274
289
292
316
321
343
355
381
409
413
426
437
450
452
477
485
10
19
39
52
76
78
83
107
109
110
131
138
148
150
151
161
163
178
198
199
201
205
222
237
238
244
250
257
273
291
294
312
314
325
353
363
364
395
415
427
441
450
456
461
495
0
3
12
13
30
57
59
65
78
86
88
102
110
113
116
118
121
122
126
128
133
137
166
187
191
196
201
202
217
219
240
243
248
254
257
261
281
322
329
346
356
363
368
381
387
388
400
402
464
470
472
474
491
4
24
27
37
40
46
51
54
55
73
88
90
100
119
120
138
152
170
185
190
198
200
205
219
231
234
241
247
252
266
269
273
282
287
289
316
348
368
381
382
395
398
409
415
416
417
429
431
435
444
446
447
448
477
485
5
6
11
24
29
48
56
64
82
96
97
107
113
115
122
125
129
150
154
163
184
187
197
216
230
231
238
248
254
279
285
286
298
304
328
372
410
446
493
2
16
18
19
26
29
48
56
61
63
68
89
103
106
107
113
114
124
132
154
161
178
194
218
231
249
256
261
265
273
274
278
281
294
313
328
340
348
365
378
388
392
396
402
405
407
408
413
426
431
443
457
458
459
467
491
495
0
14
18
29
41
48
55
73
75
79
80
81
102
118
137
138
146
175
185
226
230
234
240
246
268
271
304
321
335
341
351
357
390
405
406
426
447
457
461
464
480
489
0
5
10
12
35
46
78
96
104
105
106
110
114
145
146
180
189
191
201
207
220
227
231
233
253
264
265
273
281
300
304
310
313
323
325
337
343
376
393
403
413
421
454
464
477
482
483
489
3
7
40
51
75
88
101
127
128
129
132
153
156
157
172
195
196
206
211
218
227
233
234
236
248
268
270
293
302
305
306
317
322
325
343
353
384
386
388
398
405
406
412
421
424
425
435
440
448
464
467
479
488
5
6
9
14
25
37
40
48
60
64
93
94
95
110
113
116
117
134
135
142
150
156
158
161
175
181
185
192
193
195
211
216
225
229
241
250
252
260
272
278
298
301
321
325
339
353
362
363
374
376
379
388
392
393
394
405
406
412
413
430
436
439
477
498
0
4
23
36
52
85
87
98
99
108
114
116
131
137
164
170
171
177
189
191
204
208
213
215
229
231
232
266
279
283
295
316
325
328
341
357
366
380
386
398
416
419
427
465
468
474
490
492
10
11
20
27
28
32
59
64
72
101
105
111
128
159
165
186
197
203
208
212
220
221
228
230
237
246
248
249
271
274
289
295
298
299
303
305
322
332
346
347
359
369
384
397
399
407
421
437
441
442
453
459
495
1
7
10
15
26
38
42
43
54
64
65
67
72
73
85
112
115
134
164
196
210
230
242
267
269
270
279
282
287
332
346
368
393
399
403
420
422
431
434
461
467
470
493
10
16
17
19
20
27
37
39
40
41
43
85
100
104
106
129
134
135
150
157
165
168
178
184
186
193
199
205
212
215
217
230
245
257
261
262
268
285
302
304
311
325
330
362
367
368
389
390
393
401
404
418
426
431
458
464
498
2
8
11
31
43
47
52
68
75
84
91
102
106
109
121
122
146
154
155
189
192
199
201
218
227
229
230
244
245
249
256
259
261
263
290
304
314
323
334
339
341
342
355
370
371
378
385
394
407
413
424
428
432
450
471
472
499
2
13
17
21
22
28
31
39
44
67
73
105
111
113
133
135
142
144
148
164
169
176
178
185
206
222
232
234
239
250
251
254
274
276
282
310
312
347
352
378
390
395
403
408
414
416
423
432
435
440
448
449
461
462
464
477
0
14
43
56
87
100
105
108
123
135
139
149
159
179
182
191
195
197
200
206
208
210
239
245
270
276
283
293
323
326
340
345
348
371
373
378
411
412
420
424
447
450
477
1
5
20
22
23
58
65
68
91
93
109
120
132
144
165
166
172
175
194
197
201
216
229
232
236
254
262
274
276
283
299
333
341
347
360
368
374
379
391
392
416
417
424
425
441
442
445
449
476
477
486
498
499
23
25
34
35
54
55
60
65
81
82
93
95
97
98
106
108
111
121
134
156
168
182
196
201
220
226
227
244
248
250
252
254
269
283
288
292
309
310
326
334
335
336
341
361
369
389
394
414
423
438
440
442
445
447
449
452
477
489
21
32
48
51
57
66
72
74
87
90
92
103
105
120
139
142
150
165
200
217
225
231
235
240
243
249
270
274
282
289
298
306
313
316
323
324
333
364
370
408
426
430
448
451
468
469
486
22
37
61
73
81
93
107
130
139
148
151
173
176
238
257
267
289
297
329
349
352
365
374
375
381
386
388
389
399
416
437
443
462
499
10
24
28
54
90
93
105
108
111
125
126
136
139
142
150
161
172
195
203
246
252
262
274
278
286
294
300
317
329
356
382
383
390
418
439
451
456
457
461
466
479
486
487
493
0
13
18
21
22
24
37
42
43
48
50
57
63
64
67
82
88
112
137
141
144
159
167
178
179
189
196
210
211
217
245
292
296
313
343
352
371
399
419
424
439
446
448
454
466
484
485
488
492
495
496
4
14
42
49
50
51
58
72
74
89
106
108
113
124
127
160
169
176
177
182
189
217
220
225
228
233
236
240
269
274
280
293
294
295
300
306
309
317
319
322
323
331
337
340
346
361
364
379
380
387
389
397
401
404
420
422
443
444
451
481
487
9
25
27
34
36
41
56
60
72
82
85
102
125
128
135
141
148
157
169
174
184
188
199
201
202
203
227
236
240
254
260
264
278
297
314
323
325
327
336
366
379
385
393
397
419
423
427
442
444
449
451
454
460
467
485
495
20
24
50
63
78
101
102
104
118
128
139
156
165
172
184
202
204
206
212
215
227
228
242
255
271
274
276
307
316
325
327
334
337
341
343
345
371
378
399
401
408
412
420
461
463
472
480
481
490
491
1
2
10
16
44
51
76
86
92
118
123
131
135
141
151
156
175
184
194
195
196
198
244
255
260
279
291
295
296
316
326
344
376
381
401
411
415
430
459
460
478
2
38
42
48
55
57
93
94
97
107
112
113
122
125
144
194
196
197
206
211
218
227
234
235
239
243
256
264
303
306
320
328
347
354
380
393
395
400
408
423
441
451
454
468
481
483
12
19
34
42
50
56
87
88
90
95
101
131
133
141
144
149
155
173
180
182
187
192
193
202
205
221
229
232
254
266
269
273
285
292
295
338
345
347
350
351
352
363
369
385
399
412
426
437
439
448
464
465
471
484
493
497
498
2
10
13
16
17
19
28
34
38
39
56
62
75
77
105
117
132
159
186
198
201
204
231
247
249
255
260
264
266
269
276
279
300
306
314
354
359
361
367
384
392
394
397
403
405
412
415
429
436
437
440
468
483
485
488
11
15
20
40
43
52
67
71
102
125
128
144
148
149
158
169
171
185
187
193
199
218
221
222
234
239
242
253
276
284
295
298
305
312
315
334
336
346
349
355
361
371
374
380
397
406
408
417
452
460
466
486
488
3
4
10
13
14
23
31
55
70
73
84
88
111
116
120
126
133
146
177
183
185
231
248
253
259
277
287
296
328
342
351
378
379
390
391
392
404
410
414
430
468
470
493
1
5
13
14
28
31
52
59
65
96
97
98
102
110
116
118
121
134
144
147
155
162
177
185
192
199
202
210
224
235
240
255
263
270
273
279
280
286
289
307
313
314
316
335
339
342
381
393
426
430
462
466
473
487
491
498
4
5
7
9
25
38
41
55
58
59
63
70
71
74
87
89
91
111
116
128
137
145
162
184
197
204
212
213
224
225
235
251
273
291
323
328
366
371
372
383
388
401
404
451
461
479
484
3
15
122
136
140
147
165
166
176
195
208
228
238
256
259
282
283
291
310
319
322
336
351
362
369
372
382
411
457
469
482
486
489
493
1
7
9
23
29
32
34
36
49
52
73
77
81
88
93
94
111
116
123
127
135
140
141
155
182
193
198
200
202
207
221
255
260
265
269
280
287
290
297
344
346
349
351
353
357
364
375
380
381
382
387
388
405
422
425
435
436
438
460
467
480
483
497
19
26
37
44
89
134
136
143
151
153
157
162
168
169
197
206
235
236
258
268
292
295
310
311
312
320
335
341
342
343
409
412
414
417
421
424
448
451
465
480
489
8
39
41
57
59
65
76
98
115
118
122
130
167
187
197
218
227
231
234
242
246
254
260
269
287
288
294
314
334
343
344
347
352
374
393
394
397
403
415
432
495
499
9
12
39
78
82
102
136
139
141
156
174
181
182
185
209
256
273
277
278
282
294
298
311
331
336
340
361
377
388
392
394
398
432
473
476
480
494
498
8
11
44
45
48
53
58
74
86
92
95
103
117
130
136
146
149
164
176
178
183
189
200
204
210
215
218
233
240
252
256
257
259
263
268
274
283
288
290
291
292
305
315
327
335
384
388
390
393
404
406
420
424
425
432
439
449
455
458
463
473
480
1
4
24
36
56
57
71
74
83
89
90
92
100
112
135
142
149
167
179
188
190
193
209
214
222
225
227
231
235
249
256
264
306
307
314
326
342
345
351
353
362
364
366
371
427
428
451
454
457
474
477
486
496
1
8
12
17
51
57
67
78
84
87
88
100
104
110
142
152
164
173
186
189
190
207
212
252
256
275
276
285
297
298
301
308
317
323
337
344
355
372
380
390
397
417
434
451
459
461
468
471
484
485
2
6
9
13
34
38
56
58
63
64
72
90
128
132
144
150
155
156
162
163
165
194
195
213
214
227
238
255
271
274
276
284
311
321
325
330
339
341
350
354
376
386
387
415
422
432
443
480
493
494
497
7
18
34
65
69
71
73
81
82
93
97
101
124
141
142
160
168
173
177
206
210
216
227
231
233
240
246
253
267
282
287
314
320
321
343
349
370
378
379
393
402
405
415
416
418
424
431
440
453
457
463
475
491
495
36
45
48
66
74
79
84
91
102
155
160
163
177
201
212
221
228
252
256
260
279
296
314
317
318
332
336
340
355
383
396
399
400
411
431
433
434
435
443
459
474
0
29
32
33
37
40
52
71
82
95
126
127
149
158
160
184
187
195
216
221
224
226
239
251
275
283
285
297
305
306
317
320
340
346
359
369
372
374
402
433
445
450
458
462
467
476
482
498
0
10
20
23
26
71
79
84
102
115
127
129
134
135
145
158
159
167
169
188
201
204
210
218
225
231
235
248
250
255
256
263
269
283
289
315
317
336
338
340
344
355
358
381
393
398
406
424
434
435
439
440
442
449
454
476
486
1
20
31
39
44
60
65
80
90
97
110
115
120
122
138
143
153
154
178
183
184
186
190
215
219
228
245
248
256
263
280
283
287
307
308
329
340
352
377
382
419
448
459
462
466
483
494
499
1
16
27
30
34
54
77
84
86
91
101
134
137
139
146
167
183
184
192
196
205
208
209
225
231
249
256
268
269
270
291
321
329
340
341
346
347
351
360
390
396
406
416
421
431
436
438
454
455
467
468
474
476
479
484
488
490
491
497
499
0
23
38
39
40
48
55
74
76
85
96
111
131
134
142
158
159
163
164
183
197
207
218
232
238
248
270
277
294
296
334
340
342
349
358
366
370
373
383
384
394
403
410
417
428
436
442
453
463
482
497
499
0
8
14
17
32
37
41
42
46
50
71
93
98
103
105
136
162
176
180
181
203
210
214
228
243
245
247
264
274
284
295
298
301
305
321
334
340
358
369
370
375
401
409
417
423
428
433
440
441
465
495
27
28
30
42
51
55
60
63
79
98
115
140
143
144
149
158
167
171
174
180
185
188
213
218
226
265
267
269
270
272
282
286
288
289
309
313
320
338
341
347
348
360
361
378
384
396
419
438
446
453
460
463
468
477
481
494
8
28
41
51
62
69
83
94
108
111
130
133
135
186
187
203
208
211
216
225
234
237
246
257
266
282
306
339
345
352
360
362
366
367
369
375
377
386
391
393
398
411
414
428
430
435
436
440
457
459
465
467
477
10
30
31
32
40
49
53
56
67
74
75
110
112
122
124
148
150
155
172
175
179
183
194
225
232
244
265
269
273
293
296
308
309
326
327
340
341
344
348
349
353
376
385
388
389
404
411
418
447
453
458
477
3
14
19
20
26
32
50
52
64
84
86
97
100
116
122
128
132
141
144
146
152
156
160
163
180
199
200
202
242
245
258
270
282
286
295
314
320
322
324
350
354
355
358
359
368
370
392
394
437
450
472
478
479
484
485
494
495
498
0
19
21
41
53
54
62
85
86
87
109
113
117
150
152
159
161
177
185
195
196
229
246
257
262
294
295
314
323
333
337
338
347
353
354
367
371
372
376
377
389
423
468
478
492
493
1
12
22
54
60
70
119
121
144
155
160
172
175
176
191
193
199
207
214
224
227
241
243
252
267
275
296
299
301
309
319
329
340
343
357
358
361
369
379
390
394
403
406
407
421
428
429
463
467
482
496
6
15
17
42
54
68
79
112
122
136
140
143
146
157
158
191
192
202
220
222
225
239
241
255
275
301
303
310
328
334
338
356
363
370
378
379
380
392
394
396
416
425
431
433
435
438
452
472
474
485
492
495
12
40
48
49
50
57
76
95
104
105
113
133
137
139
142
159
163
176
189
217
237
248
265
273
290
299
311
314
317
320
323
344
346
378
389
395
415
422
426
429
437
447
448
450
453
464
467
469
474
484
499
1
3
32
40
44
47
48
57
63
95
102
113
120
133
136
151
154
173
175
180
199
209
224
232
235
247
249
255
269
272
277
285
289
290
294
295
322
333
337
338
344
349
367
391
404
405
408
414
424
425
429
431
434
443
446
451
456
473
480
482
493
0
8
13
30
67
91
95
97
106
127
131
135
144
153
161
211
226
229
232
274
303
321
323
343
345
375
376
385
393
404
420
428
444
459
476
33
34
47
54
97
108
115
138
141
156
173
174
194
200
203
214
220
230
237
280
282
289
304
318
362
377
380
395
405
411
415
426
427
436
439
457
482
483
499
6
9
26
28
38
41
47
49
51
57
65
68
71
83
84
86
92
102
108
122
129
141
149
190
196
206
214
225
241
253
257
278
283
340
350
353
361
378
387
394
404
411
414
418
429
438
460
471
478
485
489
3
18
33
49
56
67
71
73
80
83
99
101
102
106
113
118
129
130
143
155
166
175
176
206
229
231
238
258
259
266
285
288
289
295
297
301
330
340
344
351
369
371
374
377
379
387
388
402
403
418
427
435
446
447
464
486
491
497
8
9
25
31
39
42
43
56
120
122
126
145
151
152
155
163
167
172
176
177
179
182
203
232
250
252
256
288
293
295
321
325
335
356
363
369
380
385
408
438
447
460
468
478
480
488
498
4
9
26
32
37
45
80
85
88
90
96
103
104
106
115
136
161
209
216
232
263
266
280
281
287
331
333
341
352
374
384
390
393
394
395
422
425
434
457
467
471
477
482
497
2
15
20
29
61
66
87
89
102
103
108
126
140
153
159
167
179
215
217
230
235
236
241
254
258
260
263
267
269
270
282
297
300
312
318
346
347
368
388
394
400
407
417
429
445
447
450
466
468
474
475
482
495
498
4
12
21
29
56
59
60
66
69
71
92
109
116
178
199
211
224
236
241
259
262
273
282
300
308
312
315
326
329
330
334
342
365
383
385
406
407
412
415
416
423
454
469
470
489
491
497
2
30
36
39
48
56
59
95
107
120
130
154
162
163
169
171
183
211
214
233
243
256
258
261
271
272
294
313
323
328
329
339
350
388
393
397
406
409
418
425
430
435
443
449
470
480
489
490
497
498
2
8
12
13
34
41
47
74
96
100
130
136
201
211
213
216
217
223
225
232
241
249
265
270
272
277
278
286
288
296
330
337
344
356
364
367
396
405
406
408
429
438
442
444
460
481
493
496
0
12
40
70
72
82
86
91
108
111
121
148
157
161
164
168
193
196
204
217
226
241
247
248
267
270
278
290
297
301
303
309
324
325
346
356
359
365
367
368
369
415
434
443
444
449
453
468
6
19
23
48
49
50
58
74
82
93
103
158
168
169
175
202
204
207
210
215
237
246
257
259
263
264
287
302
304
309
311
333
337
343
344
368
373
396
409
419
438
457
471
475
481
486
493
494
6
7
8
9
12
31
42
53
66
68
77
89
110
113
131
134
150
172
180
186
201
203
205
206
208
211
222
239
240
258
269
270
277
287
321
322
325
329
335
342
344
350
363
376
378
380
395
418
422
424
436
457
460
486
494
498
5
6
13
16
26
34
36
37
38
46
48
52
53
54
56
60
71
78
98
125
131
132
139
146
150
159
179
202
215
221
225
247
278
280
301
334
348
355
366
374
395
427
441
443
444
473
478
481
491
5
29
39
58
61
69
72
75
103
108
150
164
168
175
185
192
204
205
214
216
218
220
252
269
274
275
287
293
298
312
321
339
353
368
369
381
392
395
397
398
407
408
414
416
422
435
438
446
469
482
493
1
34
40
48
49
53
100
113
157
159
172
217
221
234
246
249
252
265
275
279
282
283
289
290
302
308
327
330
355
370
371
382
387
393
410
427
433
438
459
468
474
476
481
483
499
1
9
11
28
30
37
40
41
46
80
85
90
104
115
123
150
154
163
178
207
209
222
226
233
234
247
262
263
271
272
275
294
298
322
324
329
336
341
359
367
368
374
407
429
437
438
446
447
448
461
465
476
482
484
485
487
499
12
15
22
32
34
54
55
61
74
80
89
104
105
106
110
117
138
142
162
179
180
192
195
197
206
214
215
221
230
242
249
265
274
277
282
287
289
291
315
330
339
354
356
358
363
378
417
430
434
437
452
465
466
469
495
9
35
50
59
75
85
98
100
108
110
116
122
132
158
159
172
179
183
190
191
216
218
221
227
228
231
236
241
248
264
269
280
284
285
286
307
315
325
328
329
330
335
340
344
350
359
366
367
385
386
402
436
455
475
21
24
40
58
59
67
70
83
107
108
110
112
118
131
140
141
154
167
193
201
204
205
211
227
242
247
249
251
258
265
271
281
298
304
305
307
325
349
357
363
370
371
383
385
399
400
402
403
408
415
432
477
499
21
32
33
35
40
48
49
67
80
82
83
85
89
92
95
129
141
146
151
156
159
179
191
193
194
196
207
212
220
228
238
250
254
266
309
314
317
319
363
368
404
405
407
430
442
458
468
480
484
8
12
47
63
73
82
93
108
113
117
118
119
121
123
146
159
164
175
178
190
201
204
206
208
209
215
223
227
244
248
263
267
269
271
303
308
320
332
337
344
345
365
377
391
411
416
433
441
475
477
484
495
24
39
54
61
76
79
84
85
89
90
109
125
131
158
166
167
181
185
190
219
222
226
230
247
258
263
264
268
288
298
303
304
307
319
335
339
360
372
377
378
384
410
413
414
417
420
437
440
454
463
13
28
38
50
54
57
64
70
78
82
89
105
115
122
170
172
178
179
182
190
197
200
229
240
251
263
267
277
286
294
304
319
325
336
340
342
353
357
359
360
364
371
374
385
389
413
417
418
429
441
442
445
474
475
496
5
9
11
25
45
57
62
73
79
81
88
89
114
117
119
120
125
128
129
135
152
154
160
161
166
197
211
214
219
222
224
239
242
247
248
261
272
279
288
316
326
339
378
379
403
410
411
412
413
417
418
422
440
453
454
462
488
489
1
10
17
18
20
21
34
47
53
54
73
88
90
94
105
114
135
148
203
249
261
266
270
296
321
322
325
328
339
354
367
368
369
374
380
392
397
404
422
427
439
448
457
458
474
495
498
25
31
44
64
80
89
93
98
99
107
121
150
194
198
204
207
218
225
229
252
254
261
262
280
284
318
319
330
331
339
344
351
356
360
361
365
419
449
457
470
476
490
493
497
5
25
26
44
77
93
102
105
122
132
136
145
151
153
157
172
203
221
229
266
270
290
296
318
323
333
337
356
367
400
414
417
436
448
463
476
486
498
499
20
27
41
51
77
99
118
126
129
143
150
160
164
183
186
189
213
216
246
248
250
276
303
309
314
318
325
328
333
372
385
394
421
430
441
8
10
12
13
21
23
24
31
44
51
60
92
104
110
123
125
127
134
137
142
149
164
173
187
194
195
209
210
219
220
228
241
253
256
268
270
286
298
307
314
319
373
381
382
392
402
403
406
413
457
465
475
477
486
494
496
2
13
16
28
39
67
71
81
88
90
101
103
104
119
128
132
161
162
166
186
209
216
223
235
243
251
273
297
308
329
337
365
376
381
395
396
404
413
415
419
428
445
489
498
10
14
24
32
33
36
43
57
58
79
82
88
89
91
100
101
104
107
117
119
123
125
134
170
174
177
179
199
206
226
230
231
250
261
262
267
276
284
286
299
303
307
321
346
353
355
364
402
405
415
451
462
472
479
494
5
6
12
33
36
45
56
72
91
114
133
143
151
178
181
188
189
205
235
245
251
255
258
260
301
313
326
336
353
354
370
380
396
398
408
422
432
434
435
440
443
447
454
455
458
474
493
496
29
40
52
57
74
88
89
101
102
110
144
150
155
177
181
184
187
190
202
203
218
224
236
238
242
243
246
260
265
268
284
303
304
320
356
365
382
384
398
404
422
434
477
478
482
489
490
492
493
499
14
16
24
59
73
84
89
91
107
108
140
149
151
185
194
204
208
215
224
230
238
249
250
282
283
287
300
303
304
310
316
360
363
370
374
377
382
407
412
431
462
464
470
471
487
493
499
8
9
15
25
30
33
53
74
79
86
98
102
109
113
114
170
177
180
188
190
194
198
205
206
227
236
244
256
258
275
287
295
297
304
306
309
313
320
323
325
342
358
363
384
385
390
391
396
406
409
422
432
438
447
448
452
459
461
466
471
5
6
7
20
23
42
47
50
54
60
70
83
88
89
92
108
121
129
136
148
164
203
207
213
223
228
233
237
264
280
306
315
322
348
359
375
378
382
385
399
407
409
420
437
446
447
451
472
1
20
21
29
35
37
43
48
51
53
57
61
66
104
111
118
128
142
147
159
164
169
189
199
203
214
216
224
228
242
243
261
267
274
310
312
322
367
369
374
380
382
384
399
420
428
434
439
457
462
477
495
3
7
9
18
25
26
45
56
60
79
120
138
139
161
162
173
182
184
203
209
213
224
225
228
239
242
245
247
253
256
265
273
278
293
302
330
354
371
399
410
427
428
431
435
437
441
444
468
475
485
8
21
53
58
65
69
76
79
81
82
91
100
122
131
147
155
164
167
170
177
178
179
197
202
208
210
219
220
227
244
246
248
263
275
277
299
300
345
348
350
362
367
374
377
386
391
404
411
415
431
436
469
482
491
495
13
14
18
36
39
67
68
77
98
100
110
117
120
125
145
148
151
154
155
160
171
174
175
194
205
235
255
270
282
285
286
291
299
308
309
323
330
344
349
356
385
412
417
428
437
439
443
451
457
469
470
476
482
492
493
498
0
24
29
30
32
56
57
66
78
80
84
88
105
114
126
143
148
199
206
213
218
220
222
224
231
246
250
259
265
308
319
326
332
336
363
365
382
412
429
430
450
462
472
476
480
489
19
23
39
44
45
53
70
83
88
100
108
118
121
126
150
157
159
164
168
180
182
196
207
226
259
292
293
300
307
317
318
323
330
331
333
344
356
370
376
395
398
419
428
433
446
474
475
480
487
21
54
68
77
87
91
106
122
138
168
185
223
237
240
242
244
245
249
280
287
288
289
296
309
322
346
359
382
389
390
393
402
436
442
444
452
476
480
487
489
493
499
8
10
14
28
29
38
42
56
61
83
85
87
96
99
112
115
124
140
146
156
168
180
185
197
200
211
243
244
258
260
273
275
280
285
294
304
329
346
348
351
356
377
402
413
441
449
465
473
480
487
6
7
14
23
31
54
73
99
103
105
115
122
125
133
168
176
207
226
264
266
269
271
279
291
300
303
305
326
341
355
361
369
381
383
400
418
424
428
446
447
449
450
466
479
482
4
23
31
34
38
53
62
89
103
117
119
122
133
136
140
150
154
199
204
209
218
219
232
240
247
275
281
309
313
314
320
321
326
329
338
340
345
347
359
385
394
411
423
425
436
437
446
447
457
479
484
492
494
496
2
19
24
37
45
46
74
77
81
93
95
103
112
117
145
169
189
193
194
201
206
208
224
244
255
260
264
279
282
293
299
302
312
320
338
356
362
409
410
412
431
442
451
467
470
479
491
492
1
6
7
12
31
42
69
72
80
81
99
100
129
148
167
189
195
210
228
238
247
249
274
277
280
284
287
288
290
298
306
314
321
322
325
337
346
352
358
360
361
367
371
387
394
407
417
419
441
442
470
476
483
486
493
4
9
18
26
29
32
37
54
60
61
64
72
82
94
96
100
116
119
142
146
152
163
164
173
176
180
182
196
207
229
231
244
245
253
288
290
291
341
360
384
399
402
404
445
447
453
467
3
16
17
19
22
23
35
39
40
53
58
71
75
90
91
99
102
106
130
155
157
161
192
195
201
206
220
235
248
279
280
288
300
305
312
317
318
345
357
368
375
397
401
415
416
421
427
431
438
441
475
482
487
20
33
35
55
58
62
72
83
101
113
125
132
160
162
166
196
228
237
245
270
279
286
295
302
314
331
348
354
381
387
396
397
404
416
417
422
424
429
432
450
471
477
478
497
5
31
47
57
64
65
68
72
73
96
114
119
126
138
148
153
173
178
187
198
200
213
216
223
244
261
275
287
293
298
313
343
346
349
350
358
374
406
412
413
419
420
435
494
2
11
21
22
23
24
33
44
49
50
56
64
76
78
91
104
141
148
150
168
182
184
208
215
225
228
232
236
256
257
258
270
325
334
340
347
353
355
378
382
392
393
394
399
404
408
456
462
463
465
468
486
15
26
28
52
53
54
56
61
74
85
93
94
104
107
118
119
137
148
173
182
190
191
196
204
212
221
229
236
249
253
262
265
266
287
307
311
324
326
340
345
349
353
372
378
401
440
452
454
455
485
3
6
13
17
40
49
62
68
74
90
97
98
115
122
134
152
159
189
190
225
226
233
261
262
273
281
284
287
288
314
318
320
332
345
353
355
364
384
391
401
408
425
427
444
449
454
487
491
0
26
29
37
42
50
56
84
85
103
105
108
124
133
157
187
194
203
205
206
211
257
264
279
283
288
290
307
309
346
364
372
373
392
408
418
434
437
438
442
446
20
32
34
36
44
47
51
55
57
60
65
86
90
156
169
188
195
199
201
211
219
251
266
286
311
312
316
318
319
327
328
345
354
383
389
391
394
395
402
404
411
421
424
427
446
447
462
477
481
491
493
18
37
59
62
63
80
84
87
92
106
115
118
171
176
177
180
185
187
197
201
207
212
226
249
252
264
266
274
298
303
306
323
325
329
356
358
393
396
398
405
418
420
421
429
432
433
439
440
449
473
476
490
5
11
15
23
29
39
43
56
63
92
105
108
143
151
158
159
161
171
185
189
196
213
214
218
220
221
222
224
244
248
250
260
262
268
269
281
284
289
296
297
300
304
313
325
340
354
364
369
373
375
386
399
407
417
424
431
448
454
460
494
496
2
19
28
39
45
67
71
72
78
81
84
92
95
127
132
151
157
178
215
216
227
234
248
252
256
295
296
313
323
335
342
347
355
359
369
377
392
411
419
430
435
436
464
473
480
483
490
495
10
35
40
60
67
79
95
104
127
134
135
148
154
164
184
197
208
211
232
237
249
250
270
277
286
287
288
291
298
313
320
337
338
339
341
343
345
371
383
386
393
395
401
408
416
422
424
438
447
458
460
488
1
11
23
25
47
49
58
89
96
99
103
116
124
136
142
150
174
179
186
193
201
208
218
222
254
257
262
267
268
277
301
308
310
325
329
341
365
369
378
389
392
416
423
431
448
453
458
465
467
481
487
19
36
45
57
66
87
88
89
99
109
110
122
127
136
156
189
197
214
223
234
257
284
289
296
309
317
323
340
347
352
353
359
374
383
384
386
397
398
404
423
464
471
479
482
487
491
9
13
15
17
20
26
41
58
81
109
119
123
133
159
164
187
196
199
203
206
212
224
237
253
258
259
282
285
298
324
334
385
389
402
407
425
450
451
479
487
488
489
0
15
19
20
42
46
47
53
57
60
64
67
102
110
112
114
153
184
190
194
196
210
229
234
236
243
249
250
255
262
267
276
292
296
301
303
311
329
349
367
370
381
411
418
434
436
437
440
452
473
479
488
491
497
12
55
60
64
65
90
98
103
105
112
117
124
130
142
153
156
163
164
169
174
185
189
191
198
227
229
264
279
286
305
344
345
346
357
397
401
403
408
418
430
437
447
473
490
4
18
19
37
38
45
65
95
128
135
143
144
164
167
192
194
208
211
218
230
241
256
261
271
289
299
302
308
332
333
344
352
357
372
381
382
398
421
427
452
462
483
486
10
16
30
37
68
92
114
115
118
136
146
147
153
158
165
168
170
189
208
232
234
235
257
258
260
278
280
298
305
321
322
326
341
356
367
390
400
419
422
424
432
440
441
477
490
494
27
33
35
44
53
78
90
92
122
134
135
156
159
162
164
178
179
181
187
191
202
212
213
214
220
222
225
245
249
254
282
283
287
296
307
328
329
330
331
332
342
346
350
370
389
398
417
429
452
462
489
490
492
9
11
16
17
19
20
21
35
46
51
54
65
71
82
94
97
104
111
115
126
134
135
167
169
174
181
195
226
238
240
241
251
254
278
284
297
311
326
343
344
350
362
365
375
382
405
411
429
462
470
477
482
484
499
8
9
11
13
24
25
40
54
61
83
87
88
91
109
121
127
129
147
165
166
172
185
186
188
189
200
201
202
203
205
209
218
225
226
249
250
257
264
265
273
275
277
278
297
299
300
304
311
336
338
361
362
370
394
407
414
418
433
443
445
456
472
475
478
496
497
498
0
6
31
36
47
48
53
79
81
88
92
95
108
113
115
118
120
134
136
138
144
152
156
175
188
226
228
229
242
244
248
253
255
263
271
275
281
298
312
315
316
325
329
336
337
338
340
348
351
358
363
391
392
407
420
434
450
460
492
5
34
48
54
66
79
95
100
111
124
127
129
144
150
155
186
190
205
222
256
258
265
290
307
311
342
349
351
362
384
390
403
411
418
423
428
455
13
17
55
60
84
97
102
104
131
136
146
163
167
173
174
184
202
204
229
232
239
240
246
247
269
271
281
291
309
322
327
329
332
377
378
379
407
410
417
438
457
458
461
480
481
493
5
38
45
63
64
77
99
100
118
123
126
129
143
149
151
164
172
186
197
218
219
234
242
249
266
288
294
302
305
323
328
333
335
340
350
356
370
377
379
403
409
421
424
451
460
462
480
481
486
488
1
2
23
30
37
39
42
54
55
56
63
74
78
87
89
94
95
97
119
120
127
129
140
152
158
184
198
221
225
228
236
240
259
264
267
271
272
278
291
298
304
319
328
378
382
392
405
415
416
476
481
487
495
33
42
52
55
64
75
89
90
91
108
130
166
180
198
206
215
228
245
258
274
276
284
290
294
325
329
350
354
358
359
365
370
403
404
406
411
416
423
442
444
458
461
474
480
486
6
8
37
43
50
69
78
79
81
87
104
117
146
149
164
171
181
182
189
194
203
213
238
246
258
268
276
306
312
315
317
321
326
336
342
346
355
356
390
410
417
418
426
433
467
470
481
485
489
2
13
46
60
93
96
98
106
112
128
145
151
158
160
171
172
182
183
199
223
227
232
238
246
263
269
277
286
295
314
322
327
352
354
361
363
365
370
376
380
382
384
391
401
420
429
430
437
442
448
458
472
473
474
485
17
32
36
39
52
62
77
109
114
116
118
126
169
175
179
186
200
202
231
239
240
263
274
301
311
320
322
326
335
339
380
420
463
467
480
481
489
499
11
19
40
43
55
60
80
82
103
119
124
139
156
159
160
178
189
195
199
205
222
224
226
236
242
250
258
268
273
280
284
295
305
319
321
329
347
361
362
367
369
371
375
378
429
462
465
466
471
479
488
8
14
25
49
73
82
85
93
108
110
121
129
137
155
156
160
169
189
227
232
234
240
241
255
261
267
272
275
290
303
321
354
366
384
390
391
394
410
412
419
421
422
424
426
458
460
472
474
478
480
491
498
4
5
10
12
15
18
27
34
46
50
91
97
100
101
103
106
113
115
134
135
137
158
160
161
163
175
179
187
228
229
282
289
298
305
320
325
328
339
344
356
370
373
381
386
400
405
407
423
433
435
436
445
456
461
476
480
486
18
22
30
39
46
51
56
72
94
104
106
122
139
158
183
204
219
227
246
266
274
295
296
302
315
324
337
351
354
361
365
390
393
394
404
409
418
428
429
431
438
449
453
467
470
475
479
483
484
488
3
19
29
41
49
68
69
74
75
92
94
110
131
134
153
162
163
168
175
178
186
189
193
197
206
218
226
239
256
276
281
290
303
308
314
321
326
333
347
352
361
367
390
398
427
430
432
438
454
457
462
463
465
492
496
497
1
9
23
58
59
70
76
93
97
102
106
109
111
122
136
160
164
174
182
185
202
222
230
234
235
255
264
268
290
292
293
296
298
301
314
317
328
330
337
340
342
373
377
381
383
393
396
406
437
450
452
464
471
472
475
482
484
495
496
499
51
63
69
73
84
110
111
122
140
155
174
177
185
190
209
222
252
270
271
294
295
344
347
362
371
415
416
419
436
466
473
484
495
499
1
11
29
33
42
67
85
89
100
117
120
145
156
174
182
201
214
217
227
228
235
247
249
252
264
290
308
353
355
371
385
393
394
395
398
399
407
422
430
446
447
458
465
474
479
492
498
8
9
11
15
28
29
44
54
74
85
92
95
113
114
120
122
126
128
131
139
150
152
161
168
181
183
185
196
202
211
215
226
230
243
257
259
270
292
294
297
343
358
359
362
375
377
395
396
416
421
422
433
440
441
447
457
464
469
472
480
487
45
52
61
78
85
90
93
100
104
114
121
127
132
136
138
153
160
163
171
176
178
188
190
194
211
213
231
255
262
264
265
271
294
330
332
333
344
362
365
366
368
386
390
443
467
470
485
498
8
26
35
38
42
66
80
102
106
125
135
139
152
153
173
185
199
202
211
213
217
226
238
239
249
265
267
279
282
285
316
320
325
331
341
351
364
407
409
419
425
430
431
432
440
441
443
455
495
0
23
27
33
40
72
82
99
105
108
112
122
123
125
142
165
176
190
209
216
219
220
221
224
241
251
253
255
257
261
263
271
275
279
287
290
312
314
323
325
329
336
362
365
366
368
385
414
418
421
427
431
451
472
483
25
33
35
43
59
66
70
74
75
78
87
98
100
107
123
144
151
179
181
216
232
260
267
269
270
273
282
318
322
348
353
356
360
365
376
385
387
391
393
405
418
427
429
435
440
441
444
450
451
459
470
486
492
1
17
18
24
30
49
62
70
72
75
76
82
91
96
102
111
127
129
132
133
135
138
159
163
166
171
199
206
214
217
235
244
249
273
282
283
295
297
304
312
316
318
358
359
363
388
396
406
418
423
429
437
465
471
5
23
38
42
45
57
77
79
88
89
125
136
153
195
200
205
207
231
243
263
269
275
300
306
312
326
357
384
390
400
403
409
424
431
434
448
472
492
17
18
40
50
62
63
78
94
105
121
127
136
151
163
175
188
193
209
221
234
238
247
271
273
285
301
306
311
312
317
339
342
362
397
405
416
425
445
452
455
459
491
498
10
13
16
22
23
33
37
79
80
81
94
109
112
117
132
138
140
157
174
191
192
220
224
234
238
251
253
270
280
286
290
306
309
317
344
353
356
357
381
395
407
419
427
438
442
445
447
454
460
465
466
470
484
497
498
20
23
41
68
77
87
94
97
100
141
150
155
166
170
182
196
203
208
210
214
217
218
237
255
256
259
268
275
277
285
326
340
345
355
376
379
427
475
485
487
499
11
33
35
36
50
51
53
54
73
79
86
90
127
133
139
160
161
167
170
174
177
189
213
216
235
238
258
266
270
327
343
347
385
387
388
405
419
421
431
438
444
448
451
453
455
458
461
462
465
471
473
486
488
5
19
49
57
81
93
97
105
121
133
138
139
161
190
193
217
229
234
236
238
241
247
250
274
282
297
298
300
303
319
324
331
345
354
357
359
360
362
379
382
393
395
402
407
442
445
447
459
466
472
487
494
4
18
24
30
33
76
77
83
84
99
112
117
120
125
133
141
145
146
147
155
158
159
166
180
189
190
199
200
205
222
234
238
241
245
264
266
269
280
289
323
330
347
375
392
393
395
397
407
431
440
465
466
17
20
31
35
44
46
58
61
72
83
95
97
99
114
130
135
138
143
164
173
206
211
227
262
263
272
276
297
300
303
304
314
347
350
366
372
399
400
401
410
417
442
456
458
462
463
469
476
481
493
48
63
80
84
95
100
122
169
173
185
188
190
192
196
199
205
215
217
219
220
235
246
278
284
288
289
294
295
315
325
333
340
350
356
364
365
371
379
381
388
397
402
459
2
6
12
19
35
36
37
38
45
51
55
66
82
84
88
94
124
127
145
156
173
174
218
229
230
233
234
268
270
275
285
286
288
305
310
311
319
322
346
349
354
360
363
372
375
376
380
408
427
451
453
457
464
473
478
480
482
487
489
492
6
9
14
19
31
64
89
92
95
98
117
150
159
169
171
193
206
212
216
228
230
236
262
263
270
301
308
320
332
336
347
364
370
386
399
412
426
435
442
447
467
471
476
477
478
479
483
16
32
45
54
58
64
73
74
83
93
119
123
130
131
141
149
150
156
166
176
187
190
199
211
245
247
262
269
281
291
296
310
316
319
342
345
360
366
371
386
387
417
418
423
425
448
449
0
4
10
18
25
28
38
41
50
64
72
83
86
98
99
118
120
125
139
155
165
179
191
192
196
200
206
207
227
236
241
249
250
275
277
278
285
290
296
299
327
331
333
353
366
368
370
384
389
401
409
424
435
456
458
459
463
474
479
487
489
11
44
47
53
111
118
120
128
129
133
136
139
142
143
146
150
171
174
199
202
203
223
233
291
293
294
298
299
309
331
337
359
370
375
380
381
395
402
422
430
439
459
473
487
498
6
14
21
27
29
35
42
46
54
56
106
109
128
133
140
141
155
174
187
201
207
231
234
236
237
238
250
280
282
284
310
311
318
322
337
339
345
371
391
407
415
418
431
436
474
478
483
3
15
17
34
36
43
53
54
62
77
87
91
96
99
103
119
135
149
156
162
180
182
194
204
210
212
236
247
260
266
272
274
281
302
303
313
322
324
329
335
344
364
380
395
409
428
434
464
465
476
479
2
4
16
24
49
52
61
79
84
86
93
96
105
116
120
154
158
160
169
187
189
198
204
210
215
216
221
238
242
252
253
254
256
279
288
290
346
347
356
363
379
397
414
421
432
443
448
464
491
2
38
42
53
57
76
85
104
131
136
138
152
165
180
192
203
210
217
219
221
223
225
244
247
261
277
292
295
297
302
304
305
311
335
342
347
367
373
401
409
414
423
444
447
454
457
458
468
474
478
480
487
491
3
5
13
19
22
30
53
66
79
85
105
110
139
145
156
157
167
170
224
235
242
252
254
258
278
287
289
311
313
314
322
326
334
338
378
399
405
419
421
422
434
442
459
491
7
50
60
93
111
115
123
145
153
160
167
169
189
198
206
210
223
242
249
253
274
288
294
321
324
343
358
363
367
372
415
417
452
491
495
11
16
26
36
56
66
71
74
79
90
91
103
108
151
152
161
187
195
207
217
224
226
227
231
247
252
258
266
287
293
295
296
304
305
312
323
332
357
365
388
395
401
402
410
411
412
421
429
446
453
469
475
483
492
495
19
26
29
42
56
69
71
77
87
104
107
154
184
195
197
208
216
230
235
243
248
256
258
261
273
321
327
334
358
361
390
396
402
412
416
419
425
433
434
436
444
461
464
465
481
495
497
498
28
40
53
54
103
107
110
113
134
150
151
189
199
216
217
233
239
241
256
259
262
271
274
275
277
289
296
324
331
341
362
367
372
377
381
390
412
427
449
457
471
0
19
28
41
49
61
75
77
89
92
96
102
117
131
138
145
147
151
169
174
192
201
216
225
229
246
254
283
291
295
311
316
318
320
330
334
357
360
362
378
381
382
385
397
404
406
419
424
430
437
439
447
449
468
470
475
476
491
498
2
19
23
30
37
43
60
61
65
84
88
99
106
115
123
158
162
170
175
176
180
185
195
224
245
255
270
279
293
301
304
306
316
320
325
340
354
356
362
368
375
381
396
399
402
414
419
421
434
454
476
496
15
44
58
70
80
97
110
130
142
152
156
157
160
168
185
198
199
209
210
215
234
236
241
244
269
282
287
289
293
307
317
329
343
344
351
353
375
376
383
393
442
444
451
455
462
465
468
15
21
28
29
36
46
60
61
76
77
93
107
136
148
158
159
170
172
175
207
220
227
230
232
239
243
249
265
282
304
324
330
358
361
364
388
390
394
398
406
438
441
451
461
467
475
476
490
499
21
33
81
84
93
97
110
119
123
127
139
145
151
157
159
161
164
170
175
200
208
222
228
242
247
252
264
269
274
286
296
302
305
310
315
318
321
332
342
358
362
380
385
405
411
420
426
430
431
455
475
489
495
1
8
10
32
34
36
37
39
40
45
69
74
77
80
90
99
117
139
148
150
167
169
171
174
175
195
240
262
264
272
283
293
295
303
309
311
331
336
351
354
357
376
405
422
426
437
444
459
462
482
497
21
41
46
76
81
95
96
107
144
153
165
174
175
178
199
201
205
222
261
267
293
298
299
308
324
335
338
348
384
398
400
402
411
439
446
448
450
451
457
463
464
468
470
475
477
0
12
42
46
51
59
61
102
104
107
111
122
124
139
142
178
189
196
200
231
247
282
298
302
321
331
339
350
379
388
389
397
433
438
450
464
469
478
481
489
498
2
3
24
25
47
48
55
64
77
95
103
110
113
134
147
149
159
165
185
188
190
207
212
232
266
272
278
289
299
304
306
309
317
323
343
349
356
360
364
385
397
435
440
466
470
476
488
491
495
496
22
27
31
57
59
66
74
118
120
123
132
142
145
153
157
162
163
192
203
211
236
239
248
252
254
272
275
306
309
345
348
354
360
362
366
372
373
398
402
411
413
416
443
456
476
487
491
10
15
26
30
32
33
35
36
37
42
59
80
89
90
96
106
110
134
157
216
226
229
241
246
264
267
270
295
300
305
316
323
325
338
376
379
397
407
414
417
421
422
438
450
452
455
465
479
493
0
7
12
50
74
92
136
145
151
159
167
175
187
190
201
210
243
255
261
284
297
323
343
384
390
406
413
416
419
428
439
449
461
488
1
11
18
47
49
51
56
61
70
93
109
116
120
124
154
165
174
193
198
241
248
255
269
274
283
307
324
347
388
400
407
408
413
414
425
432
435
456
461
496
7
11
12
26
28
29
41
47
66
71
93
100
118
137
153
176
200
205
223
262
267
276
287
293
301
304
321
330
334
335
348
351
383
393
402
404
405
407
408
411
428
432
439
444
457
463
490
2
8
28
51
56
78
105
112
120
123
144
148
150
153
155
161
169
225
239
253
271
277
285
287
306
318
322
332
335
356
364
365
366
367
369
379
416
438
458
462
475
478
479
482
490
491
494
2
8
23
37
52
59
66
98
107
108
114
119
126
142
154
163
181
183
202
207
211
236
238
259
261
270
275
293
297
324
331
346
350
354
380
381
399
400
401
413
424
440
447
448
458
463
471
483
495
2
26
32
35
48
52
62
66
77
95
96
124
131
146
149
154
157
160
166
175
201
203
233
236
244
253
255
261
264
267
283
288
289
296
306
330
363
370
379
380
381
382
393
399
407
408
409
413
450
453
460
471
482
494
498
1
51
59
69
74
107
113
146
152
154
157
158
160
171
198
246
253
275
283
289
299
307
308
317
327
334
339
352
356
357
374
381
392
394
407
408
413
436
440
443
444
449
453
455
459
481
12
13
22
29
43
49
55
57
64
73
81
91
98
101
108
135
143
155
160
162
175
179
191
193
210
215
218
219
252
257
275
299
306
309
316
318
323
330
336
341
362
370
371
396
419
423
424
425
429
437
439
446
451
473
479
0
8
25
43
52
57
67
89
96
106
107
109
138
146
153
155
159
164
168
169
183
189
190
207
208
210
212
234
276
287
306
309
336
356
368
388
398
409
432
444
448
458
459
475
487
496
499
30
31
42
53
56
62
66
67
75
77
78
93
94
106
108
109
120
155
177
178
189
212
226
242
256
269
283
315
326
348
351
357
368
370
387
407
412
436
439
440
445
9
11
22
24
25
33
34
35
44
46
51
62
68
69
87
141
157
189
193
213
215
226
246
260
265
277
289
309
311
313
318
326
332
339
342
347
357
358
363
375
381
390
395
411
426
439
441
445
448
460
465
480
483
0
12
33
54
59
66
68
79
82
90
93
100
109
130
137
147
149
163
171
183
185
189
199
211
216
223
242
247
256
274
279
290
298
304
333
340
342
348
364
373
381
393
402
414
431
433
434
463
479
487
491
12
14
19
24
35
54
56
61
63
64
65
127
134
144
149
166
170
175
177
179
184
190
196
207
213
218
230
232
245
246
254
257
270
271
273
279
281
286
294
303
309
312
331
338
343
348
350
357
376
377
386
389
395
422
426
452
458
496
4
5
10
27
31
46
57
74
89
131
142
154
158
166
175
190
207
211
216
232
239
253
266
286
292
300
346
351
357
362
391
406
407
409
414
415
437
452
479
1
6
19
23
37
62
90
131
132
136
138
147
149
152
162
163
166
176
182
193
195
209
231
232
234
246
280
282
290
293
317
334
342
345
356
366
367
377
390
400
421
438
460
468
10
49
50
54
87
88
93
108
121
130
135
136
153
155
172
204
208
209
229
237
244
277
278
286
313
314
343
349
364
375
392
397
400
430
434
439
450
455
487
494
0
7
12
20
25
32
39
44
55
59
61
63
73
79
85
86
103
107
112
135
137
145
168
170
171
178
192
195
217
239
251
256
258
275
276
277
300
312
329
333
341
372
375
385
396
399
407
411
416
417
426
429
445
449
459
470
480
496
15
46
52
59
64
68
76
79
96
152
157
160
161
180
184
188
201
223
225
234
241
246
248
302
312
321
331
346
347
348
357
374
375
383
395
406
413
414
437
451
469
481
483
489
492
9
35
42
45
51
66
70
88
131
133
134
153
175
182
200
203
220
227
230
234
244
259
260
272
290
299
310
313
317
325
339
359
363
370
383
391
395
412
413
438
445
456
457
460
468
470
481
493
45
64
68
80
88
96
119
130
133
149
163
172
181
183
206
231
245
248
252
271
278
279
312
322
326
333
341
350
355
365
376
391
393
395
402
403
418
419
434
439
447
468
472
497
0
4
8
12
17
20
40
84
88
95
105
130
169
185
202
203
205
211
234
260
264
281
284
297
312
316
346
355
374
383
385
403
414
433
455
462
471
481
486
491
496
21
26
33
59
71
72
77
85
86
87
94
96
101
111
125
126
127
149
155
174
179
195
198
237
249
269
272
285
289
290
298
302
315
326
353
367
370
377
382
396
404
415
416
419
422
424
443
446
448
449
459
464
474
487
496
6
9
11
21
25
28
39
53
57
70
75
83
115
118
138
156
173
182
188
196
204
213
215
240
247
253
278
309
324
325
326
354
385
386
410
422
438
20
24
47
48
50
56
72
100
112
115
118
121
144
170
176
178
180
191
199
209
226
232
235
253
263
271
296
309
327
370
379
384
385
388
392
421
451
456
459
461
467
475
491
493
7
19
21
24
30
34
66
91
96
113
118
121
130
146
152
158
167
168
170
180
190
194
224
225
231
234
243
247
251
253
260
305
309
319
321
322
327
328
341
354
356
365
373
377
386
387
390
394
396
398
401
402
422
434
437
438
443
449
454
458
459
464
474
481
485
493
0
22
30
33
62
63
83
88
90
113
118
124
144
153
155
156
172
173
180
192
193
199
212
214
220
226
235
253
259
269
274
289
292
305
316
319
322
349
358
359
363
365
381
390
410
427
438
448
451
479
481
482
494
498
2
17
43
49
57
65
67
85
87
94
111
116
118
121
127
142
145
146
151
165
167
189
190
196
201
238
243
244
245
247
269
273
287
299
306
315
324
327
330
347
348
352
368
376
378
412
414
423
427
428
429
434
435
452
468
477
483
498
8
12
16
21
36
60
64
75
99
100
105
138
148
161
162
172
184
195
203
210
211
217
222
250
251
264
279
283
290
298
323
340
342
357
373
379
390
395
397
399
407
411
441
451
469
478
489
492
0
5
7
10
18
23
31
39
43
48
58
77
81
114
120
129
137
139
156
178
184
192
193
200
211
229
237
250
256
275
277
301
311
313
315
316
338
341
342
348
372
377
384
389
390
397
400
413
420
427
432
452
466
471
485
487
491
17
31
34
42
54
55
65
81
94
103
107
126
138
158
165
174
186
196
216
230
242
255
257
281
296
297
302
304
312
322
324
340
349
363
365
366
367
378
396
397
413
415
424
427
465
475
481
2
5
13
22
37
55
57
59
63
71
89
109
122
140
151
153
162
170
182
197
199
200
203
205
210
224
239
241
250
266
273
277
283
285
290
297
305
312
326
329
336
337
344
355
366
367
372
380
390
391
398
422
427
431
451
470
484
488
489
2
20
29
31
38
55
60
62
65
76
82
131
139
148
149
150
162
165
166
167
178
180
184
186
199
209
218
231
233
273
280
286
302
318
329
330
355
370
378
406
415
425
440
444
447
453
460
471
478
32
41
45
65
86
92
94
111
125
155
157
165
169
172
221
223
226
234
246
266
267
298
305
334
338
346
385
409
419
420
460
472
476
478
481
496
0
2
6
13
15
22
23
42
73
76
81
90
104
106
109
117
122
140
142
147
164
180
181
196
207
208
214
221
230
275
279
304
332
334
348
361
376
382
394
421
432
434
438
457
461
465
469
473
477
495
8
25
43
63
78
80
81
84
91
92
95
96
106
122
139
146
155
164
170
172
178
182
186
187
191
195
199
203
233
246
251
253
261
262
264
270
272
280
288
313
318
324
338
344
348
358
360
372
384
388
397
409
410
441
450
451
458
468
473
475
477
479
497
0
7
13
18
19
20
36
41
48
69
91
102
114
119
129
141
157
159
162
168
169
172
175
176
182
190
200
202
205
218
223
232
239
242
254
257
259
263
265
267
272
297
306
311
317
323
335
350
354
403
406
409
417
425
428
429
472
476
488
496
2
5
8
9
21
23
26
30
58
63
66
84
94
97
146
149
157
166
182
208
213
217
224
239
242
256
264
274
347
351
375
396
399
405
419
423
427
432
444
468
474
489
491
6
19
20
22
26
29
32
50
55
62
68
77
102
109
120
121
131
152
168
169
191
196
212
214
216
218
220
226
234
237
249
253
288
292
293
302
308
314
317
325
339
360
368
375
424
440
464
484
6
28
36
58
69
70
74
85
98
127
132
133
134
145
217
221
230
241
254
278
281
292
294
305
323
344
348
353
368
374
377
390
403
406
415
421
426
435
437
459
463
475
481
494
497
13
16
38
51
62
66
79
85
130
142
147
161
167
173
180
195
227
246
253
258
268
275
279
281
304
308
310
315
318
327
340
352
357
382
384
397
401
407
425
426
434
439
448
471
485
494
6
7
20
27
42
65
72
87
100
109
116
119
129
147
167
172
177
197
212
230
245
253
263
274
314
323
326
356
357
359
360
363
366
375
382
384
409
414
432
438
446
477
498
11
49
72
97
120
138
161
173
180
195
200
204
242
263
269
273
276
284
295
331
339
345
358
367
373
381
385
388
390
392
393
402
410
414
416
420
424
440
441
448
449
453
497
1
16
17
24
38
46
50
52
58
79
80
81
82
83
85
96
105
113
122
131
139
187
189
196
204
206
211
236
241
275
279
282
285
292
294
296
310
323
332
351
356
358
373
380
409
419
430
440
445
446
461
462
463
468
488
497
7
17
21
42
53
57
98
101
119
128
144
155
179
181
191
200
229
230
246
260
262
271
277
307
360
362
369
378
411
426
432
448
452
459
487
488
491
5
8
15
19
24
39
56
59
63
71
89
98
119
136
138
147
162
170
173
188
202
224
226
233
237
248
249
260
277
278
283
286
295
306
337
344
353
355
371
391
393
399
415
420
436
442
451
466
469
2
19
21
35
38
42
48
76
77
92
102
103
104
116
118
121
124
127
139
145
153
158
209
213
216
236
245
254
256
293
306
312
325
334
338
358
359
365
366
368
391
414
422
433
473
478
479
495
8
20
34
72
78
86
101
104
109
111
114
135
157
167
172
182
185
186
216
219
223
226
232
272
278
288
292
297
300
303
328
345
359
373
379
381
406
409
413
416
417
441
449
455
470
487
492
495
6
9
15
31
39
41
47
53
61
66
68
88
116
127
137
146
172
176
181
182
185
195
203
208
224
232
244
258
259
263
276
281
290
295
298
320
340
349
352
358
364
370
375
377
381
393
407
418
441
452
461
470
494
495
14
19
20
28
59
87
89
94
106
150
151
154
167
171
173
185
188
194
196
198
200
206
245
247
252
282
296
321
340
342
366
370
382
385
401
409
419
427
435
440
444
449
450
462
465
494
7
11
16
24
29
31
36
39
65
73
82
89
95
97
123
137
158
165
166
192
218
225
257
258
267
284
290
293
308
309
311
316
336
352
360
374
377
383
400
401
426
434
442
461
467
471
475
477
2
8
10
35
36
48
53
67
70
85
102
106
120
123
138
144
158
164
171
174
195
196
232
243
244
245
250
281
291
303
310
319
323
331
332
348
354
361
372
414
423
428
431
449
457
460
466
467
471
480
489
8
13
60
66
73
82
105
112
134
141
168
206
215
251
265
273
278
279
339
348
359
365
379
383
385
413
434
439
455
456
462
474
486
494
11
12
19
39
54
57
63
64
67
85
87
90
104
107
110
111
113
127
137
140
142
153
180
198
216
217
220
221
223
229
248
271
272
302
303
307
308
321
324
332
355
375
379
392
396
406
424
425
427
437
439
444
447
477
489
490
495
499
6
19
36
41
57
64
66
67
88
117
128
138
143
152
165
170
173
176
198
204
233
241
268
279
286
296
308
309
310
320
321
326
334
336
348
363
378
386
394
396
398
403
405
418
423
435
437
471
484
491
496
2
12
15
16
19
21
27
35
57
60
70
84
90
104
106
111
114
120
128
132
158
186
190
210
220
235
238
250
251
259
267
269
274
291
294
308
334
374
381
395
414
424
445
465
466
471
473
474
493
495
498
4
15
60
75
79
81
103
125
140
145
152
153
191
203
209
215
230
236
246
269
270
271
285
303
317
326
332
336
340
353
355
356
364
366
368
369
379
411
412
417
438
457
463
465
471
478
498
2
9
10
29
54
69
75
77
108
110
112
149
158
159
180
215
224
230
235
237
243
269
275
281
283
286
287
288
291
293
298
302
307
326
327
343
362
364
365
395
397
407
411
415
416
419
436
438
453
465
475
490
492
1
32
39
43
49
51
54
58
66
67
68
88
95
96
103
104
106
128
131
144
148
152
167
179
198
199
210
219
230
232
234
254
262
270
278
286
288
292
313
318
330
331
338
345
346
360
361
362
382
389
392
397
410
424
428
431
439
482
487
14
16
28
29
32
33
39
40
50
55
59
90
92
94
96
122
123
131
133
149
173
175
199
206
212
214
230
232
255
258
262
263
264
300
326
342
344
372
383
403
416
465
468
475
479
8
10
13
24
34
43
48
56
94
116
154
155
166
190
193
194
198
208
214
242
284
288
312
313
315
318
322
331
344
347
349
382
388
416
448
449
476
479
480
493
499
15
21
28
33
35
42
44
62
141
143
162
169
171
191
203
205
238
249
266
270
289
297
301
305
333
343
351
365
371
393
398
406
409
418
424
434
436
437
444
451
461
475
491
496
13
19
31
45
81
92
107
115
150
156
164
179
180
184
187
202
204
211
215
232
236
239
243
244
257
270
295
309
329
351
375
398
407
411
413
436
438
448
452
467
468
473
499
8
19
22
31
34
56
58
68
71
77
81
88
103
135
139
140
141
146
150
160
197
198
199
205
242
262
289
310
311
312
342
359
377
379
381
383
398
408
417
444
448
451
454
464
470
474
476
498
5
9
19
25
31
39
59
77
78
86
108
128
134
135
137
138
141
154
156
157
160
170
173
193
198
209
212
213
230
234
235
246
249
254
277
302
341
342
347
354
362
365
390
398
402
403
413
417
418
431
447
483
490
492
494
498
1
29
32
52
106
111
121
126
142
149
162
165
185
190
191
194
195
227
247
253
263
268
281
284
285
326
328
348
353
365
366
377
382
383
384
389
407
418
419
421
423
449
455
462
464
482
488
495
497
5
11
19
28
30
32
38
52
75
85
152
154
161
162
164
165
201
220
222
234
245
256
262
265
276
277
281
302
314
315
351
353
357
375
390
394
401
418
423
445
453
457
459
468
480
22
28
37
53
60
65
66
67
86
95
97
101
102
106
110
115
125
147
194
202
211
219
224
256
258
264
272
280
285
293
317
319
325
326
336
351
357
364
382
389
412
415
424
425
433
441
443
446
447
475
486
18
21
30
31
38
40
51
89
106
138
143
144
145
153
155
175
178
182
204
208
213
220
225
226
229
243
254
260
279
286
289
300
313
320
322
323
325
331
335
339
357
360
374
384
385
398
411
420
435
437
438
457
461
466
480
485
489
497
6
7
8
12
16
18
41
46
49
53
63
77
86
111
122
124
130
141
142
157
162
165
198
206
213
230
249
258
265
268
272
277
291
296
302
315
317
321
329
355
370
394
398
399
400
402
406
419
426
445
450
456
462
480
0
31
63
66
67
75
78
102
116
121
133
146
161
180
191
195
212
230
239
240
249
289
296
329
336
337
365
398
406
410
423
459
463
484
485
12
13
25
31
36
57
62
71
73
87
96
100
108
114
121
137
147
179
180
197
211
220
223
235
244
261
294
295
297
312
318
324
327
331
354
375
380
390
393
404
410
422
423
424
443
466
476
477
479
1
4
12
19
21
56
68
73
90
153
156
175
179
187
197
210
217
218
222
251
256
257
271
276
282
289
305
307
327
342
353
368
379
381
382
391
394
411
426
432
441
462
463
475
476
478
492
498
1
21
23
38
45
50
53
54
58
91
109
116
134
140
143
156
180
185
186
190
202
203
204
211
220
237
239
261
271
286
307
321
325
349
350
369
373
375
390
393
397
408
409
411
420
425
426
457
462
466
467
474
476
482
483
492
8
17
26
27
37
48
63
67
73
81
83
91
108
131
133
135
146
184
185
200
208
218
230
242
246
281
284
294
324
334
339
348
353
372
377
390
419
427
437
441
455
460
470
481
0
11
32
45
72
84
124
133
146
163
164
165
172
174
180
183
197
216
227
232
234
251
256
270
280
284
289
305
311
314
315
348
354
356
360
363
370
377
391
394
410
411
438
446
453
455
474
483
485
489
496
498
9
15
21
25
34
39
53
54
56
66
78
84
89
95
99
101
116
117
140
172
225
226
228
229
250
258
278
280
289
292
299
303
338
341
346
355
370
386
396
409
422
445
446
449
450
463
469
489
497
498
8
9
16
18
22
31
49
72
83
94
100
119
123
138
151
177
199
201
211
225
226
239
271
284
285
303
307
309
311
314
324
353
355
373
391
397
398
403
408
423
429
438
482
493
495
5
6
16
31
36
37
42
43
46
53
63
67
76
105
140
146
151
168
186
200
211
214
218
229
239
244
252
254
255
270
342
348
356
377
391
407
417
440
453
455
482
35
41
42
43
44
55
57
61
66
73
74
86
107
114
121
132
135
153
156
173
175
176
184
204
206
207
217
221
223
226
251
258
260
261
269
290
291
316
336
337
342
345
350
362
365
374
382
388
391
402
408
414
424
445
447
450
477
490
495
3
8
19
70
85
118
121
126
161
182
185
188
195
201
210
213
215
234
243
247
258
263
286
294
315
326
337
338
345
351
358
375
377
411
424
444
445
448
461
480
483
484
3
6
7
12
14
36
64
74
76
79
100
102
105
111
113
118
138
155
168
177
183
185
205
206
227
231
261
269
270
282
286
298
299
318
338
358
359
373
427
443
449
455
457
459
462
463
478
490
491
493
494
6
9
13
15
20
25
29
38
54
68
71
123
127
137
142
144
150
153
162
165
167
171
183
193
205
239
241
246
266
273
308
338
381
481
488
489
493
0
5
10
17
25
47
53
55
56
65
66
79
85
99
110
111
114
126
152
165
185
189
193
207
213
223
235
258
264
267
279
296
311
327
332
337
345
350
358
361
362
373
386
388
393
422
425
428
460
473
476
478
485
486
489
490
497
499
4
28
37
40
47
55
95
102
105
114
118
121
125
130
146
147
153
168
186
193
205
216
227
246
269
274
275
281
286
303
307
318
324
327
328
339
367
373
402
419
422
453
471
481
484
486
7
14
16
31
32
52
60
98
130
151
154
157
190
212
213
215
217
223
226
238
244
260
299
324
332
334
345
348
381
382
395
397
398
402
410
422
425
429
440
448
449
451
460
461
464
465
480
489
495
0
1
37
64
99
104
114
117
121
125
136
143
166
173
197
201
210
217
223
235
256
264
275
282
289
295
299
306
323
326
348
358
377
393
394
411
413
425
452
457
486
492
6
31
36
51
70
71
80
82
85
102
105
120
123
125
137
141
154
158
176
183
188
190
195
198
218
245
306
313
357
364
396
402
431
432
453
458
474
475
493
497
498
15
32
60
73
85
99
103
109
110
115
128
137
162
169
174
177
180
209
218
224
229
267
307
309
324
348
351
391
401
411
441
450
459
467
477
478
493
0
19
28
29
35
39
62
64
69
74
90
94
99
101
121
136
155
157
169
179
190
207
208
214
222
224
227
244
252
258
287
325
343
351
398
406
408
421
426
454
474
490
497
4
12
14
23
34
35
39
40
88
98
105
107
110
125
128
133
138
146
151
166
179
199
200
205
219
220
221
228
236
238
250
266
275
279
283
298
320
333
350
351
356
366
378
390
398
400
401
404
407
410
413
414
416
419
420
432
446
452
456
474
498
0
1
6
9
15
17
20
34
42
52
68
69
86
88
104
105
118
120
132
134
183
189
195
197
202
209
256
257
308
325
337
350
364
370
376
389
391
395
406
413
419
425
433
434
444
456
462
463
471
475
2
9
12
35
44
49
57
61
81
86
88
115
122
124
125
134
157
166
167
170
185
203
213
222
238
239
247
250
273
291
316
318
319
327
340
344
349
354
383
384
391
396
410
417
421
446
451
472
478
5
14
34
43
59
67
80
83
103
106
125
132
149
158
167
175
176
213
239
244
252
253
280
282
301
329
340
345
346
349
358
361
370
378
383
392
404
406
413
414
415
423
430
449
463
467
468
488
13
14
31
44
51
54
55
56
57
58
68
72
87
112
119
148
176
181
184
206
207
209
223
236
243
260
271
280
284
304
316
324
332
338
341
343
348
363
369
381
385
391
411
435
440
441
447
465
471
472
486
5
13
14
27
33
44
52
59
73
78
80
82
98
115
122
151
156
158
194
219
244
267
268
271
290
291
306
308
321
322
333
342
373
394
403
428
432
442
450
469
470
472
482
492
9
31
33
34
36
47
57
58
67
72
87
89
93
98
112
120
127
128
138
139
153
172
183
186
195
224
226
231
239
240
253
259
261
265
282
303
314
333
347
356
365
375
384
388
390
393
396
453
460
473
491
3
24
25
31
36
37
40
53
55
61
69
71
80
84
98
110
114
130
146
155
160
161
162
165
169
201
221
225
228
235
243
247
257
264
272
273
277
288
293
316
327
330
337
346
350
358
367
368
416
420
435
468
484
4
6
17
40
42
56
60
61
69
73
79
87
90
92
95
118
158
171
175
177
182
183
204
206
216
227
255
258
261
281
282
283
303
320
325
328
329
330
339
341
343
347
348
359
360
362
367
401
434
446
450
451
463
466
471
474
488
492
493
495
498
2
11
15
26
33
39
43
45
71
75
77
86
89
93
100
128
147
151
159
170
171
175
189
192
213
225
230
255
269
272
281
283
294
325
343
346
351
356
369
382
383
389
398
399
401
402
423
445
451
473
487
491
493
497
0
3
15
24
29
35
39
50
51
55
58
61
78
88
102
132
152
161
166
191
201
248
273
323
338
344
355
361
379
380
384
385
401
414
448
474
475
478
487
25
35
40
43
45
74
87
92
109
114
120
124
125
128
133
134
139
141
144
155
158
167
188
193
196
202
211
216
217
223
228
238
240
263
282
285
304
312
313
344
351
377
386
388
412
413
414
419
423
438
457
460
471
485
489
0
3
8
13
19
21
26
27
28
38
43
49
54
75
122
123
143
164
175
189
225
249
253
266
274
275
279
285
294
299
302
310
320
325
329
330
343
350
351
378
388
414
425
430
432
434
440
445
465
473
474
493
3
6
13
19
23
30
58
69
74
91
93
94
176
195
202
235
236
241
249
251
290
291
293
296
300
301
309
318
339
347
367
373
374
375
382
392
397
401
414
417
425
428
430
431
439
445
464
470
472
475
478
483
497
1
2
15
21
26
30
41
58
67
76
98
101
108
109
124
131
140
150
153
175
188
199
208
218
220
231
247
265
300
308
320
330
331
360
367
369
377
383
398
401
402
414
415
449
462
466
469
475
490
492
499
0
20
56
80
89
100
113
124
130
142
145
154
185
209
216
218
219
227
239
269
276
290
300
310
320
346
364
368
371
382
399
434
449
467
483
9
40
41
52
55
68
73
103
134
148
162
163
171
182
184
204
210
231
251
255
256
266
275
289
314
317
320
321
326
345
363
397
402
416
443
454
464
472
7
8
13
18
20
28
30
35
37
46
49
58
78
79
89
94
99
103
104
130
135
154
163
170
172
173
183
195
210
232
237
249
250
266
279
283
287
310
313
319
329
335
351
368
380
382
390
399
405
443
463
473
479
486
489
495
10
13
20
23
30
37
44
76
102
114
136
153
164
166
176
197
222
234
250
259
267
270
274
285
288
295
311
330
361
374
375
376
389
403
409
422
425
426
432
433
444
453
455
459
466
470
481
14
20
23
31
65
69
102
113
114
115
130
144
154
171
180
205
247
253
282
292
308
348
358
385
403
405
406
415
427
430
433
436
441
454
456
458
467
475
495
7
12
21
22
39
44
48
51
68
83
90
102
104
105
106
116
120
126
132
135
159
164
167
177
198
251
293
324
341
350
365
392
411
421
424
441
452
453
475
11
18
21
28
33
88
91
106
112
115
127
133
136
138
144
150
163
165
170
171
178
179
189
195
202
212
214
218
224
228
230
237
240
249
250
253
256
261
270
271
317
326
342
343
345
351
397
416
422
432
437
448
452
464
479
486
30
54
57
59
67
89
95
98
106
107
110
114
117
123
141
145
150
154
156
162
176
177
182
183
197
202
257
262
266
272
273
275
291
298
312
313
342
345
355
368
369
376
378
403
426
431
463
466
477
486
487
7
8
24
25
31
40
46
50
53
64
83
101
135
160
179
180
202
207
209
228
230
232
237
240
247
261
263
266
291
298
302
312
317
343
350
357
368
378
388
389
390
400
425
431
443
448
458
459
467
470
471
475
18
29
43
47
57
61
69
70
102
109
126
127
139
141
146
160
167
168
170
171
190
206
213
214
217
228
235
261
271
283
300
302
305
318
324
328
334
353
363
364
369
379
386
401
414
418
421
422
427
429
446
473
483
484
489
497
2
5
12
14
18
22
35
56
61
62
71
77
107
137
144
152
165
168
175
177
201
202
205
211
225
226
244
246
280
283
292
294
308
337
350
358
363
367
382
402
406
424
429
440
452
465
472
489
493
496
0
1
12
27
38
44
64
66
69
75
82
85
90
100
102
109
125
127
145
146
169
226
233
235
252
254
256
258
277
292
296
331
340
363
377
378
379
426
438
448
458
462
466
486
491
494
8
11
20
26
40
44
48
79
81
82
131
133
156
163
168
179
193
194
201
212
215
217
222
231
232
235
255
260
269
283
288
295
301
305
311
322
333
337
338
366
370
387
397
406
419
440
447
449
465
466
486
488
496
26
27
30
57
65
67
86
105
111
115
123
127
137
139
140
151
171
185
203
210
212
219
241
246
254
259
268
280
303
306
317
328
364
367
368
379
380
391
397
398
415
420
421
441
449
463
480
482
499
3
21
29
34
68
81
82
83
98
112
113
126
127
135
141
147
151
152
166
180
184
185
187
191
197
223
253
263
290
299
302
351
359
372
394
396
410
416
422
431
448
474
478
15
49
52
73
76
105
107
115
130
133
136
139
143
150
153
158
161
168
169
182
189
191
217
220
221
222
226
233
246
252
260
285
295
327
355
369
371
377
389
390
391
393
401
402
405
416
445
447
458
459
469
476
488
3
7
15
24
28
52
54
84
92
94
99
101
103
109
121
136
137
143
144
149
168
187
188
221
235
246
250
286
287
292
294
305
306
320
347
374
403
408
422
437
447
449
470
496
3
32
42
44
59
65
69
71
74
82
109
114
122
123
143
151
168
177
197
212
219
228
230
245
256
278
280
288
295
313
316
319
340
351
361
365
374
376
379
406
412
420
427
431
441
445
455
457
488
492
493
497
5
8
19
24
25
36
58
62
66
70
95
103
107
150
206
222
229
237
262
267
271
273
277
283
294
300
307
312
321
324
339
343
352
354
360
361
364
371
380
386
393
417
455
466
479
487
488
489
495
496
51
54
59
65
78
126
133
153
176
179
184
192
197
198
210
222
226
240
267
272
273
287
290
323
327
328
329
343
349
364
384
424
427
433
467
479
485
491
492
497
13
17
23
29
40
51
55
79
89
94
104
112
128
139
141
147
149
151
154
161
168
173
178
180
240
247
255
262
266
277
283
292
302
305
335
336
370
379
392
397
424
436
443
453
459
469
471
473
477
483
485
33
42
43
49
50
79
80
87
95
96
99
103
108
126
138
159
161
171
178
205
206
212
231
249
275
301
319
322
341
342
343
350
363
382
395
442
444
445
451
455
474
484
486
9
25
37
44
59
63
72
77
83
91
112
128
131
171
179
191
203
207
226
227
246
248
252
263
277
285
289
295
302
304
306
325
327
334
346
350
354
395
418
423
463
464
472
495
16
19
48
74
96
98
116
123
132
166
168
184
198
217
233
236
239
246
247
249
252
256
280
303
313
324
349
352
356
363
372
384
387
391
413
423
432
433
450
456
459
463
476
478
492
494
499
20
59
62
65
72
74
79
80
87
95
96
102
114
118
137
148
152
160
181
183
188
191
196
199
204
217
218
224
228
267
280
287
295
311
313
315
322
323
324
337
340
344
345
351
357
366
367
392
408
456
461
471
483
498
0
2
7
12
30
49
67
76
83
86
99
103
105
122
124
148
151
173
182
193
201
202
217
228
233
236
263
281
306
308
317
324
352
355
364
393
402
410
429
430
444
453
456
496
497
4
8
9
11
12
20
28
35
41
52
62
66
69
71
73
85
86
94
96
113
116
157
170
221
226
228
243
247
279
280
294
329
334
336
342
358
360
367
372
377
381
390
395
402
404
454
458
467
475
24
36
38
46
51
56
78
83
84
87
92
96
107
110
118
129
132
181
201
208
209
231
240
245
278
286
294
304
308
311
317
329
340
341
363
366
424
438
441
450
467
478
484
490
15
17
23
40
47
84
96
98
103
112
118
123
127
161
178
179
188
200
205
217
225
231
236
239
241
249
260
262
264
274
277
293
304
365
382
405
421
428
437
460
478
21
32
34
46
47
48
49
55
74
78
80
81
98
108
113
124
130
140
154
160
169
173
176
186
198
219
229
248
252
255
287
307
313
316
325
332
401
406
413
436
437
452
458
470
496
1
2
5
6
24
28
29
32
39
47
66
69
74
79
91
101
109
110
118
121
122
127
129
140
147
149
150
167
174
186
212
251
272
282
287
294
296
327
328
348
370
373
376
388
391
409
412
419
424
428
448
449
464
480
13
33
34
52
54
84
100
102
103
105
131
136
137
166
167
179
183
197
199
201
208
209
223
230
232
237
249
255
306
313
323
335
346
359
370
373
374
377
390
399
416
421
427
435
448
451
454
460
10
11
13
16
17
41
46
86
94
98
101
102
111
114
116
119
124
145
158
164
172
174
185
186
189
191
196
200
215
226
260
276
293
309
321
328
330
346
353
369
376
381
397
406
421
426
429
430
434
451
469
474
483
495
497
1
3
4
6
15
19
36
59
78
85
86
118
123
138
149
166
175
197
199
203
209
211
229
264
278
283
286
293
310
325
335
346
348
364
381
393
404
434
436
442
448
453
473
475
489
490
491
493
31
50
61
63
67
82
102
111
117
131
136
140
143
150
176
186
198
227
242
248
253
262
263
274
306
317
322
339
353
354
359
361
374
377
382
387
391
394
450
477
489
18
22
41
47
54
56
63
85
87
91
109
121
122
128
150
158
172
179
185
205
212
215
231
240
244
258
265
266
278
296
298
316
327
329
345
355
366
376
394
398
416
426
433
436
447
449
483
499
6
18
24
37
45
53
59
62
63
69
80
84
114
123
127
131
133
142
155
156
164
179
185
199
206
233
235
237
271
276
282
284
289
301
318
323
335
361
367
369
373
383
389
393
394
408
424
425
427
429
458
471
492
13
16
33
36
75
79
80
81
90
98
102
109
113
131
132
135
142
143
149
162
164
166
168
171
181
195
203
215
223
228
235
248
249
250
259
262
266
276
280
297
312
313
315
316
321
328
329
340
352
360
371
401
404
405
413
454
459
469
472
476
483
10
32
33
42
49
59
69
104
109
118
126
139
147
148
164
174
196
222
224
238
241
254
259
271
282
286
288
298
307
312
314
316
317
320
327
330
333
339
357
368
371
373
397
402
404
408
420
427
434
452
477
488
490
14
21
26
35
37
42
55
59
77
117
119
178
180
184
191
213
214
223
225
234
250
256
263
272
274
278
283
313
315
330
362
367
381
385
393
394
397
417
439
444
447
449
452
461
478
479
2
8
23
30
68
69
71
86
87
91
92
97
99
111
116
131
134
139
141
153
157
158
163
166
169
195
219
228
241
252
262
276
283
294
299
315
325
334
343
350
374
388
393
395
399
400
406
410
416
442
453
461
481
11
22
54
55
78
80
81
96
98
103
110
128
150
158
159
164
168
176
187
188
209
212
215
234
239
252
253
254
255
262
264
281
290
306
315
341
348
357
368
374
385
386
388
390
394
411
426
428
431
435
436
439
443
449
461
466
467
470
477
483
493
496
14
21
27
42
46
47
59
75
82
92
104
139
140
142
143
159
160
162
171
175
183
190
202
205
216
217
218
220
224
228
229
239
248
249
253
261
262
264
268
269
276
281
295
297
299
303
307
317
319
328
337
358
362
364
371
419
427
430
444
445
470
472
498
6
11
18
42
46
54
73
83
92
97
118
126
135
151
163
194
195
200
211
233
241
247
262
277
282
301
304
313
340
349
350
353
359
367
369
371
382
392
402
404
406
415
420
435
445
446
448
457
459
470
473
475
476
477
478
487
491
497
4
8
18
34
35
39
45
48
55
56
73
82
84
101
106
109
129
133
167
182
206
225
234
261
268
272
273
286
301
304
325
329
332
334
375
378
390
397
398
402
427
430
434
440
456
462
473
478
40
50
84
101
113
117
118
134
140
148
150
162
167
169
171
179
183
184
196
221
231
283
285
303
304
336
350
358
366
370
377
380
384
396
397
405
413
439
472
477
483
493
496
0
2
4
15
23
36
51
78
80
83
88
105
106
132
134
145
150
151
193
203
205
211
213
222
227
229
230
238
239
240
241
249
253
274
283
295
321
330
344
350
351
357
360
375
376
384
393
404
410
416
421
437
463
480
482
493
498
9
36
51
55
83
86
89
93
95
106
116
117
120
121
135
141
143
148
155
160
171
224
233
236
241
264
273
284
286
294
300
301
310
313
323
330
333
339
359
382
386
411
413
434
453
467
2
39
52
54
64
69
74
104
105
112
116
129
130
131
134
135
152
156
169
180
202
205
210
213
215
230
248
309
327
343
374
395
405
407
428
442
447
448
459
466
468
495
497
0
7
25
28
35
39
40
44
45
57
60
93
103
123
126
127
132
137
148
151
154
164
173
175
179
198
201
204
207
212
215
222
227
238
242
277
289
301
303
307
312
315
317
322
324
328
337
361
377
383
386
401
408
411
451
469
471
475
482
487
491
496
17
20
29
33
46
65
72
77
101
105
141
155
157
172
178
181
186
187
205
210
212
218
224
229
232
241
245
253
263
265
267
272
287
311
318
322
363
382
391
419
427
438
446
465
477
487
491
1
3
4
5
9
12
26
27
35
42
44
50
52
54
74
129
133
139
141
148
152
154
168
170
173
182
186
189
193
201
228
235
236
241
251
257
261
263
308
313
324
348
359
361
372
379
387
389
393
402
408
409
411
428
430
433
448
476
479
497
0
2
13
34
48
58
73
78
94
118
121
122
131
141
150
153
163
167
169
188
191
194
210
223
238
245
249
272
278
281
285
296
312
321
324
326
327
328
331
370
376
398
401
405
411
448
451
456
458
481
485
492
0
10
16
37
66
72
80
84
85
90
92
94
103
105
107
118
128
146
166
177
185
202
206
210
219
223
235
250
256
270
284
287
288
290
302
331
333
338
342
349
360
367
371
382
410
443
450
451
456
457
462
464
466
468
477
482
483
2
15
22
52
93
95
97
102
116
125
137
144
145
146
152
157
158
181
188
192
203
231
233
260
279
281
290
317
323
344
345
346
349
362
364
376
379
384
386
396
410
436
443
444
446
462
472
474
486
497
12
19
28
33
34
36
49
85
90
101
130
133
135
136
144
152
167
232
245
251
260
264
268
269
273
275
284
296
298
318
327
351
353
355
362
364
367
368
382
388
405
412
416
430
441
451
455
460
464
469
472
478
483
10
17
24
32
55
62
72
74
76
90
96
98
103
109
116
118
119
130
139
150
158
161
171
179
182
183
206
209
217
225
228
229
231
254
260
266
271
273
274
318
321
369
371
381
386
417
419
428
453
474
478
480
14
33
42
50
53
55
58
68
77
80
81
85
95
100
108
130
134
139
147
162
167
175
188
209
254
266
274
287
288
290
291
299
314
316
328
336
341
348
352
370
381
390
409
428
433
437
443
447
453
459
468
469
476
478
13
23
38
51
54
55
59
70
77
78
102
104
125
129
143
159
160
184
209
231
252
295
298
306
311
313
315
317
328
338
352
353
372
373
385
386
424
433
457
460
468
486
496
498
2
14
21
30
33
35
54
68
104
117
137
142
151
156
165
171
178
194
198
209
221
246
248
254
257
269
289
304
308
321
324
349
379
388
399
418
438
468
482
488
12
21
24
25
36
46
55
60
61
64
73
81
93
102
105
127
129
142
147
150
164
168
171
179
187
191
192
200
202
230
235
238
239
243
256
262
265
283
295
300
305
312
319
328
333
335
338
340
345
357
403
405
416
428
434
442
453
456
469
480
498
2
22
30
37
42
53
56
86
93
97
101
118
130
131
135
142
157
167
168
171
178
183
191
194
198
210
222
225
235
240
245
289
293
297
303
305
326
327
328
351
357
359
410
411
417
420
424
433
469
488
492
496
11
12
18
35
40
49
50
55
63
64
67
69
88
101
104
111
117
120
135
138
155
200
206
209
221
241
260
265
272
277
278
279
293
295
302
306
326
336
337
339
347
349
350
354
360
365
377
382
387
411
413
450
451
455
456
482
491
492
494
496
24
29
44
48
49
50
51
60
72
75
80
91
95
96
98
99
100
114
116
121
142
143
146
202
216
220
228
238
244
267
284
297
320
337
352
360
386
391
398
403
434
441
451
455
465
4
5
9
11
16
21
39
49
54
65
74
93
95
100
146
174
203
228
230
239
240
244
246
248
249
250
256
269
272
283
284
308
309
313
315
325
330
340
349
358
384
391
438
452
453
465
467
480
490
11
36
47
55
70
106
118
125
135
162
178
186
191
205
213
214
223
227
231
254
258
261
265
273
301
309
310
337
345
357
372
374
377
380
401
427
438
446
450
453
466
468
471
493
496
499
21
37
42
44
45
53
62
75
81
85
92
104
115
124
128
129
140
143
149
153
154
159
168
175
186
187
188
194
200
207
211
218
263
267
286
291
293
294
310
327
331
335
338
342
348
350
358
366
382
400
422
424
446
453
467
471
497
9
12
36
55
91
97
99
117
125
140
141
148
154
155
167
178
209
218
222
223
227
228
239
240
245
247
252
262
275
279
285
288
291
293
295
296
315
319
330
332
341
351
355
365
373
385
396
423
430
432
434
439
444
452
471
472
5
17
18
22
23
29
47
71
81
103
107
117
133
151
178
197
198
205
211
212
218
222
232
236
238
247
257
260
280
281
286
307
311
316
343
381
382
392
405
412
426
427
430
432
444
447
453
479
487
7
14
23
26
28
30
32
35
40
49
52
70
75
78
84
86
101
106
115
129
141
157
164
171
195
200
202
219
223
245
276
281
321
329
339
347
350
351
353
355
357
364
393
395
429
442
471
473
4
7
31
53
88
109
113
123
133
141
154
165
170
171
176
195
206
209
211
220
228
238
253
258
307
322
323
325
331
366
381
385
386
389
394
419
423
451
453
461
462
464
467
468
476
485
13
19
25
30
31
35
40
44
46
47
63
100
108
109
130
140
145
163
167
172
214
219
225
227
241
243
252
254
261
271
283
287
297
299
316
331
332
336
401
403
404
416
429
432
435
437
457
458
468
471
476
477
2
5
15
34
41
43
45
48
50
53
67
78
91
100
131
134
145
157
179
201
211
250
263
279
282
291
294
298
318
322
323
339
356
361
377
384
388
397
398
420
423
444
470
0
21
42
79
83
94
101
143
171
175
182
183
201
202
207
217
221
236
241
244
245
246
250
255
269
270
276
284
295
299
316
333
334
347
359
373
384
388
392
403
448
451
463
481
487
2
15
21
38
51
62
92
117
128
133
155
167
171
174
191
195
202
205
207
209
229
242
247
248
259
266
270
277
287
299
311
320
336
338
348
360
367
370
397
407
423
425
435
442
446
447
486
1
16
18
24
25
38
39
82
85
94
117
128
139
147
154
163
168
184
199
208
245
247
249
256
270
275
282
288
291
295
301
303
309
319
343
363
380
411
448
456
467
477
0
9
13
22
23
24
31
55
68
75
85
86
109
123
129
134
153
181
191
194
200
221
224
225
235
237
243
248
255
257
259
260
284
294
298
301
305
307
313
322
325
328
335
370
372
386
401
411
415
416
459
465
471
474
484
487
490
491
10
15
23
27
29
40
45
63
64
70
74
86
97
98
113
116
122
126
144
151
160
161
171
192
210
212
220
244
253
257
264
269
277
291
302
309
314
320
325
355
364
365
370
379
388
391
395
403
425
440
441
447
455
457
469
482
483
486
494
7
19
23
29
42
51
71
99
104
111
114
115
136
154
191
206
219
222
223
228
238
249
266
279
282
284
287
295
316
321
328
333
346
362
406
414
428
449
454
456
458
462
466
483
491
495
4
7
42
46
52
59
88
105
118
120
123
137
140
145
161
170
184
186
214
224
250
253
261
268
273
279
302
311
342
351
362
370
378
383
398
407
416
422
426
431
443
453
462
465
475
486
490
10
40
55
74
93
97
110
126
128
144
163
170
182
194
212
214
247
284
288
302
303
311
340
341
350
356
357
363
371
401
411
416
424
432
447
452
454
467
487
490
493
496
15
19
24
32
35
42
43
45
56
66
74
82
111
113
120
124
130
141
175
180
188
195
198
206
208
217
222
242
247
276
286
292
294
300
303
304
312
315
323
325
327
337
341
346
349
351
367
387
399
401
414
439
441
448
451
460
463
467
468
474
481
483
498
10
21
28
34
37
39
42
49
55
85
113
128
137
163
182
197
200
203
245
250
252
256
270
282
285
286
292
300
315
352
358
368
377
397
400
401
431
443
449
450
469
477
481
1
9
18
20
61
67
68
76
80
83
84
91
107
113
114
116
122
147
160
164
165
175
183
190
191
201
208
214
227
288
291
293
301
320
338
347
350
384
385
406
410
411
415
419
429
430
432
440
447
479
481
486
490
499
49
50
52
70
122
124
127
128
130
132
139
140
180
194
206
217
220
248
251
268
281
284
297
306
324
332
334
338
341
354
360
377
379
389
397
402
430
434
438
449
466
486
19
23
27
40
41
42
55
90
91
105
110
115
117
123
126
172
192
197
209
243
250
262
266
275
281
285
302
304
322
330
347
359
394
401
408
420
433
440
452
453
499
