0
247
484
744
998
1251
1486
1728
1984
2238
2479
2726
2965
3208
3474
3712
3952
4209
4448
4672
4925
5184
5417
5649
5895
6175
6437
6673
6929
7171
7432
7670
7910
8182
8418
8654
8891
9146
9390
9643
9892
10138
10384
10635
10872
11109
11365
11623
11881
12131
12392
12624
12878
13123
13378
13635
13886
14131
14385
14620
14880
15135
15396
15653
15883
16141
16408
16676
16940
17200
17446
17690
17964
18224
18465
18725
18988
19243
19475
19728
19982
20233
20482
20726
20982
21250
21495
21739
21965
22211
22455
22716
22956
23205
23449
23703
23935
24197
24458
24704
24948
25190
25448
25705
25960
26206
26458
26697
26971
27229
27499
27759
28009
28258
28525
28791
29035
29295
29550
29805
30049
30300
30532
30783
31022
31259
31514
31772
32019
32275
32534
32773
33028
33293
33537
33794
34054
34309
34560
34815
35058
35297
35546
35799
36037
36281
36521
36770
37049
37302
37551
37785
38047
38316
38551
38794
39047
39295
39552
39789
40020
40269
40514
40788
41048
41299
41583
41832
42091
42372
42623
42866
43106
43326
43558
43814
44058
44296
44538
44811
45048
45303
45555
45797
46050
46308
46561
46769
47014
47292
47520
47779
48044
48297
48546
48796
49030
49267
49527
49756
50015
50266
50512
50753
51012
51263
51502
51762
52024
52269
52524
52774
53015
53258
53506
53739
53987
54234
54498
54712
54945
55197
55446
55699
55950
56188
56449
56721
56959
57213
57465
57697
57961
58213
58453
58693
58948
59200
59449
59700
59941
60182
60438
60659
60913
61181
61422
61673
61936
62204
62457
62700
62940
63201
63465
63722
63942
64187
64420
64690
64931
65189
65441
65698
65961
66211
66453
66696
66943
67197
67434
67669
67930
68175
68414
68671
68914
69183
69431
69678
69923
70188
70425
70659
70925
71159
71415
71683
71928
72169
72407
72660
72914
73172
73424
73665
73920
74174
74418
74664
74913
75188
75437
75683
75931
76181
76415
76670
76908
77155
77378
77651
77902
78150
78392
78650
78892
79155
79414
79663
79920
80166
80398
80668
80914
81148
81407
81659
81924
82149
82380
82642
82886
83129
83379
83630
83880
84151
84405
84668
84910
85158
85405
85645
85903
86156
86400
86659
86911
87181
87440
87695
87943
88183
88435
88690
88937
89185
89453
89658
89891
90155
90389
90654
90898
91152
91401
91653
91905
92176
92435
92678
92939
93189
93433
93667
93913
94177
94402
94656
94916
95176
95423
95672
95918
96166
96407
96664
96922
97182
97428
97651
97910
98152
98397
98630
98886
99141
99358
99632
99873
100131
100377
100625
100873
101132
101362
101588
101858
102110
102363
102616
102865
103102
103349
103584
103827
104066
104320
104568
104804
105054
105293
105559
105814
106054
106295
106566
106815
107087
107353
107577
107826
108076
108325
108582
108814
109039
109301
109554
109804
110059
110311
110574
110826
111072
111326
111561
111807
112064
112310
112559
112816
113066
113304
113543
113791
114047
114291
114550
114815
115063
115333
115575
115836
116096
116355
116610
116843
117102
117357
117590
117836
118108
118356
118607
118845
119094
119354
119612
119874
120112
120363
120612
120869
121131
121389
121633
121870
122125
122395
122643
122893
123143
123377
123632
123886
124133
124368
124608
124855
