0
55
106
155
191
246
298
344
390
441
497
548
605
657
705
757
793
844
888
938
988
1028
1063
1110
1158
1202
1256
1315
1367
1421
1468
1522
1577
1623
1684
1741
1802
1852
1898
1959
2000
2054
2107
2150
2196
2243
2297
2351
2407
2465
2520
2562
2623
2672
2713
2754
2821
2864
2914
2953
3013
3060
3103
3158
3194
3242
3293
3339
3374
3440
3484
3524
3567
3626
3682
3733
3792
3841
3884
3944
3994
4035
4079
4127
4171
4224
4285
4344
4396
4450
4492
4536
4587
4636
4675
4731
4778
4836
4875
4918
4977
5034
5073
5125
5168
5222
5275
5330
5378
5426
5479
5536
5576
5620
5687
5733
5777
5837
5893
5952
6003
6060
6099
6144
6197
6252
6291
6348
6390
6438
6491
6555
6603
6656
6699
6756
6813
6869
6912
6965
7023
7070
7104
7148
7199
7260
7316
7366
7407
7453
7510
7565
7618
7661
7717
7764
7798
7861
7902
7944
7982
8044
8097
8147
8198
8252
8293
8341
8398
8446
8506
8558
8609
8665
8718
8770
8828
8874
8925
8977
9028
9089
9124
9163
9214
9272
9319
9363
9417
9464
9514
9562
9610
9658
9714
9763
9814
9859
9916
9971
10025
10078
10127
10179
10229
10284
10342
10389
10433
10472
10507
10563
10607
10662
10710
10760
10807
10867
10915
10967
11017
11072
11128
11174
11223
11265
11315
11360
11414
11462
11517
11564
11617
11661
11705
11757
11807
11855
11896
11947
11999
12060
12108
12160
12211
12257
12299
12353
12397
12440
12486
12539
12593
12660
12719
12756
12802
12852
12905
12950
12999
13054
13092
13143
13195
13252
13302
13358
13418
13452
13499
13560
13608
13657
13712
13765
13819
13857
13900
13955
13996
14049
14101
14153
14203
14246
14306
14353
14400
14461
14506
14553
14604
14653
14706
14750
14785
14840
14888
14929
14988
15040
15087
15136
15189
15240
15285
15326
15376
15423
15472
15506
15546
15593
15640
15689
15744
15790
15845
15892
15933
15986
16037
16095
16134
16178
16218
16276
16321
16369
16413
16454
16509
16546
16590
16656
16710
16768
16816
16873
16920
16979
17028
17064
17114
17177
17237
17280
17328
17373
17419
17462
17505
17561
17598
17647
17695
17743
17797
17843
17891
17942
17976
18034
18085
18136
18183
18236
18295
18340
18381
18425
18468
18516
18572
18621
18666
18717
18775
18829
18864
18913
18961
19017
19061
19113
19163
19208
19249
19308
19350
19401
19438
19496
19542
19591
19633
19674
19711
19754
19815
19865
19914
19962
20013
20057
20108
20161
20222
20276
20315
20370
20422
20475
20526
20561
20599
20655
20702
20741
20780
20836
20887
20939
20995
21045
21091
21144
21193
21236
21289
21333
21385
21435
21475
21526
21569
21613
21660
21714
21759
21808
21852
21893
21938
21992
22040
22095
22143
22184
22232
22285
22346
22399
22445
22498
22560
22623
22681
22729
22772
22829
22875
22918
22980
23027
23087
23139
23196
23246
23299
23351
23405
23449
23489
23550
23602
23662
23707
23756
23802
23859
23915
23964
24012
24058
24110
24153
24198
24245
24287
24345
24404
24450
24497
24539
24602
24645
24699
24741
24782
