7
12
39
49
54
56
59
61
62
65
66
74
118
120
121
125
134
146
160
163
183
187
192
240
245
287
288
290
303
310
323
324
332
338
340
345
353
361
363
366
380
388
389
405
411
414
415
441
443
447
450
464
473
474
496
47
53
76
103
108
123
124
138
143
152
156
161
169
172
186
192
196
203
210
223
225
240
242
265
271
322
328
341
370
379
381
417
418
423
459
0
15
33
46
49
50
53
56
60
76
81
86
94
96
114
115
136
143
144
145
147
151
153
154
157
175
186
187
195
213
215
237
250
255
262
264
272
276
277
292
299
306
312
320
329
331
344
364
367
389
408
415
425
454
457
469
480
485
491
492
493
1
12
32
33
37
60
90
92
93
111
121
156
175
176
183
188
189
194
217
233
246
254
255
261
271
304
339
340
342
372
381
395
460
471
473
478
479
480
485
8
12
18
21
35
56
58
60
86
93
94
101
108
113
116
126
149
163
165
167
168
171
182
196
199
210
222
232
242
259
266
269
284
292
304
311
319
354
355
365
370
389
394
395
403
412
415
419
420
439
448
457
458
472
476
493
17
22
23
32
35
42
48
49
62
66
68
72
74
87
102
132
151
161
166
170
173
174
178
185
199
211
216
217
221
228
242
243
248
283
317
329
333
346
358
360
375
409
414
415
426
432
440
449
493
496
15
20
41
48
67
87
106
125
144
149
157
161
171
194
205
213
224
227
231
235
239
251
259
284
285
287
295
303
304
306
320
321
327
341
343
352
365
390
398
412
436
462
469
471
472
475
476
487
490
492
6
20
25
30
42
44
51
54
71
75
97
100
101
104
123
124
135
136
138
171
175
178
181
186
201
213
233
244
247
248
249
251
253
254
264
275
279
288
294
300
319
324
326
334
337
346
354
355
360
374
376
377
392
397
419
426
440
442
446
448
449
474
482
498
6
9
12
23
41
42
53
54
59
66
68
98
99
101
105
106
131
138
149
154
159
171
174
176
191
193
200
212
214
227
233
235
243
248
252
255
257
271
284
303
308
318
335
336
343
347
350
356
363
373
394
407
424
451
455
470
476
492
25
64
73
90
94
97
98
111
112
114
116
133
145
158
183
200
204
207
213
224
258
264
269
288
289
291
312
314
335
352
354
379
382
394
409
429
431
437
444
446
448
451
460
463
471
479
486
488
492
495
14
16
29
38
39
56
111
112
115
125
133
134
163
170
184
185
186
193
196
204
208
211
217
218
225
230
237
240
250
287
290
294
297
302
319
325
347
358
363
379
390
391
433
437
441
449
465
475
479
483
6
14
15
30
34
41
45
55
72
110
117
135
140
146
168
176
179
186
195
200
203
207
211
214
217
222
232
257
259
260
261
302
306
309
310
311
326
354
355
356
358
362
367
373
384
411
414
422
426
457
461
476
5
33
45
47
63
70
71
75
91
92
96
112
115
126
130
140
145
161
166
170
172
185
198
204
216
228
233
260
262
266
280
283
293
296
297
328
350
351
352
356
373
389
392
395
420
431
453
457
462
474
492
2
11
16
21
24
45
49
59
70
78
83
87
92
93
105
110
121
137
138
148
159
177
179
186
193
209
216
223
225
229
231
234
267
279
282
287
317
321
352
354
359
363
380
381
385
392
394
414
423
426
428
439
454
471
476
494
495
11
21
25
26
40
51
53
56
58
73
83
84
87
93
100
102
110
118
125
129
137
144
146
152
175
176
180
211
217
220
231
235
252
265
272
283
284
289
320
321
324
336
342
352
358
396
439
480
2
3
9
14
19
25
26
27
34
71
72
74
121
128
140
160
173
185
187
210
212
220
222
226
228
229
261
263
273
274
278
290
303
316
321
329
337
340
343
344
351
352
354
363
369
390
412
420
442
445
455
467
471
479
495
5
6
31
41
73
75
84
86
92
95
107
110
113
117
129
135
138
146
156
163
165
171
192
200
201
215
218
219
222
234
244
245
271
306
307
330
332
338
366
373
383
394
398
402
422
432
437
444
455
456
476
482
491
495
23
28
48
55
63
74
104
112
117
120
143
152
156
170
187
193
203
204
211
213
220
224
251
284
292
302
310
314
326
338
340
341
343
363
401
407
415
428
459
461
463
466
468
469
479
485
488
490
493
495
499
8
15
17
20
48
57
59
76
95
98
117
143
188
197
204
207
210
213
247
282
302
309
327
329
333
334
352
356
386
388
391
396
403
459
461
463
474
8
12
28
29
34
35
42
49
52
54
59
62
64
68
69
72
90
103
107
109
114
118
123
124
129
133
155
171
173
175
177
178
215
218
221
223
240
254
268
280
294
297
345
354
371
382
387
398
399
403
413
435
445
467
496
0
8
26
45
60
76
78
80
81
90
95
96
108
137
143
147
151
157
161
165
169
197
198
205
206
231
238
259
271
289
295
314
330
339
345
351
354
356
362
373
401
407
422
425
466
3
4
19
25
27
67
85
94
98
100
117
132
136
144
156
157
162
174
197
204
218
225
227
238
252
256
259
271
273
280
281
285
314
316
325
329
342
351
364
365
366
367
368
401
403
411
413
422
423
443
450
455
457
458
461
463
470
490
491
20
25
57
64
70
96
98
105
152
153
157
168
194
208
245
253
289
310
326
327
329
337
349
363
371
372
374
378
390
395
401
414
418
429
441
444
472
484
487
1
58
67
97
103
142
143
148
155
158
159
172
215
219
233
246
261
264
273
280
292
293
338
344
349
363
394
420
436
466
472
474
479
488
491
496
15
17
22
36
46
52
64
66
78
97
102
106
112
115
117
123
132
135
144
152
156
162
168
171
177
186
195
215
219
227
257
270
276
315
321
339
342
347
361
375
388
392
395
413
414
415
423
433
443
449
477
482
491
492
498
3
7
13
22
25
29
31
40
41
45
50
54
62
66
70
71
72
74
85
105
121
122
137
159
160
162
168
172
178
180
182
184
193
204
223
238
248
249
263
265
271
274
294
303
304
305
339
372
384
385
392
393
414
415
417
420
426
427
430
440
446
448
453
466
468
478
23
31
37
65
68
81
103
116
144
156
163
167
172
175
181
183
184
206
218
244
257
286
298
317
321
335
352
379
400
412
414
456
471
492
0
3
5
12
44
45
48
50
53
57
80
83
88
94
104
122
128
152
156
168
190
197
201
276
279
288
300
318
320
324
329
358
368
392
394
401
407
427
429
430
446
449
470
3
9
13
24
29
34
37
40
45
48
60
86
102
115
118
125
139
146
147
154
178
184
187
215
233
239
288
306
325
336
340
364
376
379
397
401
410
412
429
443
444
451
467
470
475
499
3
6
15
22
25
47
63
78
87
104
105
109
113
151
156
173
192
201
210
220
222
242
256
257
261
263
266
267
299
305
306
316
318
323
341
344
349
360
362
412
415
420
421
431
449
467
11
13
34
35
38
40
41
44
47
57
61
75
82
93
98
99
104
112
114
133
150
180
185
198
202
206
210
227
238
312
318
326
333
336
340
372
380
397
417
431
433
434
444
449
463
465
475
1
4
19
22
23
29
58
63
67
74
88
90
97
110
112
163
164
173
182
198
205
216
217
231
236
237
251
256
267
272
290
294
296
301
325
353
361
362
366
375
394
412
422
438
454
466
471
472
12
14
15
18
27
30
33
36
47
53
59
63
73
77
85
88
90
102
114
120
134
142
151
162
184
185
191
199
209
217
219
234
237
239
254
260
271
272
276
277
301
307
308
310
313
321
327
333
334
338
345
351
359
370
382
392
398
399
416
440
459
460
462
464
472
480
483
484
485
488
491
499
30
33
41
47
72
82
83
104
113
120
134
137
143
149
150
179
186
238
244
248
263
274
278
284
294
295
298
299
321
329
333
335
348
357
371
375
378
398
414
418
425
426
435
449
453
462
495
496
10
26
43
46
50
51
58
64
83
101
109
115
124
131
134
137
146
152
155
157
160
163
168
169
174
179
183
184
195
209
222
227
236
271
282
293
294
310
321
327
339
355
359
381
382
384
388
446
451
457
461
462
476
484
25
39
43
54
60
76
81
82
94
97
100
114
124
130
136
138
145
155
164
169
181
183
199
203
224
231
248
267
268
278
298
321
326
337
344
345
357
364
378
384
385
429
435
444
453
466
470
472
478
484
489
2
25
29
35
42
45
58
80
96
107
111
119
124
138
155
163
199
243
246
252
256
259
264
278
291
311
315
326
328
343
359
362
366
382
389
396
399
408
414
433
434
436
441
458
466
467
474
479
481
494
0
32
43
46
55
86
162
167
171
188
193
196
198
201
203
206
215
216
220
223
224
238
256
267
269
271
279
298
308
309
313
320
326
331
333
335
342
369
383
389
450
462
463
474
2
4
8
9
16
33
35
38
44
46
59
72
89
104
120
127
139
160
166
184
194
197
260
274
288
297
299
304
325
332
338
346
351
359
361
375
407
420
433
439
453
463
486
1
14
22
34
36
55
66
80
86
96
102
103
120
132
143
149
156
162
188
196
209
210
211
215
225
238
239
245
246
250
271
272
283
301
305
325
340
341
342
361
376
379
385
389
403
404
413
434
450
455
456
458
463
485
495
499
8
31
34
45
56
62
63
69
72
83
87
101
114
118
126
127
136
137
140
174
179
190
198
201
203
206
212
221
223
234
239
251
264
277
278
291
304
328
332
336
347
359
360
382
393
395
399
412
415
420
432
441
3
12
14
24
36
39
47
66
70
79
81
93
97
101
121
124
142
144
145
161
164
171
173
206
217
231
233
249
252
257
271
283
287
306
311
321
326
361
374
375
386
388
406
420
432
433
438
451
470
471
489
497
15
17
21
25
30
31
33
48
58
73
75
89
113
119
121
152
164
179
185
188
191
194
204
229
240
279
280
285
294
305
316
321
365
366
373
378
379
381
396
401
408
413
423
432
433
472
481
496
9
14
16
21
22
65
67
73
92
99
116
124
129
140
159
181
186
191
194
203
226
227
229
234
236
253
256
287
300
314
341
348
353
371
387
392
405
414
420
437
443
466
481
485
12
27
45
51
63
68
72
78
83
98
110
115
122
159
161
190
209
215
221
231
246
277
280
284
285
296
327
342
344
348
372
379
387
389
392
435
439
446
448
462
467
495
3
10
49
59
75
88
101
106
108
121
124
142
148
149
154
166
182
188
190
208
211
241
246
247
253
279
283
292
299
301
314
322
332
335
339
354
355
359
403
417
418
425
461
0
10
22
35
39
54
56
68
74
77
80
96
98
102
110
113
114
116
124
134
136
154
160
162
172
179
192
206
221
234
244
260
269
274
276
291
298
303
314
323
335
355
357
365
373
385
387
395
406
408
411
413
423
431
432
433
434
443
462
467
471
472
478
2
11
12
14
16
29
31
39
48
84
96
107
118
132
135
136
145
148
162
163
164
232
241
250
260
272
278
282
286
294
310
320
336
347
354
361
379
388
393
396
398
417
418
452
494
498
30
34
35
45
55
59
93
96
99
108
112
113
131
157
167
185
189
195
196
218
220
230
243
268
269
274
285
295
306
319
323
329
331
352
354
357
359
391
399
406
408
409
421
424
441
456
470
479
487
497
7
22
40
50
53
57
63
89
114
117
124
131
137
151
152
168
172
178
191
206
228
232
246
250
256
261
275
281
310
313
318
320
324
328
336
362
365
367
381
386
389
403
415
425
463
464
466
487
498
4
25
44
73
83
85
91
93
106
113
114
119
122
126
133
135
138
139
148
150
160
165
179
184
203
211
219
221
227
229
243
246
251
256
261
269
275
307
316
329
330
334
336
353
373
380
396
397
400
422
435
445
496
497
0
14
15
19
23
40
64
69
80
84
89
106
130
131
132
152
153
165
166
175
193
196
201
211
215
242
248
260
264
269
284
301
313
323
325
330
331
337
351
366
373
377
385
398
399
415
419
423
427
451
454
465
469
474
486
489
492
9
42
46
53
56
63
72
89
98
113
115
125
127
128
132
133
149
151
188
204
205
207
208
220
223
236
246
247
297
321
323
328
335
336
346
354
373
385
395
421
424
426
429
447
451
494
5
18
31
37
38
50
71
74
88
92
97
118
128
136
147
166
182
193
212
214
226
234
235
243
259
270
273
276
277
278
283
284
287
289
293
302
307
318
379
390
391
398
400
415
417
428
430
439
450
454
466
475
476
479
482
491
498
499
0
1
27
39
63
83
90
91
92
106
112
119
126
129
134
139
144
147
150
172
173
202
206
212
213
238
239
255
273
279
291
293
296
307
318
341
346
353
370
373
387
389
415
431
437
440
464
475
484
490
493
494
495
0
4
13
24
48
68
70
77
81
100
106
113
126
130
133
140
170
199
214
220
234
237
245
267
273
309
319
336
353
369
385
386
393
408
436
443
462
464
465
469
472
473
488
498
2
12
13
18
19
26
30
35
44
54
86
114
128
129
133
155
191
205
211
217
221
224
238
258
265
270
285
291
311
324
325
341
345
356
378
383
390
392
398
400
418
421
422
440
454
458
461
466
469
8
11
25
28
35
61
64
100
110
116
121
132
134
155
183
192
196
205
211
214
219
221
225
255
266
270
273
285
305
311
312
315
319
320
344
348
352
358
360
384
387
399
403
417
423
427
432
433
446
447
448
453
461
462
463
467
487
21
30
36
57
92
94
97
101
123
127
132
134
136
150
163
174
181
182
199
200
203
221
225
238
253
254
260
262
269
276
277
294
303
337
340
372
373
404
411
439
440
455
468
475
479
483
492
493
16
24
44
48
57
67
71
72
83
86
114
139
142
147
150
171
184
192
213
215
217
220
231
240
244
246
247
260
264
271
291
303
309
338
351
365
381
382
406
424
463
494
0
3
10
11
29
46
54
68
81
82
85
87
88
97
103
107
108
133
147
157
196
199
207
223
228
246
249
261
283
309
310
324
341
342
344
368
378
386
392
396
403
420
427
429
432
448
481
499
5
17
28
32
37
39
40
64
83
87
92
100
116
120
146
150
165
170
189
196
198
208
209
226
230
240
266
301
304
314
316
324
325
330
332
337
358
375
378
383
384
385
386
388
396
435
446
448
457
466
479
488
495
498
8
11
39
42
48
55
58
62
64
72
73
77
84
100
114
126
147
152
154
166
174
175
184
189
190
191
203
214
218
229
235
236
243
247
257
258
263
264
268
270
293
303
305
306
335
341
364
367
383
400
426
434
461
463
481
0
7
35
40
51
74
81
92
104
120
135
148
164
168
185
190
193
195
196
206
217
228
263
297
335
376
378
390
402
406
409
426
431
465
484
491
493
497
1
10
56
62
75
111
130
135
146
174
183
193
201
211
217
219
228
261
278
287
290
291
294
297
327
347
350
357
358
363
365
375
388
390
392
394
406
436
440
446
451
477
3
7
13
17
18
24
25
27
38
43
51
61
70
71
96
97
108
128
139
153
156
163
198
200
216
217
226
234
238
247
259
262
268
283
291
299
306
312
321
322
324
337
338
344
345
347
363
367
369
383
391
412
415
416
417
418
436
437
450
453
459
461
470
473
477
481
489
491
493
494
24
49
50
52
57
77
79
80
104
110
118
127
132
141
144
168
170
175
183
227
246
255
280
283
298
313
319
323
325
326
337
341
351
354
360
365
368
373
383
384
387
408
410
414
432
433
438
442
449
471
473
475
1
2
10
21
25
27
32
58
66
81
88
93
96
97
105
115
120
155
157
160
161
170
176
181
185
187
188
189
216
225
233
238
244
259
264
284
318
324
335
347
355
366
380
393
398
408
459
462
466
468
8
40
56
63
64
87
109
121
126
132
133
153
155
158
162
166
167
195
207
209
210
217
226
227
235
243
253
261
268
272
285
286
288
304
307
315
316
329
330
334
351
358
363
370
376
381
385
390
392
394
411
412
434
436
448
451
462
481
482
2
19
23
49
55
67
70
72
83
84
99
123
131
146
159
163
168
178
215
216
217
226
235
257
258
264
274
313
323
337
340
344
346
349
355
356
357
369
377
378
381
383
403
417
432
434
453
457
471
475
477
490
493
11
21
30
34
47
69
80
88
96
123
139
149
156
166
168
178
180
218
219
225
235
238
250
264
269
278
310
311
318
324
335
343
348
355
359
375
383
390
401
406
434
448
461
477
479
482
484
488
494
2
7
11
14
18
22
27
47
53
54
56
58
72
91
92
127
131
141
143
155
157
163
169
200
202
203
210
221
229
230
231
232
240
242
243
246
248
251
253
256
263
288
297
299
303
310
314
321
333
334
348
364
365
388
396
399
404
417
418
434
436
437
449
460
467
484
15
19
21
31
33
56
61
75
76
91
92
107
111
115
120
121
127
142
146
157
158
160
181
183
190
192
200
202
204
229
269
285
299
317
330
332
336
382
385
395
397
400
417
447
450
452
457
466
469
497
14
20
31
60
66
85
93
103
105
122
128
132
155
158
171
180
199
202
227
233
248
260
262
269
291
304
309
312
315
335
336
366
367
368
380
387
393
394
408
422
437
460
472
479
15
50
51
61
71
91
95
134
135
137
147
161
207
229
234
245
247
260
264
267
272
278
287
300
321
329
342
355
402
405
425
432
444
449
458
495
498
7
26
42
49
88
114
126
130
134
140
148
164
189
193
194
197
211
215
224
225
241
259
270
287
288
303
304
307
315
317
321
323
333
336
347
380
388
391
399
403
428
449
464
476
491
499
11
12
43
56
61
67
80
86
93
113
118
130
146
148
178
190
191
210
212
225
235
278
290
297
315
325
331
342
343
348
351
360
367
376
394
401
402
411
431
446
449
451
452
455
456
460
463
470
477
481
489
27
42
44
50
62
74
81
84
94
110
127
134
153
154
155
178
192
202
203
205
208
223
252
260
266
271
278
294
297
320
330
333
335
345
362
368
389
390
399
435
459
476
477
482
484
486
16
20
42
43
53
67
82
86
88
108
139
148
168
171
184
202
236
259
265
271
274
282
296
303
305
311
320
334
339
355
357
364
367
375
383
386
395
402
404
416
423
430
441
442
472
477
478
481
8
26
28
39
40
72
77
78
79
84
86
87
112
113
121
135
139
170
181
188
189
194
201
227
253
263
271
277
283
290
293
299
319
329
345
350
351
354
365
379
383
388
408
409
422
445
449
453
474
480
487
491
24
38
44
47
52
57
68
69
70
72
94
108
115
128
133
147
149
154
157
179
181
194
200
206
226
228
231
238
252
283
285
317
323
346
350
358
367
373
376
391
394
411
412
419
437
451
493
499
0
1
9
20
27
38
44
57
76
87
100
102
105
107
112
115
121
134
146
152
167
177
192
210
215
217
228
272
278
290
295
304
310
331
338
339
359
369
380
381
382
383
384
400
411
418
439
443
445
448
450
453
7
11
14
18
24
27
34
36
39
41
51
58
67
89
113
118
130
131
153
160
171
176
187
194
246
249
257
264
278
289
334
380
387
397
408
437
439
442
447
456
478
481
489
490
5
14
17
26
33
35
44
49
55
76
78
87
89
100
102
108
114
115
133
135
143
151
154
165
167
199
207
211
213
216
222
227
230
231
236
248
275
278
280
287
296
339
341
345
368
375
392
396
406
422
423
466
469
473
9
14
29
33
43
66
70
78
92
95
100
110
111
114
205
226
238
251
280
299
305
310
326
339
351
354
358
359
366
395
422
435
442
451
490
3
7
23
31
41
42
46
49
54
55
57
63
66
75
86
92
106
114
123
127
143
154
156
169
177
195
249
255
264
274
287
300
339
348
375
382
384
394
395
408
410
438
460
470
488
495
496
19
25
30
34
54
70
71
73
86
94
112
151
201
211
212
215
221
228
232
234
250
264
273
286
296
299
305
317
330
331
336
339
341
357
358
360
389
400
402
417
428
433
434
447
452
453
458
459
499
1
29
49
53
58
101
129
138
163
164
173
184
189
199
206
209
221
222
232
237
240
245
254
259
265
296
305
312
327
351
373
380
410
417
428
461
470
478
498
0
6
19
31
32
43
59
64
75
94
104
107
110
134
137
142
174
178
200
202
220
223
233
238
261
265
300
315
322
332
345
349
369
417
426
441
444
447
453
455
456
482
491
493
11
17
23
29
42
52
55
60
77
100
117
118
138
159
164
193
217
224
236
251
252
253
265
281
309
312
314
315
353
356
358
367
371
375
376
384
385
397
427
431
437
441
448
482
486
488
498
22
23
32
35
36
37
68
74
83
96
98
103
108
109
112
117
132
141
146
148
149
154
158
159
160
169
178
187
188
203
214
215
221
225
227
239
246
257
260
265
284
287
300
308
319
325
332
336
350
368
380
381
387
406
407
428
437
439
448
460
462
482
491
499
25
32
36
41
66
71
76
78
83
85
105
113
115
151
173
174
178
193
201
210
211
231
238
241
257
271
286
294
297
304
316
318
326
340
350
357
365
374
394
397
410
414
418
433
437
442
445
447
467
468
469
495
12
15
49
54
65
76
117
129
138
147
150
151
164
171
181
188
193
197
228
246
255
259
264
273
286
291
305
310
311
325
334
350
351
356
380
384
396
399
418
429
432
441
444
456
461
472
473
492
495
497
2
26
47
64
93
99
122
133
147
149
155
172
175
180
184
207
220
257
258
260
264
267
268
290
302
305
310
311
313
331
340
345
369
371
372
373
385
387
419
420
423
439
442
444
446
453
479
21
28
33
62
63
64
78
117
127
149
153
157
164
177
192
211
213
215
221
228
231
235
239
240
258
262
272
273
286
292
333
343
344
353
361
367
400
404
413
415
424
431
446
452
460
461
9
15
41
62
80
122
133
140
142
150
162
172
193
203
204
222
236
257
259
267
269
284
286
293
317
321
322
335
342
355
373
384
394
395
414
421
423
439
452
455
487
2
14
29
43
46
48
73
79
91
94
100
110
113
123
129
139
140
151
154
156
164
172
173
201
206
217
254
256
269
287
321
352
353
364
378
386
391
396
417
420
427
440
445
452
458
469
478
2
5
9
11
24
28
30
44
65
66
67
68
70
79
84
95
98
103
114
127
132
137
146
149
152
163
167
177
180
197
212
216
223
239
245
246
255
262
281
283
298
302
306
307
318
334
350
357
360
361
363
390
405
407
431
434
449
462
481
1
12
20
24
35
68
83
88
112
146
158
167
169
174
190
196
225
237
241
260
277
286
296
309
313
322
341
354
361
362
376
377
380
381
385
387
394
410
411
414
416
418
425
431
436
442
451
478
485
488
494
499
10
15
16
26
32
40
70
86
91
92
93
96
117
118
124
128
130
148
149
157
160
174
206
209
220
226
233
252
263
264
277
283
296
299
317
319
331
335
350
371
379
404
408
412
429
437
442
445
447
450
454
464
468
473
474
486
4
5
6
41
62
69
137
139
144
145
150
155
156
168
187
193
198
203
212
244
267
273
287
299
311
316
325
353
360
363
365
370
383
405
421
424
429
446
455
459
463
465
493
498
4
9
12
22
24
26
34
40
48
53
56
106
122
132
167
172
173
185
205
219
224
238
272
282
298
301
302
313
314
333
341
374
378
381
396
407
416
457
458
473
478
489
498
10
24
35
43
46
50
51
55
63
68
70
84
91
107
118
125
131
145
157
168
177
178
216
231
243
245
248
254
255
260
268
290
303
311
317
320
324
336
347
390
417
422
435
437
450
460
464
470
477
480
495
496
23
24
32
42
61
69
73
99
106
109
111
126
141
142
150
163
166
171
172
176
177
184
198
207
220
233
237
240
260
279
280
285
296
304
309
314
324
325
359
362
363
370
375
376
380
388
401
426
432
449
475
477
488
496
6
12
24
26
28
58
62
68
70
82
135
140
149
160
171
172
176
179
181
184
217
262
275
277
283
287
302
368
383
404
425
430
440
444
451
457
459
473
477
491
492
499
8
34
44
54
64
71
119
120
129
132
134
135
154
164
187
219
232
237
242
271
272
274
303
326
335
350
357
359
373
379
383
414
422
438
442
447
453
454
456
484
485
498
20
26
34
38
57
66
74
76
77
86
90
93
110
126
155
167
170
184
188
191
192
198
203
208
210
212
249
253
255
263
292
306
307
326
331
333
344
362
380
382
384
386
410
424
431
444
452
468
475
491
2
4
21
23
36
42
43
47
51
56
60
61
90
103
128
129
163
168
176
183
198
199
203
207
214
221
227
235
236
239
240
281
289
292
319
322
329
351
354
361
368
394
407
416
424
432
452
458
478
482
487
7
10
22
27
30
78
83
103
106
108
116
118
121
128
151
158
169
178
179
209
219
226
252
255
276
283
290
310
312
313
343
356
357
395
426
443
451
453
461
476
486
488
496
499
15
19
21
28
44
64
65
69
73
76
115
134
137
157
158
163
167
171
176
193
201
205
206
207
212
227
232
250
269
275
276
288
295
307
308
315
320
330
337
340
343
357
358
389
417
422
426
428
430
441
445
452
453
459
19
23
43
49
50
52
55
62
78
82
90
111
138
152
158
164
171
179
210
227
232
248
254
256
257
268
272
280
288
294
295
331
338
341
372
388
405
410
429
434
443
497
18
27
37
46
47
49
52
64
66
77
84
88
90
91
106
118
128
151
155
157
170
173
182
195
209
239
252
259
266
274
290
299
311
317
328
335
336
338
350
355
362
374
404
413
422
447
451
461
465
469
472
479
480
488
16
25
28
35
47
49
60
61
109
111
113
121
122
136
155
156
163
165
169
177
181
187
212
244
245
273
286
304
331
333
353
359
376
379
386
402
420
421
436
437
445
459
474
478
499
15
23
36
38
45
49
50
51
53
62
69
77
83
99
106
114
144
146
155
159
162
186
187
189
192
196
200
203
212
245
256
258
259
268
285
298
299
307
313
315
330
339
341
343
365
366
370
371
374
384
397
404
408
415
429
434
445
449
452
463
467
469
475
478
496
11
49
62
79
96
98
123
143
151
152
165
167
182
214
222
231
245
253
259
261
267
275
278
308
319
335
342
347
350
358
363
372
380
381
383
414
416
427
430
434
445
486
488
493
9
17
27
48
54
58
63
64
69
74
79
87
89
92
127
142
147
162
164
188
198
243
259
265
272
285
290
305
312
320
332
343
353
359
362
363
365
371
384
406
413
416
445
461
473
481
487
12
34
37
44
60
94
98
102
111
121
123
130
140
142
144
158
159
189
206
214
215
242
266
285
290
295
299
303
307
335
349
385
393
394
395
398
400
403
406
418
420
437
439
440
448
454
457
473
498
15
21
25
38
50
52
57
64
76
91
133
145
161
167
170
172
183
200
206
212
218
222
229
237
245
251
254
257
270
289
317
325
331
337
341
372
381
397
403
405
412
417
419
442
445
454
469
484
2
49
55
59
62
64
76
84
85
103
105
107
133
135
145
151
158
176
186
188
191
213
217
225
241
249
253
254
261
262
264
265
281
299
304
321
326
342
344
357
359
364
366
377
389
405
415
431
436
441
453
464
468
480
484
490
498
10
16
22
31
42
50
68
69
79
85
88
101
104
107
114
149
150
163
172
183
184
193
195
200
201
224
232
235
236
257
268
291
299
315
336
356
363
378
393
403
424
425
428
430
433
438
444
450
451
458
483
495
498
23
29
35
54
63
70
72
75
81
92
118
131
139
140
148
154
160
165
194
200
211
214
219
226
251
260
263
279
284
285
289
302
304
308
315
319
346
349
368
379
400
402
424
466
468
480
490
493
497
7
13
53
59
65
81
82
95
96
103
105
112
118
120
125
130
154
166
187
193
211
213
219
232
253
255
259
277
280
286
298
302
303
321
325
330
337
350
358
381
395
397
403
411
412
450
451
459
464
483
489
492
8
11
19
23
41
44
48
49
53
58
62
74
79
113
132
133
160
162
167
174
179
187
197
208
210
220
223
229
241
252
255
256
269
286
300
309
321
337
349
357
360
369
374
378
387
389
412
427
457
463
479
2
9
11
21
24
26
27
29
34
36
47
55
58
62
66
67
76
123
133
134
140
146
148
152
167
186
194
196
201
211
212
213
222
227
252
254
261
267
270
278
288
292
297
303
311
335
341
361
377
409
423
433
442
445
447
457
460
463
465
467
491
493
498
4
14
31
46
47
64
73
83
103
107
117
119
122
126
140
146
151
157
159
161
185
197
199
206
244
254
263
268
273
282
287
289
310
315
321
365
374
380
386
389
390
397
402
407
452
456
467
38
39
41
49
50
51
55
68
71
72
73
86
113
117
154
156
167
193
206
221
227
228
250
260
279
292
299
301
318
325
328
343
395
402
433
436
445
448
457
458
461
464
483
486
488
15
30
39
51
56
80
93
104
107
109
110
122
124
128
129
143
144
145
153
173
193
194
209
211
224
231
239
242
244
262
273
281
288
297
300
337
369
376
382
384
400
401
404
424
430
437
440
449
450
456
458
459
484
10
13
19
43
59
60
82
84
99
110
113
121
127
134
148
162
171
180
182
185
203
220
221
243
249
280
283
285
291
317
320
333
335
340
349
368
376
378
385
413
423
426
431
437
454
459
462
466
475
480
495
1
23
24
38
44
47
67
75
88
95
100
108
131
139
172
181
184
186
190
198
211
213
232
235
241
242
258
281
288
291
292
304
308
313
325
342
343
349
363
373
379
385
387
390
393
400
402
404
407
410
423
426
427
429
434
436
443
455
461
478
497
0
15
17
23
27
35
52
58
75
94
100
104
109
116
132
150
167
171
190
195
202
210
217
224
226
229
241
246
254
267
279
285
286
290
292
293
296
306
312
324
327
332
338
341
360
364
369
370
381
392
397
408
409
410
414
417
433
442
461
468
472
478
491
492
499
1
2
8
15
27
35
45
50
55
75
86
87
89
108
113
115
127
137
139
146
156
166
181
189
197
208
210
213
220
248
276
297
326
333
337
343
348
354
365
382
411
415
416
417
463
465
466
470
476
493
4
14
16
34
40
58
99
103
107
112
129
131
134
150
159
169
175
178
202
208
211
229
232
237
265
276
281
295
302
304
326
353
354
367
368
370
373
377
388
394
397
398
413
419
420
441
457
463
469
479
481
485
487
492
499
4
25
30
31
46
48
52
62
68
73
75
79
92
112
115
118
128
132
144
146
165
173
179
181
199
212
237
246
247
263
282
297
302
308
350
363
372
381
382
386
388
389
407
417
418
423
428
431
480
2
39
44
82
90
108
111
118
161
191
192
198
202
203
211
219
223
226
254
255
266
300
327
334
337
339
346
374
378
382
383
386
392
399
410
433
446
496
0
11
25
27
42
55
57
69
74
78
94
110
112
115
131
134
139
145
155
157
167
186
205
213
218
228
229
242
257
271
282
313
321
323
340
341
400
412
414
415
426
445
452
476
482
497
24
42
46
51
53
61
68
71
75
78
91
126
149
165
212
213
221
227
242
247
253
258
275
281
302
309
312
318
326
345
351
366
369
397
412
418
419
425
431
455
460
480
481
487
489
0
4
6
18
23
27
29
32
34
55
63
71
81
94
98
119
126
132
133
149
158
159
162
170
183
204
215
221
234
238
247
257
258
278
281
292
312
322
333
339
349
367
391
412
424
432
469
490
498
6
26
28
29
31
37
38
47
53
76
84
87
94
98
107
110
114
115
127
130
136
145
147
154
158
184
186
189
190
191
195
196
217
225
245
264
290
291
292
297
307
316
332
351
358
365
366
373
402
407
426
433
436
443
457
460
464
480
489
0
19
34
35
47
91
93
101
105
109
111
117
121
125
128
130
133
145
153
165
174
198
212
226
241
243
254
257
268
275
277
291
299
302
305
322
324
342
355
360
372
373
377
378
395
399
410
420
421
441
468
493
14
41
60
66
67
71
74
84
88
119
154
157
163
175
176
191
213
234
237
238
262
267
278
291
302
304
319
330
333
335
337
340
353
362
363
408
409
411
425
438
439
446
449
464
465
473
479
492
0
1
3
22
26
37
39
46
52
90
94
95
105
120
131
148
166
179
198
203
223
248
252
255
275
303
312
314
321
335
345
360
368
373
393
400
403
404
406
412
419
420
424
431
458
459
461
464
473
490
3
10
51
79
80
97
99
104
105
119
125
139
143
146
152
167
168
169
175
177
183
184
187
202
216
234
237
238
256
304
307
313
332
345
350
358
359
379
393
396
405
433
434
466
481
492
497
3
37
56
70
80
81
100
101
114
117
119
140
144
147
148
160
171
182
188
195
243
263
265
282
286
309
329
330
342
349
363
392
429
434
450
458
475
484
491
497
42
54
58
65
81
111
122
132
152
160
186
188
217
245
252
300
318
332
334
343
363
369
378
394
423
429
443
469
477
478
486
489
7
14
46
51
53
58
70
73
76
88
100
101
103
126
127
129
143
155
156
197
201
211
253
256
259
300
308
319
337
340
387
388
409
418
430
437
438
442
456
483
4
11
15
21
23
27
33
37
72
74
96
105
119
123
130
133
134
137
159
169
181
182
183
191
197
198
205
214
216
222
235
241
254
262
266
270
273
276
283
303
305
333
337
345
352
376
380
384
404
433
443
453
485
11
22
31
50
54
63
93
99
104
112
126
128
150
156
165
170
172
175
179
185
188
189
216
217
222
237
256
270
279
288
293
298
305
306
307
314
325
334
335
338
361
374
379
384
387
400
411
414
444
464
487
11
13
16
27
28
40
41
58
64
68
73
76
89
94
105
125
150
154
161
163
172
174
184
185
196
197
201
215
216
219
221
226
227
235
236
238
248
256
277
281
293
299
308
311
314
315
316
329
334
336
340
341
347
363
370
371
378
389
390
392
397
407
411
418
419
424
443
450
460
461
494
8
9
17
31
32
35
73
97
99
100
103
150
165
167
168
171
183
191
195
211
221
228
229
252
275
280
283
289
311
327
331
333
334
338
341
349
353
366
376
434
438
449
481
492
495
9
13
22
24
29
35
40
47
52
71
76
77
82
88
123
144
148
149
154
163
179
196
204
212
213
214
231
238
260
266
272
273
276
296
299
311
321
330
359
366
404
408
431
454
456
461
471
472
486
493
33
38
41
53
57
60
91
92
111
122
123
136
146
172
177
191
194
203
219
227
277
287
292
305
322
333
343
387
388
403
416
431
436
441
449
456
458
462
484
486
489
9
12
14
19
21
22
30
39
44
60
62
82
94
101
106
126
128
134
137
156
169
179
205
211
213
225
239
243
258
275
282
316
330
334
348
354
357
359
369
373
391
409
423
427
429
437
438
451
456
482
491
24
25
36
38
42
46
47
56
62
64
77
82
89
94
97
107
114
115
131
142
148
152
195
196
208
211
223
247
249
268
277
293
296
306
307
311
319
328
359
376
377
379
393
418
419
427
438
440
453
459
470
472
477
489
4
9
10
16
33
63
78
100
101
110
112
120
126
141
157
162
173
178
193
197
221
231
260
262
280
291
307
325
327
328
351
354
377
394
400
411
423
427
437
471
3
21
25
29
32
41
42
44
79
80
101
102
109
122
136
163
164
165
172
176
194
196
201
211
212
214
222
242
245
268
274
299
302
303
326
328
336
362
376
393
396
410
416
423
434
437
443
446
449
465
471
472
476
487
493
5
22
27
33
61
65
79
101
109
115
145
173
189
195
203
205
231
243
248
252
279
281
300
302
310
318
349
364
367
388
403
417
421
430
433
434
442
452
465
473
478
495
14
28
43
49
55
63
65
72
74
105
115
120
125
157
161
162
164
168
176
242
253
267
274
278
285
286
299
300
307
309
312
313
315
324
344
365
373
376
406
418
424
436
450
471
487
488
489
494
4
40
46
49
51
71
83
110
137
167
173
205
211
225
236
239
256
269
289
330
333
361
366
389
418
445
448
450
451
453
459
486
499
1
34
36
48
52
65
71
84
93
117
118
133
135
137
145
156
161
177
188
203
210
228
268
287
290
294
303
326
338
343
362
372
373
386
404
421
430
432
439
443
15
23
26
28
35
61
70
72
88
104
111
120
133
135
149
171
172
176
180
187
214
222
235
241
283
289
304
305
313
328
348
349
355
388
393
411
417
418
429
432
453
458
486
495
9
21
25
26
27
33
35
89
93
95
103
114
128
136
138
156
167
169
180
185
186
198
208
211
225
226
237
242
249
259
266
273
274
289
294
296
303
318
320
322
343
355
359
370
393
409
411
424
436
437
454
480
490
4
22
27
41
47
60
77
89
119
131
132
140
145
171
179
193
210
221
225
226
232
255
276
279
283
287
294
301
306
343
345
353
392
409
415
424
436
441
445
455
460
471
474
479
11
22
28
38
39
42
55
56
57
58
59
61
72
73
74
77
79
93
122
131
133
135
136
137
144
154
155
157
159
161
164
168
182
184
201
202
211
213
217
221
234
246
250
252
263
266
270
272
281
288
300
304
307
308
318
328
337
341
342
345
346
350
360
373
377
380
389
393
398
408
409
417
427
435
451
454
469
480
487
495
11
18
22
23
48
49
62
64
77
78
88
95
108
130
133
137
145
147
150
163
172
188
195
211
217
222
225
239
254
265
272
274
319
330
347
349
381
396
398
404
421
423
433
441
458
462
487
3
11
14
20
28
50
51
63
78
85
99
105
109
110
116
117
132
151
155
174
176
181
225
236
252
254
259
279
281
285
293
294
301
328
329
332
337
367
371
394
395
406
418
461
462
469
471
476
478
490
494
0
22
28
37
53
54
56
61
63
72
93
94
102
105
108
109
119
127
130
135
140
157
162
179
181
187
195
197
200
205
209
215
225
227
238
239
261
279
280
288
292
318
330
336
343
359
371
389
403
407
408
409
415
418
419
425
452
457
459
460
473
490
2
6
24
41
42
55
80
106
112
113
114
116
117
125
156
173
181
182
184
198
200
227
229
230
231
233
236
238
244
262
263
266
278
281
293
304
318
320
364
386
387
390
394
411
413
448
456
465
467
470
493
497
14
18
21
53
60
61
62
87
88
91
101
124
130
136
181
185
193
196
200
207
213
215
222
229
244
246
250
270
298
317
318
324
331
337
349
365
369
391
419
420
423
427
458
473
475
477
490
494
6
9
19
30
43
45
48
51
72
78
88
97
98
100
121
123
151
159
162
171
174
175
185
192
216
221
222
234
235
244
252
253
259
265
269
270
279
303
312
318
319
320
325
327
330
332
348
353
356
380
393
401
412
415
431
435
440
464
476
32
41
42
46
50
53
59
63
87
103
127
128
155
157
167
178
186
207
212
218
225
228
232
245
262
274
281
298
302
312
328
343
353
354
356
369
381
385
386
394
406
438
465
470
481
484
498
3
11
20
27
52
54
72
88
99
105
111
121
131
133
142
156
157
160
182
197
229
235
251
283
288
295
299
300
312
355
376
388
407
416
424
462
478
489
496
0
13
14
23
39
42
52
66
87
100
105
119
130
138
147
153
155
162
164
191
193
230
241
256
259
267
274
280
297
299
300
321
329
335
336
352
365
384
401
407
409
420
421
432
436
466
471
477
479
481
6
16
22
29
59
72
78
83
94
102
107
108
111
117
124
156
158
163
164
168
175
189
221
225
228
237
253
254
271
273
277
281
285
286
293
303
314
325
345
359
361
365
374
378
383
394
422
425
426
433
446
453
461
462
463
466
20
25
44
51
62
68
71
81
97
102
110
121
131
145
169
177
185
208
210
228
232
243
255
260
263
268
279
291
297
298
313
318
340
351
368
386
397
411
424
437
442
452
456
488
491
493
1
10
20
25
32
38
45
63
64
71
72
74
76
113
117
120
128
130
136
139
147
148
161
162
164
173
174
181
192
195
203
215
230
235
237
240
242
249
261
283
289
294
308
312
313
314
338
344
347
348
366
382
383
392
393
405
407
411
416
420
425
434
439
464
481
494
498
17
27
45
49
55
62
68
105
111
134
143
166
170
175
178
189
207
209
217
254
265
269
281
287
297
332
333
336
362
375
386
388
392
411
413
446
450
460
466
468
469
485
489
491
29
52
53
56
57
58
85
93
105
114
120
155
157
160
166
205
206
207
216
218
225
228
236
249
268
278
291
301
319
324
326
335
342
350
353
354
366
369
370
389
394
395
398
434
449
453
467
469
476
481
485
5
12
13
14
20
25
28
35
42
46
84
88
94
100
109
117
128
143
165
168
169
172
176
177
194
199
204
232
250
254
259
263
268
269
271
272
282
284
289
293
295
323
333
355
366
376
381
403
404
410
411
412
416
417
428
448
464
466
484
488
490
491
13
20
28
29
58
75
83
85
88
99
114
146
157
163
176
200
211
223
225
227
242
251
272
285
289
299
300
307
324
327
334
349
354
378
402
416
417
426
430
441
448
449
462
465
469
478
479
485
487
2
10
16
45
54
56
77
89
94
109
114
116
118
129
144
159
188
201
205
223
229
230
241
244
254
256
257
273
277
280
290
296
302
305
325
338
343
344
345
351
387
396
408
409
423
436
499
31
37
76
85
93
117
126
140
144
149
151
154
161
165
170
186
188
192
196
202
210
239
240
242
267
269
278
288
296
301
313
317
328
343
359
390
407
413
442
457
474
481
489
494
12
38
39
41
83
88
95
115
134
135
136
185
189
224
230
245
273
285
297
299
303
305
315
317
332
333
343
345
354
367
373
384
390
429
438
443
475
482
492
495
24
29
49
55
81
84
85
88
94
108
116
130
134
143
144
154
169
175
182
195
200
227
244
249
257
303
305
318
332
344
347
349
352
374
379
382
391
400
405
410
412
424
429
448
450
459
460
487
494
4
5
11
12
13
15
17
25
32
36
43
53
66
73
77
82
95
97
106
107
157
164
187
190
193
196
198
210
219
234
260
261
282
303
305
308
314
336
366
368
381
398
400
405
416
426
427
431
434
446
448
464
475
480
482
487
493
497
12
18
27
28
33
36
40
43
44
58
72
81
105
110
113
120
132
138
142
164
166
170
187
190
193
201
202
203
213
214
217
218
229
233
242
252
255
257
259
278
289
294
297
300
303
325
336
338
339
357
399
407
418
426
430
464
471
473
478
489
6
27
33
37
48
49
56
67
79
82
86
87
95
96
104
123
130
155
166
172
191
224
237
250
251
252
264
268
277
311
316
325
340
341
351
353
383
390
404
412
419
420
425
431
441
445
449
450
451
458
472
475
476
485
487
490
495
498
9
11
18
35
36
37
38
40
53
70
73
93
96
121
126
134
154
158
159
170
200
211
224
242
255
260
285
287
293
298
310
326
376
380
413
419
425
430
431
463
467
0
1
3
19
20
23
34
62
66
85
99
101
106
115
137
142
162
164
172
190
203
205
245
259
269
278
310
316
328
336
365
367
372
373
376
380
382
385
412
426
429
448
450
458
2
3
12
26
36
64
73
76
95
102
108
125
132
162
168
179
186
187
190
205
206
207
218
235
238
244
249
252
266
273
283
300
302
311
314
328
332
336
340
344
347
391
394
416
453
464
479
485
496
11
22
24
39
65
66
70
82
90
92
95
108
109
110
129
147
148
161
170
175
176
179
180
184
190
192
194
196
198
216
232
237
261
282
288
299
300
305
313
314
315
338
359
373
378
389
394
402
408
452
464
473
7
8
17
19
47
50
52
54
61
63
65
76
84
93
130
133
143
164
165
185
193
198
205
209
216
221
242
244
247
250
251
265
278
291
300
301
314
319
330
337
350
353
357
368
378
389
408
414
429
432
453
463
467
472
485
5
9
12
14
18
25
59
65
83
87
89
90
99
100
122
161
170
178
182
190
198
221
224
226
234
239
268
274
287
299
305
311
316
334
337
343
354
371
373
379
384
400
410
421
423
427
428
429
431
436
439
442
443
454
487
494
2
11
26
31
43
45
50
53
60
61
75
84
87
104
113
114
142
156
161
170
179
184
190
210
221
223
238
276
282
310
313
325
326
336
341
344
359
360
373
380
384
388
403
404
418
442
444
445
455
480
490
491
492
0
12
28
29
39
58
60
65
67
80
85
90
100
111
138
141
156
169
175
197
218
231
234
239
243
268
298
310
317
331
333
350
359
365
379
385
396
421
426
432
441
452
460
494
499
28
36
38
49
52
63
74
79
102
116
117
127
128
132
143
155
161
163
168
176
181
182
185
187
189
213
220
233
253
254
258
261
262
266
299
305
312
328
337
350
358
369
373
377
383
391
405
407
420
426
430
438
445
464
466
470
485
491
2
4
26
28
43
67
73
83
94
95
96
129
131
160
184
185
187
200
202
205
210
216
219
228
243
249
252
262
263
265
267
309
312
321
323
328
330
349
357
365
366
384
391
422
423
425
434
437
440
448
457
464
468
470
477
488
492
494
497
9
17
32
45
66
75
85
89
98
109
112
119
131
135
153
164
174
187
188
209
234
257
282
312
340
341
355
360
369
371
377
383
404
408
410
434
444
447
456
485
16
26
28
32
34
35
58
63
67
83
85
96
116
118
119
129
161
172
185
186
191
205
212
229
239
259
260
273
279
292
298
318
329
337
338
344
346
365
367
369
371
381
386
387
403
411
424
431
435
448
450
451
452
467
476
477
8
54
66
70
94
109
110
113
117
145
148
166
167
192
196
209
213
264
272
273
285
301
318
328
346
373
375
377
382
385
392
402
438
440
451
460
461
473
475
479
485
491
498
0
1
4
9
16
18
23
24
49
50
59
67
71
79
87
111
117
122
157
161
164
178
180
187
189
193
212
214
227
231
244
248
254
255
259
265
267
271
273
286
287
331
334
354
368
372
388
392
411
414
415
421
428
439
441
444
472
7
28
33
54
79
80
100
109
115
131
162
178
186
187
191
201
206
208
220
223
227
228
276
280
281
307
312
318
321
328
376
383
391
396
411
449
456
466
470
474
480
13
36
64
70
71
75
95
103
122
148
150
173
178
187
193
212
221
223
229
230
232
236
242
262
317
320
332
358
362
364
377
392
397
409
416
424
431
438
442
448
451
452
457
461
488
496
14
20
50
59
74
78
91
103
105
112
131
144
172
180
192
201
203
222
226
227
246
248
258
266
276
284
286
287
302
311
339
340
342
344
347
358
361
405
407
408
412
413
414
434
456
483
493
8
11
15
20
46
50
59
80
86
92
93
117
118
129
132
149
167
180
182
209
225
229
247
262
279
300
325
326
332
348
350
376
380
388
393
394
410
416
422
426
447
451
458
466
481
491
499
3
9
23
28
30
43
58
61
62
66
68
93
97
98
102
106
111
114
141
147
151
156
167
168
197
201
202
221
231
246
255
256
271
289
313
316
326
336
348
360
362
363
370
379
380
381
392
393
412
414
419
421
422
452
460
465
471
480
498
6
7
13
14
38
39
40
50
53
56
76
79
98
107
117
131
133
150
157
159
160
163
168
169
173
175
180
192
193
197
206
212
216
217
255
278
283
310
331
341
343
371
375
392
407
412
424
428
433
462
475
478
486
23
31
42
51
64
69
88
92
98
108
109
113
136
138
139
144
157
160
166
167
168
175
179
180
193
200
202
209
222
231
239
244
258
261
262
311
320
332
335
340
343
348
353
360
361
365
366
368
372
395
401
410
413
418
419
421
422
423
430
445
447
458
478
487
497
498
17
18
19
28
39
40
44
46
65
78
90
111
114
125
126
128
132
167
171
178
191
197
212
228
229
235
238
241
245
254
259
280
285
294
299
303
331
356
372
425
437
440
444
448
451
455
458
465
470
477
478
480
486
489
493
499
1
33
41
60
61
63
69
100
111
115
128
131
144
159
164
166
178
190
203
222
240
244
246
248
249
250
251
272
303
305
313
323
324
332
334
339
366
367
378
384
406
411
451
458
470
472
478
18
20
21
26
30
36
43
49
61
65
67
78
101
103
105
107
109
112
139
164
189
194
197
208
217
232
240
249
250
252
255
261
269
276
287
291
293
298
306
312
324
325
343
347
354
357
359
361
376
380
386
411
419
434
435
441
466
471
483
492
5
27
38
41
43
58
59
74
79
80
97
112
118
126
127
135
169
171
208
231
256
262
271
273
278
291
294
300
309
313
316
320
328
332
345
378
395
406
409
428
433
434
447
448
452
456
467
484
492
0
4
24
27
36
59
79
86
95
101
108
114
120
132
168
183
200
204
209
222
226
235
241
242
244
245
252
257
278
287
292
301
306
319
343
348
360
362
365
374
377
378
386
405
406
422
436
447
453
455
468
487
488
495
8
12
33
35
40
53
59
69
73
75
77
78
81
97
99
102
116
121
123
128
147
170
173
185
196
207
217
255
297
300
303
312
335
342
362
363
392
411
412
422
423
429
431
433
449
452
459
467
3
16
33
76
86
98
105
107
121
135
158
159
162
166
225
226
229
245
301
305
323
327
333
348
375
378
385
400
402
416
421
423
428
433
434
436
446
474
492
499
5
40
46
47
50
75
85
96
102
106
116
117
137
140
145
150
155
159
162
169
173
198
199
217
230
250
269
275
282
292
313
316
330
345
349
350
351
353
374
375
386
398
404
413
430
432
433
463
479
488
497
16
18
20
49
88
112
126
146
148
154
155
170
178
215
216
224
249
269
279
284
295
297
320
330
338
339
387
402
421
432
434
438
440
444
446
455
468
475
480
1
2
11
67
81
82
93
99
106
108
125
132
155
189
201
204
215
220
233
234
235
256
265
276
278
281
286
287
290
307
334
339
351
363
380
384
395
427
428
444
454
460
466
469
485
8
10
13
21
23
33
34
37
50
67
69
71
72
106
108
117
119
120
134
145
147
150
151
172
178
192
208
228
250
254
280
288
294
301
310
331
332
335
342
343
365
380
414
428
438
442
467
468
473
474
483
488
492
496
11
39
53
55
60
76
78
79
80
97
104
105
106
128
136
151
170
179
212
213
215
230
236
272
278
282
296
298
300
310
317
320
331
334
348
351
355
373
378
384
389
391
399
402
416
423
430
438
453
10
16
36
42
43
53
61
66
70
72
73
78
86
127
129
134
204
209
213
224
264
265
267
276
281
307
317
326
330
351
367
368
378
405
408
410
416
417
432
436
448
455
462
463
464
479
487
491
492
496
497
16
27
32
41
42
48
63
64
66
76
80
83
89
99
111
155
158
176
180
188
193
194
195
201
202
229
253
289
292
303
321
328
337
350
363
367
369
383
398
412
417
418
427
436
470
475
478
486
496
18
37
50
59
67
71
76
78
83
102
119
130
134
144
175
179
180
181
191
200
205
207
208
212
214
218
230
232
240
242
247
251
253
265
303
306
312
320
325
328
331
342
345
351
358
366
367
372
383
384
390
396
413
421
440
441
445
452
470
473
488
495
2
19
23
40
59
72
73
82
85
89
97
106
113
114
122
130
140
163
170
186
211
213
214
230
240
249
253
255
259
262
265
266
276
283
301
306
327
333
348
349
356
376
409
410
424
426
437
439
441
453
460
461
489
34
45
46
54
59
63
73
93
96
101
105
107
118
123
127
137
150
157
159
174
189
190
195
200
201
206
212
230
231
242
252
257
264
269
291
297
304
323
329
338
364
385
390
391
393
394
396
439
449
454
478
483
11
20
23
29
42
54
62
68
74
83
95
106
125
129
155
171
204
207
219
232
233
236
241
246
259
279
332
337
365
368
378
381
395
396
403
411
415
434
436
440
442
449
457
468
485
496
4
5
25
35
41
42
60
65
77
83
90
109
110
116
126
154
181
182
184
190
207
218
236
274
280
281
318
327
330
348
350
351
373
396
421
427
432
438
440
451
452
476
17
27
43
52
75
78
90
106
116
119
121
126
130
134
138
140
146
148
165
167
177
183
185
186
201
211
212
216
238
248
256
262
326
330
333
337
340
356
361
366
367
368
369
409
410
419
430
442
448
449
452
460
475
476
479
491
0
1
5
9
19
57
58
62
76
105
113
122
124
136
144
145
162
186
191
212
221
225
247
255
270
289
297
303
331
338
339
342
352
373
406
407
417
422
431
438
443
448
492
497
1
6
7
24
30
46
54
63
67
68
74
94
101
132
135
149
177
183
218
224
236
256
262
273
286
287
296
302
312
335
343
349
352
362
382
385
412
416
424
427
429
469
476
483
484
495
498
0
1
11
13
24
33
50
59
62
63
66
70
79
81
86
114
121
133
143
147
151
175
179
184
189
192
196
211
237
241
249
259
264
266
275
286
293
299
310
313
322
336
341
343
354
366
368
369
379
392
420
424
431
432
439
440
445
456
475
483
488
497
19
25
32
33
39
53
64
67
70
129
137
155
174
177
182
187
188
202
214
238
258
274
290
302
303
316
317
321
322
336
356
359
370
377
393
397
400
409
467
493
4
39
52
74
76
88
95
97
105
111
137
145
146
153
158
163
186
187
189
213
244
250
256
260
272
281
283
294
323
327
336
337
344
352
362
371
374
379
392
419
422
423
434
454
460
462
469
472
498
1
2
7
10
18
20
28
38
39
93
104
108
115
116
134
135
159
163
173
185
193
200
212
213
216
219
228
253
254
257
258
266
269
279
297
322
330
331
332
339
342
350
357
358
383
406
422
435
443
450
453
458
461
474
479
484
494
496
21
37
41
85
98
112
122
127
131
133
137
143
144
148
190
212
214
215
233
239
243
259
263
269
272
279
293
301
302
310
331
345
348
349
378
398
412
423
425
436
446
454
470
474
17
29
44
58
63
68
75
80
81
89
92
118
119
139
140
169
200
206
213
217
229
238
256
264
277
278
286
298
307
318
320
341
342
351
369
388
396
403
416
432
448
478
490
2
13
48
83
97
122
123
124
126
130
147
163
168
171
172
186
193
196
201
208
211
215
223
237
255
259
273
278
286
291
294
309
310
317
319
328
344
345
351
357
361
371
374
397
399
405
450
464
465
481
484
485
493
2
24
29
34
38
59
74
83
84
100
101
102
110
112
120
125
130
137
140
151
153
155
157
188
199
208
211
213
217
220
236
243
250
253
269
275
290
304
305
308
322
325
341
389
395
397
398
430
440
445
448
452
453
462
471
478
482
490
16
50
53
58
63
70
72
81
84
109
112
114
132
138
142
143
147
158
181
201
207
215
216
234
280
291
293
296
299
311
332
336
338
349
361
363
367
375
382
401
405
412
425
430
438
442
455
460
474
488
490
497
28
44
62
65
75
83
89
103
157
164
206
211
212
219
231
247
259
265
290
293
296
302
305
309
332
334
348
351
353
364
408
426
436
440
455
477
481
483
492
1
3
35
54
89
97
119
125
149
158
160
161
173
180
197
203
215
224
227
234
244
265
281
294
301
311
322
323
324
327
331
352
355
356
364
365
384
401
412
415
426
427
440
459
462
463
471
473
476
491
18
26
29
42
43
54
55
63
90
101
123
154
168
175
184
196
212
216
230
239
244
253
290
296
297
325
336
343
349
368
372
373
402
433
439
440
441
445
455
474
482
492
5
38
45
59
85
87
92
98
101
102
105
110
116
124
126
131
143
157
186
212
214
219
230
233
242
248
253
265
270
273
296
305
307
347
350
363
368
369
374
424
427
429
431
439
459
17
22
24
33
49
66
72
92
98
104
110
138
142
152
162
177
205
213
214
225
227
230
254
257
260
267
272
276
287
312
321
325
329
349
355
364
368
374
398
403
405
406
409
430
436
445
463
467
472
481
482
498
3
10
12
16
17
21
26
40
42
54
58
71
72
82
97
107
125
130
137
157
160
161
164
173
193
206
229
237
254
262
263
265
269
312
320
324
337
342
343
370
371
377
378
385
386
399
402
429
444
460
474
477
479
488
491
493
495
18
26
34
48
54
58
65
70
72
100
105
110
119
128
136
137
148
149
161
172
175
184
191
199
212
215
226
234
249
263
277
281
288
291
324
325
331
335
338
339
341
343
345
348
357
384
385
391
395
404
419
420
421
426
428
436
447
452
454
475
478
487
489
499
14
25
27
35
45
46
55
60
88
110
111
154
169
181
219
220
249
251
288
313
344
346
352
374
387
406
416
418
422
442
444
458
459
473
482
486
489
8
12
34
36
44
50
53
65
66
70
73
114
144
163
170
171
177
190
192
210
211
221
230
232
233
236
242
262
286
292
293
303
310
318
348
352
353
362
365
388
394
401
409
411
414
451
453
459
479
480
494
495
496
0
15
22
29
32
38
49
52
55
70
78
81
129
130
135
149
150
169
175
193
202
225
227
231
241
265
267
268
306
311
326
357
358
363
387
399
419
432
433
441
472
498
14
23
24
39
40
57
73
79
82
100
103
110
111
119
123
131
140
145
164
166
172
180
183
190
205
221
236
256
262
281
288
292
300
306
320
342
349
356
372
377
390
395
403
419
428
441
447
472
477
489
53
55
65
85
89
90
93
109
128
130
145
155
159
161
172
195
196
210
215
227
243
265
270
291
296
299
300
306
340
361
362
371
372
402
415
426
441
443
445
448
462
476
484
2
9
10
11
21
26
29
31
32
48
60
75
132
143
144
145
152
160
166
170
172
191
198
200
209
212
216
227
231
236
253
295
304
317
327
332
345
364
372
377
381
382
412
415
421
426
428
433
435
436
13
15
35
50
60
63
64
67
70
74
92
103
112
127
149
157
203
213
218
219
222
223
252
257
261
269
275
306
338
340
349
350
351
364
369
375
379
380
406
411
426
442
443
469
493
499
3
4
22
23
26
30
36
43
44
48
54
62
88
103
118
140
148
154
163
168
195
199
202
204
209
216
236
247
274
302
306
330
338
347
356
374
392
415
416
423
431
436
444
472
477
480
484
486
488
492
7
14
30
31
32
38
44
47
54
80
94
98
101
107
125
127
130
152
161
173
180
187
190
205
206
211
217
235
242
243
252
259
269
280
290
298
300
302
330
334
342
360
388
398
403
411
424
426
430
456
459
462
475
499
3
16
20
31
56
57
62
72
81
83
97
102
110
120
124
138
140
148
151
153
155
167
177
188
201
212
215
227
229
232
256
267
275
276
280
294
299
313
318
321
327
372
406
409
414
449
468
471
5
17
21
32
38
46
53
55
66
75
77
81
108
118
148
163
182
187
196
199
208
216
217
231
242
245
252
254
262
273
287
291
294
304
305
327
330
345
372
385
404
436
456
483
499
9
14
20
36
39
50
56
66
69
72
76
107
112
118
127
134
137
155
160
164
175
176
182
192
209
211
212
232
235
248
257
267
269
307
315
319
332
334
340
344
352
356
359
377
378
387
393
398
406
407
412
421
424
431
435
469
481
482
493
495
498
13
26
37
51
52
114
116
142
144
146
173
185
190
203
211
228
242
253
263
265
269
274
276
288
296
298
299
301
311
336
352
355
374
375
402
408
411
417
437
445
446
453
458
474
494
17
18
20
31
32
36
39
41
46
47
48
50
51
58
72
73
89
90
95
112
122
142
153
156
175
204
223
233
234
240
242
250
252
256
257
262
269
271
279
282
287
290
293
309
319
338
346
357
360
383
386
392
397
404
409
417
421
423
424
432
434
441
445
450
451
463
464
465
475
482
483
484
19
33
38
42
45
59
70
100
103
122
126
131
134
138
145
170
176
199
221
230
232
238
262
269
277
283
303
304
314
317
321
324
328
339
394
399
403
409
414
418
419
429
436
452
457
0
1
12
21
29
38
44
50
58
61
62
66
69
74
89
95
116
126
133
138
152
170
174
175
176
182
188
204
208
217
230
232
236
237
238
243
249
264
274
281
303
315
317
320
353
369
370
376
410
412
425
437
443
454
462
488
490
491
492
493
4
11
25
26
27
44
50
51
54
84
109
128
151
166
195
208
211
215
219
225
228
246
252
261
281
284
290
296
300
301
308
324
331
340
357
362
366
368
378
390
391
399
403
407
430
433
448
454
459
462
469
485
499
1
7
8
11
22
30
34
42
46
72
103
106
109
119
126
128
143
145
153
162
163
182
187
188
225
241
247
266
272
288
295
298
303
309
313
329
346
358
361
372
380
394
404
409
418
427
428
429
436
439
460
466
467
472
478
485
1
2
18
21
23
31
45
55
57
63
65
72
86
89
90
96
102
119
120
122
139
142
151
160
165
166
191
196
201
216
217
221
230
237
253
263
272
273
287
312
328
331
350
351
357
373
382
386
389
393
395
410
415
434
436
438
456
474
479
484
486
497
1
11
21
45
51
54
72
76
103
105
110
112
120
121
130
145
152
161
165
172
187
206
222
230
233
243
260
267
269
280
295
307
312
325
327
335
342
352
363
368
383
394
405
413
429
430
434
436
448
455
465
470
480
491
2
8
13
16
18
36
40
46
48
51
73
85
86
101
111
114
118
127
133
151
169
172
174
175
178
184
191
193
201
203
204
211
228
234
264
278
281
284
294
311
313
315
326
327
329
338
343
344
350
351
356
368
380
393
397
406
409
427
447
450
452
457
462
478
487
492
22
50
56
65
66
81
82
87
90
122
125
133
150
158
166
175
177
185
191
196
211
225
226
227
260
262
267
292
301
304
334
339
359
385
387
389
402
404
425
431
440
443
462
478
482
498
7
29
30
31
40
47
65
74
79
88
90
109
146
151
193
199
209
213
222
243
248
274
283
286
292
294
303
312
324
331
340
347
353
358
368
385
392
409
430
432
435
468
487
496
498
4
12
25
31
52
53
55
63
66
71
80
94
99
106
108
111
117
118
124
125
138
139
146
154
168
198
199
204
216
249
263
272
273
281
295
324
330
339
340
341
345
354
374
379
394
396
409
430
467
486
495
497
499
2
8
35
43
51
55
61
68
70
74
78
92
100
135
136
148
150
152
158
189
192
218
219
221
231
239
246
247
250
256
262
264
271
299
301
302
303
308
312
315
334
364
378
393
403
421
440
445
447
452
465
471
22
24
43
79
93
117
119
123
145
164
177
201
204
209
248
256
269
284
288
292
309
311
318
341
342
355
365
393
401
411
413
435
442
455
458
465
472
482
497
11
18
20
22
31
45
46
51
73
74
78
83
85
91
99
101
119
130
145
148
156
159
180
181
186
202
204
219
227
233
236
248
254
304
312
322
326
327
328
332
345
362
367
370
379
392
400
407
408
411
426
443
447
464
476
477
480
485
495
35
69
78
93
108
123
147
148
149
167
169
172
185
194
196
199
204
231
238
250
251
261
264
265
291
294
299
333
339
343
345
354
355
356
362
368
371
372
395
398
404
406
410
411
428
441
442
446
460
467
469
470
473
478
490
11
14
20
37
49
61
63
64
66
88
108
123
129
153
162
164
166
193
203
206
207
215
231
234
247
264
274
325
341
343
344
349
355
381
382
412
437
467
474
481
492
496
497
9
12
13
16
20
40
53
61
63
71
72
75
78
94
98
105
111
113
137
139
169
182
192
226
227
236
241
253
255
260
292
297
300
315
316
320
322
323
342
355
359
375
378
396
401
408
409
410
416
420
438
452
465
482
489
495
13
15
22
25
27
45
67
68
85
88
89
116
120
124
129
143
147
157
178
180
185
221
243
246
249
254
255
270
283
289
298
310
312
331
342
352
353
354
375
386
387
388
394
405
412
415
417
437
445
459
492
497
2
4
45
58
64
65
68
70
73
92
95
98
116
121
145
173
176
204
209
210
222
238
255
261
267
287
293
301
304
316
320
322
325
329
338
339
350
367
379
389
402
403
410
415
417
418
437
446
450
452
455
471
496
0
24
25
46
53
54
76
80
85
90
103
108
135
157
178
182
184
190
199
205
208
237
242
260
267
298
300
313
314
321
330
369
378
386
400
406
416
419
427
433
439
469
471
480
9
11
17
45
47
52
53
73
74
87
88
98
106
109
112
119
133
136
138
140
157
158
169
186
192
193
219
222
226
233
241
256
263
277
279
289
290
291
298
299
303
306
308
313
315
331
338
347
377
390
409
417
426
433
437
451
463
469
473
497
6
19
29
30
38
57
69
82
92
98
105
108
138
156
157
173
183
186
204
210
212
221
253
254
259
260
267
283
295
303
315
356
385
386
388
401
421
427
447
448
461
465
472
486
488
492
11
12
16
22
29
37
38
68
72
75
102
105
113
115
119
124
128
131
134
135
146
176
218
225
229
232
240
250
270
288
289
290
298
301
317
320
328
332
335
357
359
364
373
395
409
437
443
445
448
459
464
481
484
488
499
1
11
13
20
29
32
79
84
86
93
95
125
132
144
170
199
211
217
221
227
234
237
252
260
269
293
333
342
346
357
364
374
381
395
397
405
409
420
425
428
449
472
488
11
18
26
76
90
93
121
127
148
151
153
165
169
170
181
221
249
252
267
271
294
301
306
337
341
356
370
407
423
436
438
439
442
453
456
459
466
476
480
484
488
1
5
13
15
20
31
42
79
88
89
102
103
107
125
128
140
147
152
160
165
170
190
194
201
206
208
213
228
248
264
272
300
317
334
338
345
351
352
354
361
367
379
384
386
427
431
453
468
469
474
495
6
31
41
49
62
72
75
91
95
112
141
174
183
223
230
256
269
288
292
296
310
325
337
344
355
366
367
392
396
422
428
430
433
457
465
473
483
495
3
5
29
31
50
56
86
93
95
96
102
104
108
112
134
141
162
171
177
187
209
214
224
227
239
290
302
303
317
321
326
332
338
340
341
352
360
362
377
382
402
413
414
425
438
453
468
488
491
2
10
12
13
19
21
35
42
45
46
47
54
58
80
85
93
98
109
127
141
143
146
159
163
176
188
194
208
213
239
240
244
250
264
277
283
290
291
294
297
298
302
304
306
331
345
351
358
365
369
370
376
383
409
419
425
430
445
447
453
457
478
488
490
492
497
7
14
23
53
66
71
77
84
87
101
113
114
123
138
144
153
187
202
207
225
238
246
249
256
257
274
282
285
288
298
300
303
307
314
334
350
352
353
356
378
411
418
474
492
493
494
496
6
16
34
41
43
68
94
96
102
125
136
138
160
205
209
213
228
231
232
246
254
255
277
285
290
300
335
350
370
371
380
386
389
405
410
414
423
440
443
450
485
493
5
17
21
33
43
46
56
74
78
82
89
100
107
129
131
163
177
205
215
225
240
258
278
294
327
349
350
381
384
387
395
399
407
428
429
432
436
440
447
451
453
457
471
482
490
0
3
13
20
24
27
31
36
39
43
58
88
93
95
99
103
111
120
127
131
136
155
166
175
192
195
219
241
243
258
261
266
267
270
274
277
293
313
334
342
364
411
428
443
446
448
450
452
458
462
476
492
3
4
8
21
52
57
92
101
105
111
118
140
141
150
167
193
199
227
231
233
236
253
270
275
277
281
282
285
289
291
297
300
305
339
352
353
365
374
376
377
382
395
408
410
427
447
461
462
465
474
478
479
480
482
5
15
16
31
42
43
48
77
81
87
98
106
109
110
116
130
138
149
157
175
179
180
211
241
252
257
259
262
286
288
291
296
302
304
310
322
326
334
343
344
351
352
354
361
374
375
385
398
401
415
417
424
433
436
455
456
459
479
484
9
11
23
26
29
31
32
34
41
53
63
71
89
105
118
119
130
133
166
169
185
189
194
200
201
210
219
228
242
248
256
275
278
286
299
300
313
314
325
349
361
362
369
371
429
453
462
464
466
8
12
21
23
37
57
63
65
68
77
95
98
103
110
111
142
172
183
188
203
204
225
238
245
262
271
279
296
301
344
358
362
376
401
436
442
444
451
463
466
31
41
46
77
87
94
97
98
103
118
122
124
132
145
148
157
181
186
201
205
212
215
220
230
256
259
265
266
292
300
305
313
314
317
333
345
346
348
350
354
372
375
378
393
398
408
413
417
419
422
432
434
436
449
453
461
464
495
496
2
11
17
22
23
27
44
65
67
68
87
88
100
103
116
119
123
128
141
144
156
157
161
163
167
187
207
221
232
254
263
274
291
302
333
337
351
353
359
386
390
396
405
409
416
429
436
437
438
459
461
474
493
2
6
18
39
44
58
59
60
67
69
73
89
104
121
129
154
158
160
165
172
174
178
179
183
184
197
226
233
237
250
253
256
264
272
274
279
287
299
301
303
306
313
328
334
346
350
352
354
377
397
398
400
405
417
421
425
433
457
465
489
8
28
31
47
49
53
60
84
114
147
149
163
170
179
185
192
196
203
217
218
226
241
247
280
308
324
331
333
335
340
344
347
366
370
376
380
404
411
415
425
439
454
456
457
473
483
484
498
37
38
40
65
71
83
96
100
101
104
105
117
124
129
135
159
160
197
198
206
207
210
212
219
234
239
244
252
253
260
261
269
277
299
303
305
308
312
335
339
343
360
371
376
392
403
422
426
429
470
485
487
489
492
4
12
13
35
40
76
108
110
114
116
124
140
145
146
162
195
200
211
212
236
259
261
276
277
279
284
287
289
292
304
324
329
331
337
340
350
352
423
478
480
484
485
5
23
25
32
33
67
73
102
105
112
117
155
170
178
215
218
220
221
225
238
241
259
265
269
270
287
303
316
319
321
333
338
348
366
373
376
382
395
402
408
425
446
452
467
481
493
7
10
15
39
59
71
73
91
103
113
117
124
136
148
153
157
185
193
196
215
231
251
266
275
294
305
312
331
337
346
355
359
360
370
371
372
376
389
391
395
418
420
429
430
431
460
463
467
472
476
479
491
498
499
13
21
26
37
41
46
55
89
91
94
101
105
117
131
143
145
148
163
191
208
222
233
251
280
282
285
291
297
299
301
316
329
335
341
354
388
425
426
431
432
443
487
13
19
30
44
46
50
65
88
98
130
136
146
147
170
173
187
196
226
227
236
238
239
250
256
266
298
316
323
324
332
358
368
378
400
401
410
414
433
453
455
461
463
465
467
470
477
495
2
5
15
21
45
46
58
67
80
99
108
126
128
147
164
175
179
212
221
231
237
242
243
244
250
256
275
296
298
319
326
332
338
340
349
352
375
424
437
442
443
445
446
464
471
478
487
491
7
19
28
37
59
79
96
101
103
122
124
126
144
153
175
195
196
197
217
229
230
232
238
256
262
264
271
273
291
302
308
316
320
323
324
332
347
355
374
379
412
419
425
435
443
445
446
458
466
476
24
36
41
69
76
84
96
97
101
107
114
148
153
168
193
218
222
229
232
234
235
249
250
262
270
275
281
292
300
313
324
336
343
366
374
418
434
454
458
480
0
3
5
61
77
81
94
111
113
115
142
153
158
165
176
200
232
239
240
263
264
267
285
294
297
303
305
317
321
323
330
333
334
335
346
353
362
391
396
409
433
438
449
453
457
487
489
494
5
21
26
30
49
69
81
92
98
144
150
167
181
185
191
198
199
200
214
216
228
241
253
255
259
264
291
303
307
342
363
379
397
398
411
413
418
443
444
446
454
483
498
22
50
71
98
104
106
108
110
113
116
118
131
134
142
150
161
163
170
179
187
192
200
202
223
224
225
234
242
246
263
277
281
290
301
305
318
320
326
336
339
341
388
393
404
408
418
421
447
450
454
463
469
3
25
37
45
72
101
105
106
107
132
144
158
162
179
182
188
194
197
204
205
211
225
233
242
244
274
276
284
286
291
305
306
318
332
333
337
345
373
391
444
451
457
485
492
494
495
4
10
23
32
33
37
38
50
51
57
100
105
106
110
137
152
153
158
163
199
202
205
222
231
232
235
242
255
276
288
289
293
344
345
346
356
358
361
375
394
402
407
431
434
453
455
27
43
52
57
69
85
99
103
133
138
158
161
173
178
185
188
190
201
218
220
252
257
263
264
267
291
294
302
310
327
358
359
368
372
375
386
396
404
407
421
440
451
454
462
466
19
20
21
47
63
71
73
84
90
94
97
103
111
143
163
179
217
220
231
304
305
326
327
343
346
357
383
385
396
399
400
410
411
421
425
446
475
477
486
487
19
35
37
54
64
75
77
86
111
113
133
170
178
201
204
228
254
257
259
273
274
287
291
294
297
300
304
305
306
324
330
331
336
337
358
365
390
397
400
414
422
434
444
463
467
473
483
488
490
494
11
41
45
48
57
83
85
94
120
126
128
129
142
154
165
196
223
234
245
254
262
272
277
279
289
296
300
302
343
354
355
360
411
415
418
437
442
482
488
494
497
7
24
27
32
56
58
86
89
91
99
100
112
125
128
129
134
137
143
147
159
165
185
189
197
216
217
225
236
242
243
251
260
291
292
297
298
314
317
321
339
344
351
360
368
374
385
386
389
397
408
480
484
490
7
24
26
31
32
36
60
68
72
76
82
85
115
148
150
159
182
188
197
220
245
247
255
261
265
268
284
292
296
299
322
337
346
350
357
362
378
383
386
389
397
400
408
414
417
457
493
495
3
4
33
41
48
58
63
67
74
85
88
111
112
123
127
139
145
154
157
159
168
169
179
185
190
197
209
213
230
241
249
255
259
260
291
303
314
318
325
334
346
349
355
357
358
360
382
386
392
398
404
427
434
454
489
496
34
43
47
57
67
69
76
85
121
123
152
161
176
180
182
192
197
207
249
267
270
284
309
317
336
346
353
359
360
367
382
387
388
390
405
420
446
448
467
469
485
486
0
13
64
73
76
81
89
95
106
144
155
164
171
186
191
200
203
206
223
239
277
279
294
298
320
323
337
343
347
359
360
368
373
375
387
391
394
420
432
437
439
441
483
1
10
23
27
29
33
40
50
73
80
83
89
97
106
107
130
168
177
179
186
202
206
207
208
222
237
241
243
248
264
265
281
288
292
321
338
339
344
374
378
382
386
391
406
409
410
414
416
419
422
437
445
457
460
466
472
478
481
484
486
489
491
498
4
11
13
19
21
37
38
50
57
60
63
104
118
131
141
149
167
180
181
186
189
190
213
227
245
260
288
305
312
337
376
407
408
413
419
421
424
426
431
439
445
461
492
497
2
12
36
44
49
79
82
86
105
112
114
119
126
130
134
138
148
165
167
175
179
195
224
229
231
235
245
248
258
260
267
277
284
287
340
348
398
401
407
409
441
458
459
476
480
485
14
19
21
26
55
67
77
83
95
98
121
123
143
152
157
198
204
211
225
235
236
237
240
241
267
269
274
289
290
293
305
322
330
337
339
344
351
352
362
369
393
412
415
428
443
444
451
463
465
472
473
480
481
482
487
3
14
30
41
52
74
82
89
93
104
112
116
124
127
128
132
148
156
177
179
193
210
215
217
224
237
250
257
268
274
295
303
325
326
327
329
372
412
432
443
450
453
456
459
475
476
477
484
485
494
497
498
4
9
16
18
42
43
47
76
83
98
102
104
139
149
162
175
178
202
212
213
234
269
274
276
290
299
303
304
314
330
331
341
344
351
359
363
365
375
378
380
385
388
392
395
415
419
425
429
433
446
450
459
463
470
487
9
10
16
22
28
31
53
61
67
73
104
136
152
159
160
177
217
227
262
264
268
269
274
279
320
322
329
342
361
389
390
391
416
417
438
449
455
460
463
464
465
466
471
481
485
2
16
37
61
86
96
103
111
114
118
120
124
127
134
135
143
169
176
177
189
202
207
211
217
220
239
249
266
270
294
314
369
400
402
410
412
429
431
432
437
447
474
476
493
19
21
23
30
49
63
89
92
105
112
126
132
135
138
147
163
166
189
191
194
205
216
246
249
251
265
266
271
279
285
296
315
327
331
351
354
355
359
364
376
382
385
397
406
418
419
427
431
433
437
441
447
453
459
465
483
0
4
9
20
49
50
57
59
67
69
84
86
93
94
103
108
113
120
137
139
171
191
197
233
237
239
246
259
262
270
271
278
286
287
309
318
322
333
346
347
354
357
358
385
394
403
427
461
472
473
496
18
27
34
52
74
82
90
97
128
138
144
152
154
171
181
183
185
213
219
231
257
291
297
319
325
337
351
352
366
372
376
400
406
414
444
461
468
483
492
14
37
48
57
70
72
73
80
90
92
98
117
128
131
164
175
183
196
200
203
205
206
214
217
236
264
265
267
268
295
296
309
311
315
319
326
329
330
335
343
357
359
366
374
375
395
404
407
408
411
412
429
433
435
439
468
477
478
480
46
47
49
52
84
87
89
93
99
108
110
112
113
118
119
125
136
138
155
160
165
167
174
193
211
237
240
248
269
274
296
312
322
331
363
367
400
406
415
424
426
428
435
439
445
447
457
478
484
498
499
1
21
28
30
35
54
72
78
79
87
93
94
102
103
136
168
177
211
215
233
235
242
248
251
278
285
300
301
303
304
314
315
316
329
334
343
348
370
373
379
382
386
391
409
410
413
424
427
445
472
488
499
0
10
16
18
20
27
41
46
49
58
60
63
64
65
84
87
88
90
114
155
156
165
173
174
176
181
214
225
236
242
244
251
253
254
257
272
277
278
287
294
298
304
317
319
321
365
372
373
379
382
390
410
429
443
444
446
454
467
471
482
494
6
11
17
19
25
31
55
56
57
64
79
86
90
94
95
105
110
121
125
141
156
167
178
181
189
191
195
199
212
214
223
225
250
269
284
335
358
363
382
389
390
397
402
404
406
422
432
441
462
463
472
475
498
6
18
27
29
33
36
38
42
48
55
62
69
85
97
106
121
130
131
134
146
147
148
154
155
162
166
169
170
171
175
177
195
200
203
205
206
245
265
266
272
279
283
291
298
302
315
341
347
357
379
386
394
410
414
459
482
485
8
31
51
54
57
77
83
85
94
124
128
144
161
170
192
194
202
209
211
212
228
254
255
277
278
293
296
311
312
317
325
331
334
340
358
393
397
402
450
470
480
493
9
23
24
27
29
31
35
51
52
55
89
97
100
104
115
131
141
144
153
165
171
182
183
189
197
212
226
241
245
254
258
262
289
292
299
301
307
310
322
327
334
347
359
367
387
407
421
423
424
425
429
433
435
439
440
461
462
463
464
466
467
478
480
2
4
6
23
53
74
89
96
110
127
133
138
145
179
188
194
196
198
203
208
218
222
239
256
262
267
275
277
278
280
286
292
325
360
376
384
397
409
419
452
457
461
479
489
10
19
51
56
58
70
72
93
106
113
120
122
130
133
141
146
162
165
177
187
203
209
221
229
234
240
244
246
250
256
261
276
306
311
314
325
331
345
352
353
357
367
386
412
419
420
421
442
444
460
488
0
3
6
30
37
43
58
64
67
96
120
137
145
151
164
177
184
192
197
199
202
225
247
249
258
270
273
276
291
296
304
314
318
325
331
339
351
359
373
386
394
396
397
401
402
411
420
425
426
430
431
438
445
447
449
454
458
486
487
489
497
499
5
12
13
15
24
29
57
58
71
98
120
131
133
135
140
149
156
173
181
195
197
205
208
215
217
218
224
237
241
278
281
282
303
304
316
334
346
381
383
385
388
403
408
410
432
442
445
454
481
495
2
16
33
38
43
67
77
83
91
92
102
124
133
143
150
156
161
167
177
191
221
222
228
231
237
285
296
307
314
318
333
336
339
348
358
361
366
371
377
387
403
404
415
423
434
441
442
457
486
487
11
17
18
27
35
38
65
76
79
80
98
107
115
116
119
167
185
188
192
200
203
213
223
232
238
245
248
253
254
258
262
266
273
277
291
301
313
331
332
343
349
352
359
362
391
417
428
452
466
481
19
25
45
56
64
71
77
80
86
97
99
110
132
153
156
169
176
199
226
230
231
249
260
269
277
281
282
289
297
300
304
308
310
319
349
366
369
400
404
405
410
418
426
435
464
473
498
9
10
15
16
31
51
59
66
70
73
89
91
92
116
135
140
141
148
155
176
180
188
191
197
213
222
224
225
247
251
254
256
260
280
284
301
306
307
329
344
352
360
366
377
378
404
419
425
427
440
450
458
464
473
479
491
19
21
44
53
64
65
68
79
87
130
136
143
149
153
163
174
179
186
187
198
199
214
222
226
227
240
252
258
268
271
299
300
314
316
320
329
331
332
333
334
343
359
362
364
370
377
383
415
447
451
460
467
474
481
482
487
17
19
24
25
29
46
77
81
109
120
123
134
138
156
161
181
200
210
224
250
259
261
277
280
282
287
295
302
332
349
364
372
375
379
387
389
402
411
417
421
432
441
450
478
480
490
492
3
10
20
46
50
61
62
67
69
85
89
90
99
101
112
124
131
134
137
143
145
149
162
165
170
176
178
187
190
197
200
212
214
219
245
247
256
261
273
285
309
312
324
349
359
369
411
416
436
471
489
498
11
30
52
57
71
79
80
82
102
106
113
123
126
131
140
141
142
147
150
159
200
202
206
207
223
236
237
243
247
248
268
285
293
297
300
304
334
367
385
388
389
391
404
415
426
430
447
451
452
465
482
487
488
19
65
72
83
88
90
97
107
109
124
133
141
153
162
171
174
178
187
191
193
197
198
202
214
235
244
254
265
271
287
289
313
329
340
348
352
357
387
391
404
406
407
408
418
424
446
475
483
491
499
0
28
38
40
52
54
58
63
80
101
116
118
121
130
132
133
141
158
159
160
162
168
179
186
189
204
212
218
231
239
249
273
279
294
296
297
304
306
336
346
355
365
373
385
394
410
417
434
475
478
496
6
10
43
58
68
74
75
77
89
102
103
110
112
114
117
118
136
137
148
149
151
155
203
220
229
241
267
270
283
292
313
324
338
376
389
396
402
416
417
433
447
448
450
455
465
481
11
29
34
41
42
46
47
50
54
71
75
81
130
142
146
156
162
163
177
180
186
192
203
247
259
276
282
283
311
329
345
346
362
383
404
423
428
431
438
441
442
446
454
468
469
474
487
495
496
6
9
20
22
87
95
103
105
109
113
146
160
178
190
208
217
219
220
231
243
254
265
266
274
276
287
301
309
314
315
327
360
372
385
394
401
413
417
424
427
434
438
442
445
447
453
464
465
469
477
479
486
487
489
494
15
50
77
87
91
94
101
109
124
135
162
176
189
230
231
252
254
262
270
272
279
289
292
303
310
319
327
330
334
337
338
340
355
359
376
386
402
404
407
414
420
427
432
438
487
496
497
9
13
35
39
40
46
51
62
70
98
107
122
126
127
144
153
157
159
162
167
172
196
229
260
264
282
283
289
295
298
303
308
309
312
314
317
321
333
340
344
359
374
391
401
406
446
450
457
459
465
469
485
487
488
499
5
9
18
23
40
66
67
69
73
84
93
95
104
115
119
122
132
136
139
142
148
157
176
210
228
232
240
247
260
265
272
278
285
298
299
302
304
308
333
338
358
362
388
392
412
413
424
435
464
476
477
480
485
499
11
18
49
54
79
104
108
112
127
134
137
138
147
151
159
204
207
232
265
270
303
306
314
319
327
339
352
376
408
409
436
438
440
441
442
466
478
484
486
496
498
0
1
23
27
29
36
42
43
49
58
59
63
75
82
88
94
103
119
128
133
142
144
146
198
219
233
247
251
253
256
269
271
272
277
279
281
291
296
308
309
334
336
337
340
350
354
356
362
382
394
397
405
409
414
426
436
455
457
458
461
477
490
0
4
8
19
21
31
41
56
73
80
96
97
111
118
119
139
144
147
149
189
230
242
260
261
300
303
306
322
335
360
366
384
386
389
391
400
409
450
464
470
481
8
9
63
64
77
83
98
113
138
140
141
145
149
159
174
197
207
224
238
249
259
270
279
286
294
297
300
306
307
310
338
340
350
364
393
406
414
422
426
434
455
470
487
493
497
6
19
39
51
52
53
57
60
63
85
86
103
115
141
142
143
165
174
199
203
216
220
222
233
241
247
258
307
316
328
342
349
351
365
367
385
395
439
451
457
474
493
11
27
72
75
83
111
120
130
135
154
166
177
186
195
206
215
216
237
240
242
248
253
264
271
275
286
291
298
316
326
328
330
359
365
381
396
446
450
454
464
476
477
484
492
8
20
25
35
48
65
71
76
85
95
103
107
109
118
124
156
159
180
187
194
241
243
250
268
280
308
313
315
325
329
330
334
353
362
364
370
375
380
381
390
397
413
416
431
435
441
454
455
457
465
466
469
490
495
497
40
54
62
125
138
140
154
178
180
209
212
232
234
236
265
274
276
279
291
294
302
307
311
322
327
335
343
345
372
383
390
392
417
421
431
438
452
459
467
492
6
15
60
66
80
102
120
129
142
143
161
178
196
197
212
216
218
226
250
251
270
287
294
331
347
371
373
376
401
422
429
457
469
481
483
485
486
488
19
21
24
25
46
65
76
85
86
107
117
125
154
164
165
170
184
200
207
211
216
226
248
265
266
267
295
308
313
314
319
334
360
373
385
399
408
412
445
450
468
487
490
3
9
22
36
41
44
49
52
72
90
101
137
149
171
174
177
181
212
217
223
250
283
290
291
297
305
308
319
320
323
327
328
332
333
336
345
346
349
363
376
381
383
400
449
471
485
488
23
31
43
47
49
61
64
78
105
109
132
173
175
178
185
193
206
218
220
226
252
269
273
279
283
286
293
301
312
315
326
327
336
338
340
347
379
380
385
386
394
397
422
459
460
481
486
492
493
3
4
7
66
69
72
92
95
127
131
133
137
145
188
195
197
198
201
213
219
239
240
255
263
280
282
307
336
342
351
360
364
366
400
406
408
410
421
429
433
448
464
480
489
2
5
23
24
59
61
101
105
109
115
118
121
137
153
171
173
185
197
213
225
233
236
253
268
275
288
322
323
328
330
335
336
337
356
361
375
383
386
402
405
414
422
446
450
451
454
455
458
460
462
465
467
0
14
18
23
28
29
30
32
33
34
37
38
56
61
62
69
74
101
114
121
125
137
173
177
212
214
219
221
230
243
249
250
262
273
280
302
303
318
321
325
333
349
353
354
369
374
388
389
393
416
425
440
443
460
495
496
499
2
18
20
29
40
50
56
69
92
116
117
120
121
138
146
147
152
160
170
173
175
177
179
191
205
208
219
239
245
266
272
288
290
293
308
313
315
316
330
337
339
347
348
382
400
429
431
432
436
442
456
472
475
492
495
498
16
31
51
56
91
120
142
148
153
158
200
202
217
232
237
243
248
252
266
271
273
279
301
350
352
356
360
366
370
378
397
411
421
431
432
440
444
449
460
461
4
10
19
33
48
53
56
68
87
88
96
100
103
117
126
139
148
153
174
181
198
199
219
224
236
245
254
256
266
271
274
280
288
295
310
340
368
369
372
385
408
409
415
434
461
470
479
484
493
495
16
22
23
51
61
62
70
81
88
90
96
105
126
132
136
137
149
162
193
202
209
215
232
253
261
263
266
272
292
303
319
325
355
359
384
385
387
394
396
428
432
457
458
471
473
490
3
7
16
27
30
46
55
57
60
97
98
104
107
113
114
115
120
122
123
132
141
147
156
162
177
183
184
224
234
240
241
250
256
264
267
271
287
299
325
337
348
378
386
395
401
424
439
452
453
460
461
481
1
27
30
33
68
102
106
134
135
138
141
145
156
171
172
173
180
181
194
203
206
208
234
251
256
272
290
291
292
295
296
302
319
320
326
338
344
396
397
430
438
454
456
460
473
478
479
484
496
6
7
8
24
29
40
41
48
53
74
79
80
82
84
93
105
132
151
167
180
195
205
209
215
231
234
253
266
271
289
304
306
333
343
357
368
380
409
422
425
434
439
445
461
478
486
489
9
11
24
34
50
55
64
74
75
78
79
92
96
109
117
132
137
139
144
145
148
163
168
170
175
180
212
218
221
226
232
256
257
258
261
280
283
288
318
320
332
338
342
345
352
367
374
385
386
391
411
414
421
423
432
437
445
450
455
467
479
2
13
23
38
55
57
67
86
98
112
120
126
131
171
193
198
211
239
245
269
271
295
296
303
312
335
347
357
375
392
400
403
406
413
430
442
444
445
467
472
477
480
482
485
491
4
6
13
58
75
83
99
108
129
148
151
155
165
180
186
187
194
220
228
236
240
244
251
261
273
276
288
289
338
340
346
355
362
364
371
372
375
418
421
427
445
452
453
459
460
471
479
497
13
47
77
84
91
112
133
135
145
152
156
180
193
254
261
269
274
284
291
295
298
305
306
309
311
317
336
337
350
362
367
380
390
394
403
404
407
425
437
440
441
453
455
469
474
479
484
485
489
491
6
23
45
47
58
75
76
82
90
101
112
114
150
160
173
174
181
184
185
191
199
205
208
221
227
248
255
266
272
276
284
296
303
333
344
348
361
373
386
394
397
406
420
422
424
449
453
467
484
495
496
22
24
44
46
52
81
90
104
135
148
153
163
166
174
195
226
228
232
238
244
245
247
273
288
289
328
329
335
337
343
355
382
389
425
5
19
37
77
84
100
115
124
127
131
134
139
147
171
172
180
198
209
216
220
235
236
249
259
260
264
267
292
295
300
318
324
339
347
354
365
380
381
384
399
401
407
431
452
453
455
460
473
491
16
27
35
44
56
68
71
74
81
102
106
107
117
132
144
148
154
156
158
164
171
175
189
192
193
195
204
205
210
237
240
253
284
298
320
321
337
345
350
361
362
366
373
388
401
407
411
415
420
444
454
462
474
499
0
20
21
25
49
54
66
73
75
76
86
90
100
107
118
121
124
150
156
165
167
183
186
187
188
191
203
206
210
228
230
246
254
260
274
283
284
290
306
316
334
336
339
350
355
362
373
376
381
388
404
407
429
436
462
463
487
488
494
21
37
38
66
72
79
80
94
104
109
135
144
148
159
174
177
189
206
212
219
232
235
238
289
304
316
318
348
358
362
379
380
387
388
389
393
399
411
417
429
433
438
460
488
495
497
498
4
5
14
22
31
50
52
66
75
76
86
98
110
132
133
144
153
158
161
170
180
183
191
202
218
223
228
230
233
284
296
299
301
309
311
314
338
345
358
361
370
373
374
382
386
397
416
417
432
452
459
460
468
473
483
488
0
9
27
29
34
36
39
65
79
82
110
120
126
143
181
184
189
205
223
250
260
275
278
284
313
335
349
353
358
373
375
379
389
393
404
408
409
419
430
454
458
459
468
473
480
484
489
493
497
5
15
17
21
26
57
62
76
81
86
108
109
123
135
143
150
155
159
161
168
215
219
223
226
229
247
253
255
259
269
291
311
334
345
355
357
388
418
444
457
466
467
468
470
475
476
2
6
8
31
38
64
71
85
88
107
114
115
126
153
187
223
238
247
261
267
270
271
285
295
299
316
319
331
339
340
358
361
368
380
421
437
442
444
447
452
463
473
487
491
495
14
27
38
40
87
95
106
112
115
120
123
127
128
133
159
163
178
179
183
196
204
208
210
221
224
227
233
234
236
241
244
248
251
253
268
269
273
295
314
322
326
339
349
356
357
367
387
394
425
438
453
483
492
495
10
15
19
23
27
33
37
61
65
67
82
83
91
104
112
120
126
134
139
143
161
172
193
194
199
202
212
228
241
274
275
300
305
312
337
346
360
382
400
412
427
428
434
448
467
1
30
39
45
48
70
76
85
99
101
104
112
138
146
147
152
163
169
209
215
225
237
242
278
283
292
296
303
320
327
339
353
354
381
402
431
441
443
463
465
488
499
2
6
21
23
29
31
48
49
60
66
73
92
120
124
149
152
157
173
185
189
191
229
235
243
245
248
250
259
262
279
287
293
296
300
345
347
367
370
375
384
386
394
399
409
410
412
415
423
435
440
444
460
471
488
494
16
20
23
32
49
50
74
75
100
101
103
124
127
139
148
171
173
176
185
192
202
215
239
247
255
257
267
277
282
317
318
320
326
365
370
376
404
409
419
425
431
453
459
461
463
472
489
25
32
35
39
44
46
53
62
75
103
113
128
130
150
153
173
176
177
183
184
202
203
204
212
213
221
222
242
262
268
277
280
284
296
345
358
372
394
399
400
413
414
439
454
457
477
6
17
38
39
68
74
84
109
111
115
130
133
150
154
167
176
180
209
245
255
259
265
285
292
294
300
301
330
342
358
370
385
393
399
423
424
446
451
469
496
8
14
42
58
70
76
84
92
93
96
100
112
137
143
151
155
169
171
177
210
217
245
247
258
295
297
310
315
347
349
350
369
376
398
399
406
416
418
421
426
447
449
454
456
465
480
499
0
1
35
39
44
76
102
104
105
143
159
165
180
183
211
219
228
239
246
260
266
275
286
296
303
306
328
339
342
344
351
354
371
384
385
389
400
402
410
417
437
446
461
476
482
492
10
38
39
96
105
110
111
128
130
137
150
167
184
185
194
209
258
262
267
286
293
296
310
322
344
353
381
391
394
403
436
437
443
451
455
456
462
464
475
488
5
13
16
23
37
38
42
54
85
91
111
118
130
146
162
168
184
190
198
219
224
244
252
275
287
294
295
314
333
349
355
377
410
413
424
440
442
450
451
452
457
477
479
481
483
489
492
13
14
34
62
72
73
83
84
117
138
142
155
174
175
180
183
188
189
190
191
208
210
226
227
234
237
242
253
265
277
280
293
324
329
333
338
356
358
359
373
378
411
414
422
439
445
457
465
479
494
496
18
45
62
69
70
71
81
90
91
99
100
104
105
117
122
164
165
187
198
201
203
205
208
212
214
225
237
245
249
263
264
296
300
301
304
313
316
323
326
342
343
347
370
373
374
392
400
402
403
404
415
419
432
467
478
483
492
493
4
6
7
17
21
32
55
63
72
86
96
134
150
171
174
179
180
182
187
200
218
239
260
276
282
286
294
299
303
306
312
316
336
347
366
370
387
389
400
401
402
421
433
438
444
472
475
476
482
484
492
499
2
3
24
28
31
48
64
72
80
85
91
97
100
101
103
104
111
113
114
116
118
133
136
142
151
168
172
173
180
187
190
196
199
212
218
226
233
263
293
323
330
357
362
364
377
380
385
389
392
399
415
422
426
432
443
470
0
22
24
27
42
46
65
79
83
85
102
116
141
148
152
177
187
189
194
197
238
278
303
311
317
325
327
334
342
344
352
368
370
373
385
399
406
411
412
428
445
455
456
473
477
498
0
1
21
30
39
43
50
90
99
133
134
158
187
213
219
222
225
237
249
253
269
284
296
310
315
319
332
357
358
381
418
422
426
433
442
455
461
464
467
469
476
491
492
1
19
29
36
40
55
68
72
76
80
88
99
104
114
133
143
155
171
177
180
181
207
212
215
229
232
237
238
246
250
252
255
259
270
275
276
281
285
290
302
325
336
382
384
396
407
419
449
466
469
474
1
11
56
60
70
75
89
92
122
148
188
192
196
197
201
214
237
242
258
271
279
281
288
289
302
307
324
333
354
358
376
384
391
403
409
412
414
418
425
455
471
475
477
482
494
496
5
7
43
48
52
71
76
80
86
92
97
109
127
133
155
159
166
167
173
187
192
200
203
251
286
315
329
337
346
349
351
357
359
366
371
406
439
461
470
482
487
491
494
29
33
42
49
73
89
97
99
121
128
136
142
145
161
163
177
192
201
205
213
220
223
234
236
243
256
260
265
287
290
295
298
331
336
340
344
345
368
377
391
397
421
433
452
453
480
490
498
2
9
13
24
30
45
49
65
70
74
75
77
87
88
105
110
117
121
131
140
142
145
157
159
175
191
195
201
212
222
280
282
307
312
313
317
338
347
348
354
364
370
373
382
393
399
403
409
424
426
469
479
487
492
2
3
14
50
61
74
91
93
107
108
123
133
144
151
165
169
178
182
184
195
216
217
218
222
248
271
309
330
332
338
339
341
348
357
423
442
459
464
469
473
478
12
14
24
31
34
39
40
55
70
73
85
124
127
136
138
146
166
170
187
194
222
227
231
245
278
282
330
339
343
357
360
370
377
379
400
401
407
417
425
463
492
493
2
5
31
41
97
106
112
113
128
133
151
157
168
181
186
188
198
205
211
217
228
231
232
238
239
240
244
246
253
254
256
274
275
279
287
290
326
341
342
347
354
357
358
369
385
387
388
414
441
454
460
466
480
481
483
496
4
6
13
14
28
36
45
47
56
67
70
72
83
102
110
111
136
138
139
183
190
199
215
218
223
237
239
251
254
261
265
278
279
281
290
298
309
328
329
334
356
392
393
432
468
474
481
499
1
5
16
39
41
63
78
80
84
86
98
99
105
155
160
163
164
166
167
180
184
188
204
210
214
220
222
236
262
264
271
286
294
310
390
391
404
412
429
436
442
450
452
465
473
475
490
491
493
496
0
13
16
26
35
63
71
72
95
98
102
109
124
173
183
188
192
194
195
212
213
240
251
256
260
272
280
287
302
308
312
340
347
351
356
373
388
396
402
406
410
415
428
461
469
483
487
2
7
11
20
35
43
59
69
76
87
91
112
134
137
139
144
153
174
210
229
240
248
265
276
285
290
307
320
323
330
334
356
360
367
405
418
427
442
449
460
462
479
488
489
492
493
8
13
18
22
31
37
42
51
54
62
70
82
88
109
120
124
127
150
161
165
171
173
176
191
196
200
205
236
238
245
266
277
281
302
303
309
316
317
318
321
344
346
347
350
359
372
373
375
382
391
403
407
410
422
423
436
438
451
452
453
460
463
465
466
486
494
499
9
15
33
38
54
62
65
68
70
81
94
101
120
122
140
145
156
160
165
169
173
212
215
257
265
278
283
297
316
330
340
352
367
377
401
403
424
428
430
436
442
446
448
449
453
481
484
487
498
5
9
13
27
39
44
63
72
82
83
86
87
88
95
96
100
112
116
131
137
138
151
156
171
182
191
193
201
205
216
226
231
262
265
267
272
278
303
310
317
326
330
334
347
351
359
371
382
394
395
400
415
421
433
443
446
454
470
474
478
490
498
5
11
12
23
26
34
49
58
65
69
92
103
105
109
129
133
139
172
181
186
187
222
226
227
235
236
237
241
244
267
272
290
297
328
335
349
353
364
393
400
406
410
412
421
431
433
444
468
480
481
483
2
6
19
38
52
66
67
76
84
94
124
142
165
173
210
220
221
229
248
253
254
262
267
293
302
310
312
321
325
337
339
342
344
348
354
355
359
366
385
386
387
394
418
433
456
458
473
479
10
30
44
71
75
88
106
114
124
150
161
179
180
196
199
208
215
221
240
244
249
252
262
268
284
289
300
308
316
328
342
354
362
366
376
379
381
396
404
407
417
429
441
442
446
459
493
2
9
13
16
19
20
22
42
57
58
66
68
70
99
104
116
117
121
130
131
139
162
165
172
180
217
227
230
232
233
248
257
300
302
313
315
321
338
374
378
396
408
415
441
451
476
21
24
25
28
46
72
85
89
91
96
99
105
113
121
127
129
131
144
146
149
176
184
186
195
202
205
212
220
238
267
270
285
291
296
322
329
357
359
377
379
380
392
399
411
414
438
441
443
454
482
483
495
2
3
5
6
7
11
18
26
38
42
53
61
97
98
104
114
115
119
136
148
152
167
184
193
195
201
202
235
238
253
258
261
271
276
309
314
315
318
323
324
330
335
336
351
361
366
384
392
394
398
401
414
432
441
448
453
457
462
464
470
478
485
488
6
7
23
40
41
75
76
87
93
94
105
108
114
116
164
202
219
249
266
300
302
314
315
339
350
352
371
372
391
401
423
431
437
450
477
488
30
74
85
91
97
104
109
112
113
117
164
179
186
206
220
228
230
231
234
238
244
261
268
270
283
299
307
316
318
329
332
343
363
375
383
389
410
414
425
428
438
439
445
457
460
466
468
477
491
494
1
3
31
32
34
39
40
60
76
80
84
95
119
131
153
154
156
163
166
168
172
173
175
185
195
211
212
243
252
262
267
282
285
297
302
305
314
320
346
354
360
398
399
448
455
460
474
477
483
489
6
13
16
21
25
31
34
41
44
50
52
63
77
78
83
85
91
119
147
164
184
220
226
232
245
266
281
333
348
352
366
390
391
392
396
423
473
476
478
483
485
496
9
14
17
18
20
34
43
62
80
88
104
112
132
142
154
188
206
217
221
227
232
239
240
249
250
253
267
274
281
294
302
313
316
318
335
339
342
343
346
365
387
410
411
412
413
429
476
478
482
497
14
15
20
21
24
32
38
44
47
52
56
57
61
72
86
90
93
111
131
169
170
182
186
190
194
195
197
198
251
254
258
291
313
319
320
327
329
334
343
344
348
367
369
395
399
402
404
424
430
461
473
475
478
479
481
485
499
10
12
21
35
42
53
60
69
108
117
127
132
141
150
151
155
197
205
206
224
232
242
248
253
257
267
284
294
295
316
320
336
337
363
377
395
406
410
411
412
422
446
449
454
470
488
13
16
24
28
44
65
71
75
77
106
109
111
112
115
126
128
139
143
172
177
187
189
190
199
212
215
217
230
245
246
247
252
275
278
290
291
302
312
321
333
334
337
338
347
348
349
352
354
357
377
391
392
396
400
401
407
414
427
456
465
469
488
14
34
35
49
53
56
59
62
72
78
84
103
108
131
137
161
172
182
193
240
242
244
252
268
271
274
278
290
301
307
312
337
340
344
351
353
393
396
397
405
409
427
437
450
452
479
4
11
14
19
37
51
56
64
69
71
73
104
121
128
140
169
172
204
208
235
246
248
254
256
275
278
310
329
330
349
355
359
360
366
375
377
381
382
393
405
419
427
431
448
476
479
488
3
21
55
61
63
67
70
80
103
105
110
114
119
126
129
142
146
151
161
176
198
202
204
223
225
241
246
248
256
257
268
269
277
298
301
309
312
318
326
332
334
335
354
357
369
381
385
395
398
412
416
417
425
428
450
451
456
472
474
481
486
488
490
4
5
30
37
56
70
77
106
117
127
152
155
182
199
201
204
205
211
221
224
235
244
268
280
286
296
300
309
316
344
347
354
390
404
407
415
416
424
438
448
464
466
470
493
2
17
21
44
54
68
69
77
100
102
110
115
154
155
168
203
214
215
221
225
237
238
262
276
278
281
289
299
301
315
322
332
337
341
358
362
368
373
386
398
404
407
410
413
416
419
424
430
444
447
458
475
485
490
496
18
27
29
35
57
64
74
102
103
107
125
133
150
152
154
157
161
165
169
170
173
177
178
182
186
193
198
199
208
209
216
246
255
268
280
294
295
302
323
331
340
342
344
346
373
385
390
393
400
416
427
428
433
447
448
450
456
460
470
498
1
5
6
7
49
57
72
91
108
120
129
142
146
155
172
209
217
228
233
235
239
274
277
279
289
293
312
315
318
328
341
343
360
375
377
381
387
412
425
427
462
472
0
2
5
9
21
67
71
96
110
129
187
190
194
213
217
218
233
254
271
273
274
276
290
311
316
331
335
346
365
391
394
419
430
435
440
447
453
485
486
494
497
0
6
18
26
37
47
50
55
81
88
91
105
111
125
149
150
153
160
168
184
186
190
198
234
236
239
240
244
246
247
259
265
275
279
280
282
298
300
304
309
312
313
323
325
333
334
338
342
350
367
372
374
383
422
423
438
466
478
492
0
3
37
46
52
53
56
70
74
77
81
83
86
88
96
129
131
137
152
173
177
180
182
186
203
207
226
229
232
238
245
251
260
265
269
277
289
313
331
353
362
374
378
404
421
428
435
470
478
479
494
10
14
30
35
39
52
74
84
93
121
130
136
142
150
154
156
162
167
168
178
187
190
199
200
207
218
228
233
236
251
259
265
271
282
284
286
308
311
312
336
338
350
353
371
374
376
399
409
414
415
426
434
460
474
476
487
489
493
495
1
20
29
32
37
49
50
51
56
59
64
66
71
82
86
91
101
102
108
114
125
128
138
145
150
169
182
200
213
229
232
247
254
263
271
307
315
321
330
336
342
352
364
376
377
385
388
399
418
419
420
429
449
459
470
488
2
23
24
28
33
39
40
51
65
73
77
94
125
132
137
184
197
207
214
218
219
231
241
246
249
250
256
259
270
284
298
301
378
383
384
412
421
427
444
466
474
488
489
4
9
12
29
31
41
53
67
69
76
104
109
115
118
126
172
174
196
199
211
213
232
234
241
243
246
253
257
312
317
321
341
360
361
366
378
380
386
408
409
414
428
430
438
446
449
457
470
474
486
4
12
47
53
55
61
64
95
99
122
129
131
152
158
162
163
166
198
226
239
241
249
252
256
271
276
279
294
315
322
339
363
371
375
377
384
395
397
399
425
445
447
468
476
481
497
16
17
25
26
54
65
69
75
92
103
113
116
131
141
144
166
172
191
192
196
202
214
223
227
239
243
251
265
290
294
303
309
321
324
333
339
348
350
363
379
405
408
413
414
415
439
443
458
469
471
473
477
481
483
486
498
1
5
18
23
34
42
44
52
56
60
64
66
72
74
78
79
82
83
94
98
105
111
119
125
138
168
171
177
181
205
223
232
237
260
265
269
273
281
285
289
290
294
324
327
340
349
356
357
369
384
391
392
394
397
410
414
420
428
434
442
450
470
475
489
6
10
15
35
40
73
81
88
90
97
108
113
115
142
143
163
194
219
249
250
258
271
280
282
302
313
322
324
328
331
348
350
353
359
385
387
393
394
395
399
401
410
429
440
447
450
451
466
472
474
478
480
7
9
12
13
19
35
36
47
57
58
61
87
88
94
124
125
139
177
183
189
197
212
216
221
230
236
247
259
275
281
308
328
330
357
363
371
380
386
393
399
400
402
406
408
418
425
447
448
449
485
495
0
27
35
68
72
80
105
108
116
119
128
135
142
148
149
153
158
160
165
180
187
192
196
206
224
246
250
274
281
285
297
301
316
348
361
373
377
378
380
385
406
425
445
452
461
477
4
20
31
33
34
35
40
65
78
87
89
98
111
128
139
144
162
173
182
185
195
219
221
223
229
258
286
295
300
307
309
321
333
337
338
360
384
393
409
417
418
419
443
457
488
493
496
1
4
8
13
27
79
82
96
100
111
136
138
139
142
146
158
183
202
208
228
231
245
247
253
267
272
278
281
290
299
301
308
313
329
333
361
365
369
370
379
396
398
406
408
448
451
463
470
29
31
40
57
58
66
87
112
123
126
128
135
146
151
168
182
184
187
189
200
201
209
211
217
228
230
247
257
280
281
284
286
307
313
314
326
345
357
362
367
375
378
386
389
414
419
423
427
440
445
477
484
497
0
1
5
25
47
66
80
111
114
117
121
123
150
151
152
164
169
172
179
180
198
205
226
232
249
263
267
276
283
303
306
322
325
326
329
331
333
341
354
364
376
378
386
389
409
415
416
436
441
486
499
0
16
19
32
55
60
72
91
131
142
154
160
163
172
218
226
229
232
237
240
248
255
257
263
264
286
298
311
316
365
375
377
387
393
395
397
401
433
462
476
478
491
499
18
23
32
39
44
53
59
67
71
73
79
83
86
92
133
134
152
168
174
184
218
221
235
239
244
262
269
272
273
281
287
309
316
332
360
365
384
401
406
410
425
426
434
439
457
482
483
15
17
33
41
43
49
71
73
81
85
87
91
92
96
100
119
121
136
143
144
157
167
170
172
176
186
198
208
216
227
256
281
298
319
328
332
337
338
339
344
376
381
391
396
397
403
406
410
424
440
461
467
475
21
25
30
34
41
52
56
69
73
74
89
104
119
131
144
152
156
160
175
180
206
212
215
218
226
233
238
239
251
286
292
358
362
367
384
403
427
429
434
440
442
468
471
483
493
1
9
18
22
24
32
42
53
54
57
61
65
71
74
82
92
94
116
127
129
184
213
222
223
245
298
300
323
336
377
382
384
388
390
402
405
407
410
413
426
432
443
452
454
455
456
458
466
471
472
483
484
491
494
9
11
15
23
25
32
54
61
66
71
79
81
110
119
120
136
139
147
151
155
158
185
221
232
237
239
252
263
282
295
302
314
325
331
374
377
383
393
416
424
443
446
459
482
488
499
7
14
22
41
49
57
64
73
76
81
83
84
92
95
125
129
130
137
161
170
178
180
191
201
203
217
220
230
266
275
288
292
310
332
344
346
354
357
371
372
375
426
447
465
472
480
490
494
2
38
47
62
72
88
99
126
138
142
152
157
164
218
231
237
246
260
287
291
304
306
319
337
350
362
364
369
376
377
387
390
393
407
422
431
436
452
488
0
1
5
11
35
38
47
49
54
60
62
77
95
105
108
111
130
140
142
150
164
180
206
212
228
263
278
285
295
303
306
308
318
320
330
334
338
346
368
383
387
390
392
398
411
412
413
421
422
437
461
462
467
479
0
6
9
25
28
72
77
79
83
87
101
116
120
131
135
140
142
158
159
162
167
171
173
181
199
202
207
209
211
215
229
255
277
282
283
286
287
290
314
324
332
354
371
372
380
395
402
404
410
414
415
418
426
444
479
480
487
491
1
4
19
27
39
52
54
62
81
84
86
89
92
109
110
121
124
132
140
154
164
167
182
209
210
214
220
226
228
231
260
269
276
291
296
299
301
311
315
323
327
330
331
336
347
348
350
363
369
380
400
401
404
406
408
411
417
434
448
463
467
477
5
8
11
24
28
31
53
54
63
81
99
108
122
128
137
157
168
174
180
186
190
201
208
223
224
230
240
241
245
249
257
262
290
292
310
315
331
334
339
350
351
361
363
370
379
389
400
406
409
415
429
434
451
460
469
473
488
492
11
18
29
33
40
46
54
72
76
94
95
101
111
114
141
153
154
172
177
178
181
182
185
187
190
192
193
207
218
223
245
258
262
267
270
280
281
288
300
301
306
314
339
345
370
374
383
389
391
400
403
417
418
431
438
451
456
467
494
5
34
52
68
80
97
109
113
114
116
132
139
146
163
175
210
227
252
280
320
324
330
331
335
341
345
396
405
415
432
449
450
458
498
2
10
11
24
28
31
37
50
59
62
64
67
68
69
84
106
120
121
136
142
162
170
185
187
222
252
258
259
262
295
323
329
332
340
350
363
378
392
395
397
423
430
452
454
459
471
474
487
495
4
15
19
20
28
32
47
50
73
81
86
135
146
147
149
158
178
191
196
225
226
234
249
252
259
260
281
285
290
297
300
304
317
347
362
366
371
384
388
398
409
418
437
440
442
443
449
451
459
470
479
485
487
2
10
14
15
19
23
56
62
74
79
102
109
127
133
149
167
168
173
178
180
189
209
213
232
236
249
253
257
261
263
265
267
290
298
299
309
317
325
334
340
345
347
352
358
359
373
376
379
387
388
391
393
402
408
439
456
460
461
462
471
487
0
9
11
25
29
34
36
40
51
73
88
92
93
94
102
117
132
141
147
154
171
189
204
207
214
218
219
222
241
301
316
331
342
346
357
368
374
385
397
404
412
419
423
445
452
453
456
482
489
493
494
4
10
14
21
45
48
56
65
71
85
108
126
130
142
148
155
165
166
170
183
184
209
213
234
241
250
285
288
307
309
321
329
336
351
389
393
400
412
423
431
434
445
470
480
487
490
497
15
24
35
38
41
50
51
57
59
92
115
118
119
122
125
132
136
153
154
167
173
176
180
191
194
200
206
213
228
229
240
255
269
275
279
280
286
303
322
324
335
336
349
351
354
358
359
371
374
378
383
408
410
417
447
453
459
474
494
9
14
15
16
36
40
48
53
59
66
87
99
101
104
114
125
137
145
158
177
195
213
217
264
284
289
293
333
335
339
350
355
364
366
380
389
404
424
428
429
451
459
460
466
476
487
491
492
496
15
18
22
35
44
48
54
57
59
72
91
105
109
110
112
117
123
129
190
262
267
282
287
295
298
316
339
344
346
347
349
381
421
433
435
453
467
481
484
488
7
19
28
43
46
60
63
71
91
99
103
120
138
145
147
162
184
189
194
197
214
218
242
260
275
280
285
288
289
315
319
372
383
386
409
411
415
421
434
439
459
466
496
5
6
14
22
25
29
37
40
44
46
55
71
117
118
136
138
173
183
184
189
192
195
207
213
214
219
227
231
237
244
246
254
267
273
279
285
287
304
320
356
382
399
405
414
447
462
474
7
11
21
23
29
56
57
78
107
109
113
127
138
144
167
181
183
187
192
223
232
237
257
279
293
294
297
316
328
332
350
361
366
367
408
410
414
417
422
430
432
450
452
453
479
480
485
492
3
4
17
23
25
29
38
48
51
58
67
102
108
113
135
150
157
169
195
204
209
212
227
254
255
257
260
266
295
318
329
355
366
397
398
404
411
414
415
420
421
423
425
432
435
449
450
474
15
33
63
64
70
74
77
103
113
115
120
123
130
132
148
150
170
204
206
234
236
239
242
248
268
301
303
305
306
329
330
335
353
361
369
393
402
417
423
1
38
45
59
68
90
101
102
114
146
150
160
161
163
165
173
182
191
195
198
202
207
220
224
229
232
241
249
254
259
263
267
269
273
275
281
283
290
295
311
314
315
319
323
343
346
366
367
370
375
382
400
411
421
424
429
430
437
440
447
449
450
452
453
480
4
14
17
21
22
28
36
45
52
59
60
66
72
81
94
104
122
150
160
166
181
187
192
209
211
226
247
254
263
275
282
284
287
293
303
309
316
328
361
372
381
399
403
416
419
425
429
443
453
460
476
6
18
31
39
51
54
56
65
70
73
80
81
90
123
132
139
140
149
158
173
178
182
198
214
220
243
244
261
274
283
285
308
325
329
334
335
337
343
344
353
356
357
364
374
376
429
434
444
452
455
456
465
468
470
488
494
496
1
11
13
22
32
36
40
51
58
67
70
77
80
88
90
91
93
111
115
128
133
150
156
173
179
187
192
193
194
197
199
219
220
240
247
251
252
260
261
264
277
281
285
298
302
319
322
333
334
336
339
350
363
372
382
393
405
415
418
429
448
454
464
480
481
492
4
9
13
19
26
45
58
68
93
108
131
135
143
145
162
175
179
187
193
195
198
203
210
212
217
232
259
271
285
291
308
327
335
345
352
411
417
447
489
1
5
18
46
61
74
87
99
110
127
129
130
132
133
134
146
157
173
190
193
199
242
249
256
260
270
271
281
282
289
317
357
364
370
384
401
402
411
461
466
476
480
484
489
